1407274800	181.0
1407274860	5.78
1407274921	1.71
1407274981	1.14
1407275042	0.00256
1407275102	0.000781
1407275163	0.000642
1407275223	0.000556
1407275284	0.00049
1407275344	0.000437
1407275404	0.000391
1407275465	0.00036
1407275525	0.000336
1407275586	0.000317
1407275646	0.000301
1407275707	0.000289
1407275767	0.000278
1407275828	0.000268
1407275888	0.00026
1407275949	0.000252
1407276009	0.000246
1407276070	0.00024
1407276130	0.000235
1407276191	0.00023
1407276251	0.000225
1407276312	0.000218
1407276372	0.000214
1407276433	0.000209
1407276493	0.000204
1407276554	0.000199
1407276614	0.000196
1407276675	0.000194
1407276735	0.000191
1407276796	0.000188
1407276856	0.000185
1407276916	0.000182
1407276977	0.000179
1407277037	0.000177
1407277098	0.000175
1407277158	0.000172
1407277219	0.00017
1407277279	0.000168
1407277340	0.000166
1407277400	0.000163
1407277461	0.000161
1407277521	0.000159
1407277582	0.000157
1407277642	0.000156
1407277702	0.000154
1407277763	0.000152
1407277823	0.000151
1407277884	0.000149
1407277944	0.000148
1407278005	0.000147
1407278065	0.000145
1407278126	0.000143
1407278186	0.000142
1407278247	0.000141
1407278307	0.000139
1407278368	0.000138
1407278428	0.000137
1407278489	0.000135
1407278549	0.000134
1407278609	0.000133
1407278670	0.000132
1407278730	0.000131
1407278791	0.00013
1407278851	0.000129
1407278912	0.000128
1407278972	0.000127
1407279033	0.000126
1407279093	0.000125
1407279154	0.000124
1407279214	0.000123
1407279275	0.000122
1407279335	0.000121
1407279396	0.00012
1407279456	0.000119
1407279517	0.000118
1407279577	0.000118
1407279637	0.000117
1407279698	0.000116
1407279758	0.000115
1407279819	0.000114
1407279879	0.000113
1407279940	0.000113
1407280000	0.000112
1407280061	0.000111
1407280121	0.000111
1407280182	0.00011
1407280242	0.000109
1407280303	0.000108
1407280363	0.000108
1407280424	0.000107
1407280484	0.000106
1407280545	0.000106
1407280605	0.000105
1407280665	0.000104
1407280726	0.000103
1407280786	0.000102
1407280847	0.000101
1407280907	0.000101
1407280968	0.0001
1407281028	9.96e-05
1407281089	9.91e-05
1407281149	9.86e-05
1407281210	9.81e-05
1407281270	9.76e-05
1407281331	9.71e-05
1407281391	9.66e-05
1407281452	9.61e-05
1407281512	9.56e-05
1407281573	9.51e-05
1407281633	9.47e-05
1407281694	9.42e-05
1407281754	9.38e-05
1407281815	9.33e-05
1407281875	9.29e-05
1407281936	9.24e-05
1407281996	9.2e-05
1407282056	9.16e-05
1407282117	9.11e-05
1407282177	9.07e-05
1407282238	9.03e-05
1407282298	8.99e-05
1407282359	8.95e-05
1407282419	8.91e-05
1407282480	8.87e-05
1407282540	8.83e-05
1407282601	8.79e-05
1407282661	8.75e-05
1407282722	8.71e-05
1407282782	8.68e-05
1407282843	8.64e-05
1407282903	8.6e-05
1407282964	8.56e-05
1407283024	8.53e-05
1407283085	8.49e-05
1407283145	8.45e-05
1407283206	8.42e-05
1407283266	8.38e-05
1407283327	8.35e-05
1407283387	8.31e-05
1407283448	8.28e-05
1407283508	8.25e-05
1407283569	8.21e-05
1407283629	8.18e-05
1407283690	8.15e-05
1407283750	8.11e-05
1407283810	8.08e-05
1407283871	8.05e-05
1407283931	8.02e-05
1407283992	7.99e-05
1407284052	7.96e-05
1407284113	7.93e-05
1407284173	7.9e-05
1407284234	7.87e-05
1407284294	7.83e-05
1407284355	7.8e-05
1407284415	7.78e-05
1407284476	7.75e-05
1407284536	7.72e-05
1407284597	7.69e-05
1407284657	7.66e-05
1407284718	7.63e-05
1407284778	7.6e-05
1407284839	7.57e-05
1407284899	7.55e-05
1407284960	7.52e-05
1407285020	7.49e-05
1407285080	7.46e-05
1407285141	7.43e-05
1407285201	7.41e-05
1407285262	7.38e-05
1407285322	7.35e-05
1407285383	7.33e-05
1407285443	7.3e-05
1407285504	7.28e-05
1407285564	7.25e-05
1407285625	7.22e-05
1407285685	7.2e-05
1407285746	7.18e-05
1407285806	7.15e-05
1407285867	7.13e-05
1407285927	7.1e-05
1407285988	7.08e-05
1407286048	7.05e-05
1407286109	7.03e-05
1407286169	7.01e-05
1407286230	6.98e-05
1407286290	6.96e-05
1407286351	6.94e-05
1407286411	6.92e-05
1407286472	6.89e-05
1407286532	6.87e-05
1407286593	6.85e-05
1407286653	6.82e-05
1407286714	6.8e-05
1407286774	6.78e-05
1407286835	6.76e-05
1407286895	6.73e-05
1407286956	6.71e-05
1407287016	6.69e-05
1407287077	6.67e-05
1407287137	6.65e-05
1407287197	6.63e-05
1407287258	6.6e-05
1407287318	6.58e-05
1407287379	6.56e-05
1407287439	6.54e-05
1407287500	6.51e-05
1407287560	6.49e-05
1407287621	6.47e-05
1407287681	6.45e-05
1407287742	6.44e-05
1407287802	6.41e-05
1407287862	6.39e-05
1407287923	6.38e-05
1407287983	6.36e-05
1407288044	6.34e-05
1407288104	6.32e-05
1407288165	6.3e-05
1407288225	6.28e-05
1407288286	6.26e-05
1407288346	6.25e-05
1407288407	6.23e-05
1407288467	6.21e-05
1407288528	6.19e-05
1407288588	6.17e-05
1407288649	6.15e-05
1407288709	6.14e-05
1407288770	6.12e-05
1407288830	6.1e-05
1407288891	6.08e-05
1407288951	6.06e-05
1407289012	6.05e-05
1407289072	6.03e-05
1407289132	6.01e-05
1407289193	5.99e-05
1407289254	5.98e-05
1407289314	5.96e-05
1407289375	5.94e-05
1407289435	5.93e-05
1407289495	5.91e-05
1407289556	5.89e-05
1407289616	5.88e-05
1407289677	5.86e-05
1407289737	5.84e-05
1407289798	5.82e-05
1407289858	5.8e-05
1407289919	5.79e-05
1407289979	5.77e-05
1407290040	5.76e-05
1407290100	5.74e-05
1407290161	5.72e-05
1407290221	5.71e-05
1407290282	5.7e-05
1407290342	5.68e-05
1407290403	5.66e-05
1407290463	5.65e-05
1407290523	5.64e-05
1407290584	5.62e-05
1407290644	5.61e-05
1407290705	5.59e-05
1407290765	5.58e-05
1407290826	5.56e-05
1407290886	5.55e-05
1407290947	5.53e-05
1407291007	5.52e-05
1407291068	5.51e-05
1407291128	5.49e-05
1407291189	5.48e-05
1407291249	5.46e-05
1407291309	5.45e-05
1407291370	5.44e-05
1407291430	5.42e-05
1407291491	5.41e-05
1407291551	5.4e-05
1407291612	5.38e-05
1407291672	5.37e-05
1407291733	5.36e-05
1407291793	5.34e-05
1407291854	5.33e-05
1407291914	5.32e-05
1407291974	5.3e-05
1407292035	5.29e-05
1407292095	5.28e-05
1407292156	5.26e-05
1407292216	5.25e-05
1407292277	5.24e-05
1407292337	5.23e-05
1407292398	5.22e-05
1407292458	5.2e-05
1407292519	5.19e-05
1407292579	5.18e-05
1407292640	5.16e-05
1407292700	5.15e-05
1407292761	5.14e-05
1407292821	5.13e-05
1407292882	5.12e-05
1407292942	5.13e-05
1407293003	5.09e-05
1407293063	5.08e-05
1407293124	5.07e-05
1407293184	5.06e-05
1407293245	5.05e-05
1407293305	5.04e-05
1407293365	5.02e-05
1407293426	5.01e-05
1407293486	5e-05
1407293547	4.99e-05
1407293607	4.98e-05
1407293668	4.97e-05
1407293728	4.96e-05
1407293789	4.95e-05
1407293849	4.93e-05
1407293910	4.92e-05
1407293970	4.91e-05
1407294031	4.9e-05
1407294091	4.89e-05
1407294152	4.88e-05
1407294212	4.87e-05
1407294273	4.86e-05
1407294333	4.85e-05
1407294393	4.84e-05
1407294454	4.83e-05
1407294514	4.82e-05
1407294575	4.81e-05
1407294635	4.8e-05
1407294696	4.79e-05
1407294756	4.78e-05
1407294817	4.75e-05
1407294877	4.74e-05
1407294937	4.73e-05
1407294998	4.72e-05
1407295058	4.71e-05
1407295119	4.7e-05
1407295180	4.69e-05
1407295240	4.68e-05
1407295300	4.67e-05
1407295361	4.66e-05
1407295421	4.65e-05
1407295482	4.64e-05
1407295542	4.63e-05
1407295603	4.62e-05
1407295663	4.61e-05
1407295724	4.6e-05
1407295784	4.59e-05
1407295845	4.58e-05
1407295905	4.57e-05
1407295966	4.56e-05
1407296026	4.55e-05
1407296087	4.54e-05
1407296147	4.53e-05
1407296208	4.53e-05
1407296268	4.52e-05
1407296329	4.51e-05
1407296389	4.5e-05
1407296449	4.49e-05
1407296510	4.48e-05
1407296570	4.47e-05
1407296631	4.46e-05
1407296691	4.45e-05
1407296752	4.45e-05
1407296812	4.44e-05
1407296873	4.43e-05
1407296933	4.42e-05
1407296994	4.41e-05
1407297054	4.4e-05
1407297115	4.39e-05
1407297175	4.38e-05
1407297236	4.38e-05
1407297296	4.37e-05
1407297357	4.36e-05
1407297417	4.35e-05
1407297478	4.34e-05
1407297538	4.33e-05
1407297599	4.33e-05
1407297659	4.32e-05
1407297719	4.31e-05
1407297780	4.3e-05
1407297840	4.29e-05
1407297901	4.28e-05
1407297961	4.28e-05
1407298022	4.27e-05
1407298082	4.26e-05
1407298143	4.25e-05
1407298203	4.24e-05
1407298264	4.24e-05
1407298324	4.23e-05
1407298385	4.22e-05
1407298445	4.21e-05
1407298506	4.2e-05
1407298566	4.2e-05
1407298627	4.19e-05
1407298687	4.18e-05
1407298748	4.17e-05
1407298808	4.17e-05
1407298869	4.16e-05
1407298929	4.15e-05
1407298990	4.14e-05
1407299050	4.14e-05
1407299110	4.13e-05
1407299171	4.12e-05
1407299231	4.11e-05
1407299292	4.11e-05
1407299352	4.1e-05
1407299413	4.09e-05
1407299473	4.08e-05
1407299534	4.07e-05
1407299594	4.07e-05
1407299655	4.06e-05
1407299715	4.05e-05
1407299775	4.04e-05
1407299836	4.04e-05
1407299896	4.03e-05
1407299957	4.02e-05
1407300017	4.01e-05
1407300078	4.01e-05
1407300138	4e-05
1407300199	3.99e-05
1407300259	3.99e-05
1407300320	3.98e-05
1407300380	3.97e-05
1407300441	3.97e-05
1407300501	3.96e-05
1407300562	3.95e-05
1407300622	3.95e-05
1407300682	3.91e-05
1407300743	3.9e-05
1407300803	3.9e-05
1407300864	3.89e-05
1407300924	3.88e-05
1407300985	3.87e-05
1407301045	3.87e-05
1407301106	3.86e-05
1407301166	3.85e-05
1407301227	3.85e-05
1407301287	3.84e-05
1407301348	3.84e-05
1407301408	3.83e-05
1407301469	3.82e-05
1407301529	3.81e-05
1407301589	3.81e-05
1407301650	3.8e-05
1407301710	3.8e-05
1407301771	3.79e-05
1407301831	3.78e-05
1407301892	3.78e-05
1407301952	3.77e-05
1407302013	3.76e-05
1407302073	3.76e-05
1407302134	3.75e-05
1407302194	3.75e-05
1407302255	3.74e-05
1407302315	3.74e-05
1407302376	3.73e-05
1407302436	3.72e-05
1407302497	3.72e-05
1407302557	3.71e-05
1407302618	3.71e-05
1407302678	3.7e-05
1407302739	3.69e-05
1407302799	3.69e-05
1407302860	3.68e-05
1407302920	3.67e-05
1407302981	3.66e-05
1407303041	3.65e-05
1407303102	3.65e-05
1407303162	3.64e-05
1407303223	3.63e-05
1407303283	3.63e-05
1407303343	3.62e-05
1407303404	3.62e-05
1407303464	3.61e-05
1407303525	3.6e-05
1407303585	3.6e-05
1407303646	3.59e-05
1407303706	3.59e-05
1407303767	3.58e-05
1407303827	3.58e-05
1407303888	3.57e-05
1407303948	3.57e-05
1407304009	3.56e-05
1407304069	3.55e-05
1407304130	3.55e-05
1407304190	3.54e-05
1407304251	3.54e-05
1407304311	3.53e-05
1407304372	3.53e-05
1407304432	3.52e-05
1407304493	3.52e-05
1407304553	3.51e-05
1407304614	3.51e-05
1407304674	3.5e-05
1407304734	3.5e-05
1407304795	3.49e-05
1407304855	3.48e-05
1407304916	3.48e-05
1407304976	3.47e-05
1407305037	3.47e-05
1407305097	3.46e-05
1407305158	3.46e-05
1407305218	3.45e-05
1407305279	3.45e-05
1407305339	3.44e-05
1407305399	3.44e-05
1407305460	3.43e-05
1407305520	3.43e-05
1407305581	3.42e-05
1407305641	3.42e-05
1407305702	3.41e-05
1407305762	3.41e-05
1407305823	3.4e-05
1407305883	3.4e-05
1407305944	3.39e-05
1407306004	3.39e-05
1407306065	3.38e-05
1407306125	3.38e-05
1407306186	3.37e-05
1407306246	3.37e-05
1407306307	3.36e-05
1407306367	3.36e-05
1407306428	3.35e-05
1407306488	3.35e-05
1407306549	3.34e-05
1407306609	3.34e-05
1407306669	3.33e-05
1407306730	3.33e-05
1407306790	3.32e-05
1407306851	3.32e-05
1407306911	3.31e-05
1407306972	3.31e-05
1407307032	3.3e-05
1407307093	3.3e-05
1407307153	3.29e-05
1407307214	3.29e-05
1407307274	3.28e-05
1407307335	3.28e-05
1407307395	3.27e-05
1407307455	3.27e-05
1407307516	3.25e-05
1407307576	3.24e-05
1407307637	3.24e-05
1407307697	3.23e-05
1407307758	3.23e-05
1407307818	3.22e-05
1407307879	3.22e-05
1407307939	3.21e-05
1407308000	3.21e-05
1407308060	3.2e-05
1407308121	3.2e-05
1407308181	3.2e-05
1407308242	3.19e-05
1407308302	3.19e-05
1407308363	3.18e-05
1407308423	3.18e-05
1407308484	3.17e-05
1407308544	3.17e-05
1407308605	3.16e-05
1407308665	3.16e-05
1407308725	3.15e-05
1407308786	3.15e-05
1407308846	3.14e-05
1407308907	3.15e-05
1407308967	3.14e-05
1407309028	3.14e-05
1407309088	3.13e-05
1407309149	3.13e-05
1407309209	3.12e-05
1407309270	3.12e-05
1407309330	3.11e-05
1407309391	3.11e-05
1407309451	3.11e-05
1407309512	3.1e-05
1407309572	3.1e-05
1407309633	3.09e-05
1407309693	3.09e-05
1407309754	3.08e-05
1407309814	3.08e-05
1407309875	3.08e-05
1407309935	3.07e-05
1407309996	3.07e-05
1407310056	3.06e-05
1407310116	3.06e-05
1407310177	3.05e-05
1407310237	3.05e-05
1407310298	3.05e-05
1407310358	3.04e-05
1407310419	3.04e-05
1407310479	3.03e-05
1407310540	3.03e-05
1407310600	3.03e-05
1407310661	3.02e-05
1407310721	3.02e-05
1407310782	3.01e-05
1407310842	3.01e-05
1407310903	3e-05
1407310963	3e-05
1407311023	3e-05
1407311084	2.99e-05
1407311144	2.99e-05
1407311205	2.99e-05
1407311266	2.98e-05
1407311326	2.98e-05
1407311386	2.97e-05
1407311447	2.97e-05
1407311507	2.97e-05
1407311568	2.96e-05
1407311628	2.96e-05
1407311689	2.95e-05
1407311749	2.95e-05
1407311810	2.95e-05
1407311870	2.94e-05
1407311931	2.94e-05
1407311991	2.94e-05
1407312052	2.93e-05
1407312112	2.93e-05
1407312173	2.92e-05
1407312233	2.92e-05
1407312294	2.92e-05
1407312354	2.91e-05
1407312415	2.91e-05
1407312475	2.91e-05
1407312535	2.9e-05
1407312596	2.9e-05
1407312656	2.9e-05
1407312717	2.89e-05
1407312777	2.89e-05
1407312838	2.88e-05
1407312898	2.88e-05
1407312959	2.88e-05
1407313019	2.87e-05
1407313080	2.87e-05
1407313140	2.87e-05
1407313200	2.86e-05
1407313261	2.86e-05
1407313321	2.86e-05
1407313382	2.85e-05
1407313442	2.85e-05
1407313503	2.85e-05
1407313563	2.84e-05
1407313624	2.84e-05
1407313684	2.84e-05
1407313745	2.83e-05
1407313805	2.83e-05
1407313866	2.83e-05
1407313926	2.82e-05
1407313987	2.82e-05
1407314047	2.81e-05
1407314108	2.81e-05
1407314168	2.81e-05
1407314228	2.81e-05
1407314289	2.8e-05
1407314349	2.8e-05
1407314410	2.79e-05
1407314470	2.79e-05
1407314531	2.79e-05
1407314591	2.78e-05
1407314652	2.78e-05
1407314712	2.78e-05
1407314773	2.77e-05
1407314833	2.77e-05
1407314894	2.77e-05
1407314954	2.76e-05
1407315015	2.76e-05
1407315075	2.76e-05
1407315136	2.76e-05
1407315196	2.75e-05
1407315257	2.75e-05
1407315317	2.75e-05
1407315378	2.74e-05
1407315438	2.74e-05
1407315499	2.74e-05
1407315559	2.73e-05
1407315619	2.73e-05
1407315680	2.73e-05
1407315741	2.72e-05
1407315801	2.72e-05
1407315862	2.72e-05
1407315922	2.72e-05
1407315983	2.71e-05
1407316043	2.71e-05
1407316104	2.71e-05
1407316164	2.7e-05
1407316225	2.7e-05
1407316285	2.7e-05
1407316345	2.69e-05
1407316406	2.69e-05
1407316466	2.69e-05
1407316527	2.68e-05
1407316587	2.68e-05
1407316648	2.68e-05
1407316708	2.67e-05
1407316769	2.67e-05
1407316829	2.67e-05
1407316890	2.67e-05
1407316950	2.66e-05
1407317011	2.66e-05
1407317071	2.66e-05
1407317132	2.65e-05
1407317192	2.65e-05
1407317252	2.65e-05
1407317313	2.65e-05
1407317373	2.64e-05
1407317434	2.64e-05
1407317494	2.64e-05
1407317555	2.63e-05
1407317615	2.63e-05
1407317676	2.63e-05
1407317736	2.62e-05
1407317797	2.62e-05
1407317857	2.62e-05
1407317917	2.62e-05
1407317978	2.61e-05
1407318038	2.61e-05
1407318099	2.61e-05
1407318159	2.61e-05
1407318220	2.6e-05
1407318280	2.6e-05
1407318341	2.6e-05
1407318401	2.59e-05
1407318462	2.59e-05
1407318522	2.59e-05
1407318583	2.59e-05
1407318643	2.58e-05
1407318704	2.58e-05
1407318764	2.58e-05
1407318825	2.57e-05
1407318885	2.57e-05
1407318945	2.57e-05
1407319006	2.57e-05
1407319066	2.56e-05
1407319127	2.56e-05
1407319187	2.56e-05
1407319248	2.56e-05
1407319308	2.55e-05
1407319369	2.55e-05
1407319429	2.55e-05
1407319490	2.54e-05
1407319550	2.54e-05
1407319610	2.54e-05
1407319671	2.54e-05
1407319731	2.53e-05
1407319792	2.53e-05
1407319852	2.53e-05
1407319913	2.53e-05
1407319973	2.52e-05
1407320034	2.52e-05
1407320094	2.52e-05
1407320155	2.52e-05
1407320215	2.51e-05
1407320276	2.45e-05
1407320336	2.45e-05
1407320397	2.45e-05
1407320457	2.45e-05
1407320518	2.45e-05
1407320578	2.45e-05
1407320639	2.44e-05
1407320699	2.44e-05
1407320760	2.44e-05
1407320820	2.44e-05
1407320881	2.43e-05
1407320941	2.43e-05
1407321002	2.43e-05
1407321062	2.43e-05
1407321123	2.42e-05
1407321183	2.42e-05
1407321244	2.42e-05
1407321304	2.42e-05
1407321365	2.41e-05
1407321425	2.41e-05
1407321485	2.41e-05
1407321546	2.41e-05
1407321606	2.41e-05
1407321667	2.4e-05
1407321727	2.4e-05
1407321788	2.4e-05
1407321848	2.37e-05
1407321909	2.36e-05
1407321970	2.36e-05
1407322030	2.36e-05
1407322090	2.34e-05
1407322151	2.35e-05
1407322211	2.35e-05
1407322272	2.34e-05
1407322332	2.34e-05
1407322393	2.34e-05
1407322453	2.34e-05
1407322514	2.33e-05
1407322574	2.33e-05
1407322635	2.33e-05
1407322695	2.33e-05
1407322756	2.33e-05
1407322816	2.32e-05
1407322877	2.32e-05
1407322937	2.32e-05
1407322998	2.32e-05
1407323058	2.31e-05
1407323118	2.31e-05
1407323179	2.31e-05
1407323239	2.31e-05
1407323300	2.31e-05
1407323360	2.3e-05
1407323421	2.3e-05
1407323481	2.3e-05
1407323542	2.3e-05
1407323602	2.31e-05
1407323663	2.31e-05
1407323723	2.31e-05
1407323784	2.3e-05
1407323844	2.3e-05
1407323905	2.3e-05
1407323965	2.3e-05
1407324026	2.29e-05
1407324086	2.29e-05
1407324147	2.29e-05
1407324207	2.29e-05
1407324268	2.29e-05
1407324328	2.28e-05
1407324389	2.28e-05
1407324449	2.28e-05
1407324510	2.28e-05
1407324570	2.28e-05
1407324631	2.27e-05
1407324691	2.27e-05
1407324752	2.27e-05
1407324812	2.27e-05
1407324873	2.27e-05
1407324933	2.26e-05
1407324994	2.26e-05
1407325054	2.26e-05
1407325115	2.26e-05
1407325175	2.26e-05
1407325236	2.25e-05
1407325296	2.25e-05
1407325357	2.25e-05
1407325417	2.25e-05
1407325478	2.25e-05
1407325538	2.24e-05
1407325599	2.24e-05
1407325659	2.24e-05
1407325720	2.24e-05
1407325780	2.24e-05
1407325841	2.23e-05
1407325901	2.23e-05
1407325962	2.23e-05
1407326022	2.23e-05
1407326083	2.23e-05
1407326143	2.23e-05
1407326203	2.24e-05
1407326264	2.22e-05
1407326324	2.22e-05
1407326385	2.22e-05
1407326445	2.22e-05
1407326506	2.21e-05
1407326566	2.21e-05
1407326627	2.21e-05
1407326687	2.21e-05
1407326748	2.21e-05
1407326808	0.000112
1407326869	0.000144
1407326929	0.000148
1407326990	0.000149
1407327050	0.00015
1407327111	0.00015
1407327171	0.00015
1407327232	0.000151
1407327292	0.000151
1407327353	0.000151
1407327413	0.000151
1407327473	0.000151
1407327534	0.000151
1407327595	0.000151
1407328538	0.0
1407328598	2.3e-05
1407328658	2.23e-05
1407328719	2.21e-05
1407328779	2.19e-05
1407328840	2.19e-05
1407328900	2.19e-05
1407328961	2.18e-05
1407329021	2.18e-05
1407329082	2.18e-05
1407329142	2.18e-05
1407329203	2.18e-05
1407329263	2.18e-05
1407329324	2.17e-05
1407329384	2.13e-05
1407329445	2.13e-05
1407329505	2.14e-05
1407329566	2.14e-05
1407329626	2.13e-05
1407329687	2.13e-05
1407329747	2.13e-05
1407329808	2.13e-05
1407329868	2.13e-05
1407329929	2.13e-05
1407329989	2.13e-05
1407330050	2.12e-05
1407330111	2.12e-05
1407330171	2.12e-05
1407330232	2.12e-05
1407330292	2.12e-05
1407330352	2.12e-05
1407330413	2.12e-05
1407330473	2.11e-05
1407330534	2.11e-05
1407330594	2.11e-05
1407330655	2.11e-05
1407330715	2.11e-05
1407330776	2.11e-05
1407330836	2.1e-05
1407330897	2.1e-05
1407330957	2.1e-05
1407331017	2.1e-05
1407331078	2.1e-05
1407331138	2.1e-05
1407331199	2.1e-05
1407331259	2.09e-05
1407331320	2.09e-05
1407331380	2.09e-05
1407331441	2.09e-05
1407331501	2.09e-05
1407331562	2.09e-05
1407331622	2.08e-05
1407331683	2.08e-05
1407331743	2.08e-05
1407331803	2.08e-05
1407331864	2.08e-05
1407331924	2.08e-05
1407331985	2.08e-05
1407332045	2.08e-05
1407332106	2.08e-05
1407332166	2.08e-05
1407332227	2.08e-05
1407332287	2.08e-05
1407332348	2.08e-05
1407332408	2.07e-05
1407332468	2.07e-05
1407332529	2.07e-05
1407332589	2.07e-05
1407332650	2.07e-05
1407332710	2.06e-05
1407332771	2.06e-05
1407332831	2.06e-05
1407332892	2.06e-05
1407332952	2.06e-05
1407333013	2.05e-05
1407333073	2.05e-05
1407333133	2.05e-05
1407333194	2.05e-05
1407333255	2.05e-05
1407333315	2.04e-05
1407333376	2.04e-05
1407333436	2.04e-05
1407333497	2.04e-05
1407333557	2.04e-05
1407333618	2.04e-05
1407333678	2.03e-05
1407333739	2.03e-05
1407333799	2.03e-05
1407333860	2.03e-05
1407333920	2.03e-05
1407333981	2.03e-05
1407334041	2.03e-05
1407334102	2.02e-05
1407334162	2.02e-05
1407334222	2.02e-05
1407334283	2.02e-05
1407334343	2.02e-05
1407334404	2.02e-05
1407334464	2.01e-05
1407334525	2.01e-05
1407334585	2.01e-05
1407334646	2.01e-05
1407334706	2.01e-05
1407334767	2.01e-05
1407334827	2.01e-05
1407334888	2e-05
1407334948	2e-05
1407335009	2e-05
1407335069	2e-05
1407335130	2e-05
1407335190	2e-05
1407335251	2e-05
1407335311	1.99e-05
1407335372	1.99e-05
1407335432	1.99e-05
1407335493	1.99e-05
1407335553	1.99e-05
1407335613	1.99e-05
1407335674	1.99e-05
1407335734	1.99e-05
1407335795	1.98e-05
1407335855	1.98e-05
1407335916	1.98e-05
1407335976	1.98e-05
1407336037	1.98e-05
1407336097	1.98e-05
1407336158	1.98e-05
1407336218	1.97e-05
1407336279	1.97e-05
1407336339	1.97e-05
1407336400	1.97e-05
1407336460	1.97e-05
1407336521	1.97e-05
1407336581	1.96e-05
1407336642	1.96e-05
1407336702	1.96e-05
1407336763	1.96e-05
1407336823	1.96e-05
1407336884	1.96e-05
1407336944	1.96e-05
1407337005	1.96e-05
1407337065	1.95e-05
1407337125	1.95e-05
1407337186	1.95e-05
1407337247	1.95e-05
1407337307	1.95e-05
1407337368	1.95e-05
1407337428	1.95e-05
1407337488	1.94e-05
1407337549	1.94e-05
1407337609	1.94e-05
1407337670	1.94e-05
1407337730	1.94e-05
1407337791	1.94e-05
1407337851	1.94e-05
1407337912	1.93e-05
1407337972	1.93e-05
1407338033	1.93e-05
1407338093	1.93e-05
1407338154	1.93e-05
1407338214	1.93e-05
1407338275	1.93e-05
1407338335	1.93e-05
1407338396	1.92e-05
1407338456	1.92e-05
1407338516	1.91e-05
1407338577	1.91e-05
1407338638	1.91e-05
1407338698	1.91e-05
1407338758	1.91e-05
1407338819	1.9e-05
1407338879	1.9e-05
1407338940	1.9e-05
1407339000	1.9e-05
1407339061	1.9e-05
1407339121	1.9e-05
1407339182	1.9e-05
1407339242	1.9e-05
1407339303	1.89e-05
1407339363	1.89e-05
1407339424	1.89e-05
1407339484	1.89e-05
1407339545	1.89e-05
1407339605	1.89e-05
1407339666	1.89e-05
1407339726	1.88e-05
1407339786	1.88e-05
1407339847	1.88e-05
1407339907	1.88e-05
1407339968	1.88e-05
1407340028	1.88e-05
1407340089	1.88e-05
1407340149	1.88e-05
1407340210	1.88e-05
1407340270	1.87e-05
1407340331	1.87e-05
1407340391	1.87e-05
1407340452	1.87e-05
1407340512	1.87e-05
1407340573	1.87e-05
1407340633	1.87e-05
1407340694	1.87e-05
1407340754	1.86e-05
1407340815	1.86e-05
1407340875	1.86e-05
1407340935	1.86e-05
1407340996	1.86e-05
1407341056	1.86e-05
1407341117	1.86e-05
1407341177	1.86e-05
1407341238	1.85e-05
1407341298	1.85e-05
1407341359	1.85e-05
1407341419	1.85e-05
1407341480	1.85e-05
1407341540	1.85e-05
1407341601	1.85e-05
1407341661	1.85e-05
1407341722	1.84e-05
1407341782	1.84e-05
1407341842	1.84e-05
1407341903	1.84e-05
1407341963	1.84e-05
1407342024	1.84e-05
1407342084	1.84e-05
1407342145	1.84e-05
1407342205	1.84e-05
1407342266	1.83e-05
1407342326	1.83e-05
1407342387	1.83e-05
1407342447	1.83e-05
1407342507	1.83e-05
1407342568	1.83e-05
1407342628	1.83e-05
1407342689	1.83e-05
1407342749	1.83e-05
1407342810	1.82e-05
1407342870	1.82e-05
1407342931	1.82e-05
1407342991	1.82e-05
1407343052	1.82e-05
1407343112	1.82e-05
1407343173	1.82e-05
1407343233	1.82e-05
1407343294	1.82e-05
1407343354	1.81e-05
1407343415	1.81e-05
1407343475	1.81e-05
1407343536	1.81e-05
1407343596	1.81e-05
1407343657	1.81e-05
1407343717	1.81e-05
1407343778	1.81e-05
1407343838	1.81e-05
1407343899	1.81e-05
1407343959	1.8e-05
1407344020	1.8e-05
1407344080	1.8e-05
1407344141	1.8e-05
1407344201	1.8e-05
1407344262	1.8e-05
1407344322	1.8e-05
1407344382	1.8e-05
1407344443	1.8e-05
1407344503	1.79e-05
1407344564	1.79e-05
1407344624	1.79e-05
1407344685	1.79e-05
1407344745	1.79e-05
1407344806	1.79e-05
1407344866	1.79e-05
1407344927	1.79e-05
1407344987	1.79e-05
1407345048	1.79e-05
1407345108	1.78e-05
1407345169	1.78e-05
1407345229	1.78e-05
1407345290	1.78e-05
1407345350	1.78e-05
1407345411	1.78e-05
1407345471	1.78e-05
1407345532	1.78e-05
1407345592	1.78e-05
1407345653	1.78e-05
1407345713	1.77e-05
1407345774	1.77e-05
1407345834	1.77e-05
1407345895	1.77e-05
1407345955	1.77e-05
1407346016	1.77e-05
1407346076	1.77e-05
1407346137	1.77e-05
1407346197	1.77e-05
1407346257	1.77e-05
1407346318	1.76e-05
1407346378	1.76e-05
1407346439	1.76e-05
1407346499	1.76e-05
1407346560	1.76e-05
1407346620	1.76e-05
1407346681	1.76e-05
1407346741	1.76e-05
1407346802	1.76e-05
1407346862	1.76e-05
1407346923	1.76e-05
1407346983	1.75e-05
1407347044	1.75e-05
1407347104	1.75e-05
1407347165	1.75e-05
1407347225	1.75e-05
1407347285	1.75e-05
1407347346	1.75e-05
1407347406	1.75e-05
1407347467	1.75e-05
1407347527	1.75e-05
1407347588	1.75e-05
1407347648	1.74e-05
1407347709	1.74e-05
1407347769	1.74e-05
1407347830	1.74e-05
1407347890	1.74e-05
1407347950	1.74e-05
1407348011	1.74e-05
1407348071	1.74e-05
1407348132	1.74e-05
1407348192	1.74e-05
1407348253	1.74e-05
1407348313	1.73e-05
1407348374	1.73e-05
1407348434	1.73e-05
1407348495	1.73e-05
1407348555	1.73e-05
1407348616	1.73e-05
1407348676	1.73e-05
1407348736	1.73e-05
1407348797	1.73e-05
1407348857	1.73e-05
1407348918	1.73e-05
1407348978	1.72e-05
1407349039	1.72e-05
1407349099	1.72e-05
1407349160	1.72e-05
1407349220	1.72e-05
1407349281	1.72e-05
1407349341	1.72e-05
1407349402	1.72e-05
1407349462	1.72e-05
1407349523	1.72e-05
1407349583	1.72e-05
1407349644	1.72e-05
1407349704	1.71e-05
1407349765	1.71e-05
1407349825	1.71e-05
1407349886	1.71e-05
1407349946	1.71e-05
1407350007	1.71e-05
1407350067	1.71e-05
1407350128	1.71e-05
1407350188	1.71e-05
1407350249	1.71e-05
1407350309	1.71e-05
1407350370	1.71e-05
1407350430	1.71e-05
1407350491	1.7e-05
1407350551	1.7e-05
1407350612	1.7e-05
1407350672	1.7e-05
1407350732	1.7e-05
1407350793	1.7e-05
1407350853	1.7e-05
1407350914	1.7e-05
1407350974	1.7e-05
1407351035	1.7e-05
1407351095	1.7e-05
1407351156	1.7e-05
1407351216	1.69e-05
1407351276	1.69e-05
1407351337	1.69e-05
1407351397	1.69e-05
1407351458	1.69e-05
1407351518	1.69e-05
1407351579	1.69e-05
1407351639	1.69e-05
1407351700	1.69e-05
1407351760	1.69e-05
1407351821	1.69e-05
1407351881	1.69e-05
1407351942	1.69e-05
1407352002	1.68e-05
1407352063	1.68e-05
1407352123	1.68e-05
1407352184	1.68e-05
1407352244	1.68e-05
1407352305	1.68e-05
1407352365	1.68e-05
1407352426	1.68e-05
1407352486	1.68e-05
1407352546	1.68e-05
1407352607	1.68e-05
1407352668	1.68e-05
1407352728	1.68e-05
1407352789	1.68e-05
1407352849	1.68e-05
1407352909	1.67e-05
1407352970	1.67e-05
1407353030	1.67e-05
1407353091	1.67e-05
1407353151	1.67e-05
1407353212	1.67e-05
1407353272	1.67e-05
1407353333	1.67e-05
1407353393	1.67e-05
1407353454	1.67e-05
1407353514	1.67e-05
1407353575	1.67e-05
1407353635	1.67e-05
1407353696	1.67e-05
1407353756	1.66e-05
1407353817	1.66e-05
1407353877	1.66e-05
1407353938	1.66e-05
1407353998	1.66e-05
1407354058	1.66e-05
1407354119	1.66e-05
1407354180	1.66e-05
1407354240	1.66e-05
1407354301	1.66e-05
1407354361	1.66e-05
1407354422	1.66e-05
1407354482	1.66e-05
1407354542	1.66e-05
1407354603	1.66e-05
1407354663	1.65e-05
1407354724	1.65e-05
1407354784	1.65e-05
1407354845	1.65e-05
1407354905	1.65e-05
1407354966	1.65e-05
1407355026	1.65e-05
1407355087	1.65e-05
1407355147	1.65e-05
1407355208	1.65e-05
1407355268	1.65e-05
1407355328	1.65e-05
1407355389	1.65e-05
1407355449	1.65e-05
1407355510	1.64e-05
1407355570	1.64e-05
1407355631	1.64e-05
1407355691	1.64e-05
1407355752	1.64e-05
1407355812	1.64e-05
1407355872	1.64e-05
1407355933	1.64e-05
1407355993	1.64e-05
1407356054	1.64e-05
1407356114	1.64e-05
1407356175	1.64e-05
1407356235	1.64e-05
1407356296	1.64e-05
1407356356	1.64e-05
1407356417	1.64e-05
1407356477	1.63e-05
1407356537	1.63e-05
1407356598	1.63e-05
1407356658	1.63e-05
1407356719	1.63e-05
1407356779	1.63e-05
1407356840	1.63e-05
1407356900	1.63e-05
1407356961	1.63e-05
1407357021	1.63e-05
1407357082	1.63e-05
1407357142	1.63e-05
1407357203	1.63e-05
1407357263	1.63e-05
1407357324	1.63e-05
1407357384	0.000105
1407357445	0.000118
1407357505	0.00012
1407357566	0.00012
1407357626	0.00012
1407357687	0.000121
1407357747	0.000121
1407357808	0.000121
1407357868	0.000121
1407357929	0.000121
1407357989	0.000121
1407358960	0.0
1407359021	1.72e-05
1407359081	1.67e-05
1407359142	1.65e-05
1407359202	1.72e-05
1407359263	1.63e-05
1407359323	1.64e-05
1407359384	1.64e-05
1407359444	1.64e-05
1407359504	1.64e-05
1407359565	1.64e-05
1407359625	1.64e-05
1407359686	1.64e-05
1407359746	1.64e-05
1407359807	1.64e-05
1407359867	1.64e-05
1407359928	1.64e-05
1407359988	1.64e-05
1407360049	1.64e-05
1407360109	1.63e-05
1407360170	1.63e-05
1407360230	1.63e-05
1407360291	1.63e-05
1407360351	1.63e-05
1407360412	1.63e-05
1407360472	1.63e-05
1407360533	1.63e-05
1407360593	1.63e-05
1407360654	1.63e-05
1407360714	1.63e-05
1407360774	1.63e-05
1407360835	1.62e-05
1407360895	1.62e-05
1407360956	1.62e-05
1407361016	1.62e-05
1407361077	1.62e-05
1407361137	1.62e-05
1407361198	1.62e-05
1407361258	1.62e-05
1407361319	1.62e-05
1407361379	1.62e-05
1407361440	1.61e-05
1407361500	1.61e-05
1407361561	1.61e-05
1407361621	1.61e-05
1407361682	1.61e-05
1407361742	1.61e-05
1407361803	1.61e-05
1407361863	1.61e-05
1407361924	1.61e-05
1407361984	1.61e-05
1407362045	1.61e-05
1407362105	1.61e-05
1407362166	1.6e-05
1407362226	1.6e-05
1407362287	1.6e-05
1407362347	1.6e-05
1407362407	1.4e-05
1407362468	1.35e-05
1407362528	1.36e-05
1407362589	1.37e-05
1407362649	1.36e-05
1407362710	1.36e-05
1407362770	1.36e-05
1407362831	1.36e-05
1407362891	1.36e-05
1407362952	1.36e-05
1407363012	1.36e-05
1407363073	1.36e-05
1407363133	1.36e-05
1407363194	1.36e-05
1407363254	1.36e-05
1407363315	1.36e-05
1407363375	1.36e-05
1407363435	1.36e-05
1407363496	1.35e-05
1407363556	1.35e-05
1407363617	1.35e-05
1407363677	1.35e-05
1407363738	1.35e-05
1407363798	1.35e-05
1407363859	1.35e-05
1407363919	1.35e-05
1407363980	1.35e-05
1407364040	1.34e-05
1407364101	1.34e-05
1407364161	1.34e-05
1407364222	1.34e-05
1407364282	1.34e-05
1407364342	1.34e-05
1407364403	1.34e-05
1407364463	1.34e-05
1407364524	1.34e-05
1407364584	1.34e-05
1407364645	1.33e-05
1407364705	1.33e-05
1407364766	1.33e-05
1407364826	1.33e-05
1407364887	1.33e-05
1407364947	1.33e-05
1407365007	1.33e-05
1407365068	1.33e-05
1407365128	1.33e-05
1407365189	1.33e-05
1407365249	1.33e-05
1407365310	1.33e-05
1407365370	1.31e-05
1407365431	1.31e-05
1407365491	1.31e-05
1407365552	1.31e-05
1407365612	1.3e-05
1407365673	1.31e-05
1407365733	1.31e-05
1407365794	1.31e-05
1407365854	1.31e-05
1407365915	1.31e-05
1407365975	1.31e-05
1407366036	1.31e-05
1407366096	1.31e-05
1407366157	1.31e-05
1407366217	1.31e-05
1407366278	1.31e-05
1407366338	1.3e-05
1407366399	1.3e-05
1407366459	1.31e-05
1407366519	1.3e-05
1407366580	1.3e-05
1407366640	1.3e-05
1407366701	1.3e-05
1407366761	1.3e-05
1407366822	1.3e-05
1407366882	1.3e-05
1407366943	1.3e-05
1407367003	1.3e-05
1407367064	1.3e-05
1407367124	1.3e-05
1407367185	1.3e-05
1407367245	1.3e-05
1407367306	1.3e-05
1407367366	1.3e-05
1407367427	1.29e-05
1407367487	1.29e-05
1407367548	1.29e-05
1407367608	1.29e-05
1407367668	1.29e-05
1407367729	1.29e-05
1407367789	1.29e-05
1407367850	1.29e-05
1407367910	1.29e-05
1407367971	1.29e-05
1407368031	1.29e-05
1407368092	1.29e-05
1407368152	1.28e-05
1407368213	1.28e-05
1407368273	1.28e-05
1407368334	1.28e-05
1407368394	1.28e-05
1407368455	1.28e-05
1407368515	1.28e-05
1407368576	1.28e-05
1407368636	1.28e-05
1407368697	1.28e-05
1407368757	1.28e-05
1407368818	1.28e-05
1407368878	1.28e-05
1407368938	1.28e-05
1407368999	1.28e-05
1407369059	1.28e-05
1407369120	1.27e-05
1407369180	1.27e-05
1407369241	1.27e-05
1407369301	1.27e-05
1407369362	1.27e-05
1407369422	1.27e-05
1407369483	1.27e-05
1407369543	1.27e-05
1407369604	1.27e-05
1407369664	1.27e-05
1407369725	1.27e-05
1407369785	1.27e-05
1407369846	1.27e-05
1407369906	1.27e-05
1407369966	1.27e-05
1407370027	1.27e-05
1407370087	1.26e-05
1407370148	1.26e-05
1407370208	1.26e-05
1407370269	1.26e-05
1407370329	1.26e-05
1407370390	1.26e-05
1407370450	1.26e-05
1407370511	1.26e-05
1407370571	1.26e-05
1407370632	1.26e-05
1407370692	1.26e-05
1407370753	1.26e-05
1407370813	1.26e-05
1407370874	1.26e-05
1407370934	1.26e-05
1407370994	1.26e-05
1407371055	1.25e-05
1407371115	1.25e-05
1407371176	1.25e-05
1407371236	1.25e-05
1407371297	1.25e-05
1407371357	1.25e-05
1407371418	1.25e-05
1407371478	1.25e-05
1407371539	1.25e-05
1407371599	1.25e-05
1407371660	1.25e-05
1407371720	1.25e-05
1407371781	1.25e-05
1407371841	1.25e-05
1407371902	1.25e-05
1407371962	1.25e-05
1407372022	1.24e-05
1407372083	1.24e-05
1407372143	1.24e-05
1407372204	1.24e-05
1407372264	1.24e-05
1407372325	1.24e-05
1407372385	1.24e-05
1407372446	1.24e-05
1407372506	1.24e-05
1407372567	1.24e-05
1407372627	1.24e-05
1407372687	1.24e-05
1407372748	1.24e-05
1407372808	1.24e-05
1407372869	1.24e-05
1407372929	1.24e-05
1407372990	1.23e-05
1407373050	1.23e-05
1407373111	1.23e-05
1407373171	1.23e-05
1407373232	1.23e-05
1407373292	1.23e-05
1407373353	1.23e-05
1407373413	1.23e-05
1407373474	1.23e-05
1407373534	1.23e-05
1407373594	1.23e-05
1407373655	1.23e-05
1407373715	1.23e-05
1407373776	1.23e-05
1407373836	1.23e-05
1407373897	1.23e-05
1407373957	1.22e-05
1407374018	1.22e-05
1407374078	1.22e-05
1407374139	1.22e-05
1407374199	1.22e-05
1407374260	1.22e-05
1407374320	1.22e-05
1407374381	1.22e-05
1407374441	1.22e-05
1407374502	1.22e-05
1407374562	1.22e-05
1407374623	1.22e-05
1407374683	1.22e-05
1407374744	1.22e-05
1407374804	1.22e-05
1407374865	1.22e-05
1407374925	1.21e-05
1407374986	1.21e-05
1407375046	1.21e-05
1407375107	1.21e-05
1407375167	1.21e-05
1407375228	1.21e-05
1407375288	1.21e-05
1407375349	1.21e-05
1407375409	1.21e-05
1407375470	1.21e-05
1407375530	1.21e-05
1407375591	1.21e-05
1407375651	1.21e-05
1407375711	1.21e-05
1407375772	1.21e-05
1407375832	1.21e-05
1407375893	1.2e-05
1407375953	1.2e-05
1407376014	1.2e-05
1407376074	1.2e-05
1407376135	1.2e-05
1407376195	1.2e-05
1407376256	1.2e-05
1407376316	1.2e-05
1407376377	1.2e-05
1407376437	1.2e-05
1407376498	1.2e-05
1407376558	1.2e-05
1407376619	1.2e-05
1407376679	1.19e-05
1407376740	1.19e-05
1407376800	1.19e-05
1407376861	1.19e-05
1407376921	1.19e-05
1407376982	1.19e-05
1407377042	1.19e-05
1407377103	1.19e-05
1407377163	1.19e-05
1407377224	1.19e-05
1407377284	1.19e-05
1407377344	1.19e-05
1407377405	1.19e-05
1407377465	1.19e-05
1407377526	1.19e-05
1407377586	1.19e-05
1407377647	1.19e-05
1407377707	1.18e-05
1407377768	1.18e-05
1407377828	1.18e-05
1407377889	1.18e-05
1407377949	1.18e-05
1407378010	1.18e-05
1407378070	1.18e-05
1407378131	1.18e-05
1407378191	1.18e-05
1407378252	1.18e-05
1407378312	1.18e-05
1407378373	1.18e-05
1407378433	1.18e-05
1407378493	1.18e-05
1407378554	1.18e-05
1407378614	1.18e-05
1407378675	1.17e-05
1407378735	1.17e-05
1407378796	1.17e-05
1407378856	1.17e-05
1407378917	1.17e-05
1407378977	1.17e-05
1407379038	1.17e-05
1407379098	1.17e-05
1407379159	1.17e-05
1407379219	1.17e-05
1407379280	1.17e-05
1407379340	1.17e-05
1407379400	1.17e-05
1407379461	1.17e-05
1407379521	1.17e-05
1407379582	1.17e-05
1407379642	1.16e-05
1407379703	1.16e-05
1407379763	1.16e-05
1407379824	1.16e-05
1407379884	1.16e-05
1407379945	1.16e-05
1407380005	1.16e-05
1407380066	1.16e-05
1407380126	1.16e-05
1407380186	1.16e-05
1407380247	1.16e-05
1407380307	1.16e-05
1407380368	1.16e-05
1407380428	1.16e-05
1407380489	1.16e-05
1407380549	1.16e-05
1407380610	1.15e-05
1407380670	1.15e-05
1407380731	1.15e-05
1407380791	1.15e-05
1407380851	1.15e-05
1407380912	1.15e-05
1407380972	1.15e-05
1407381033	1.15e-05
1407381093	1.15e-05
1407381154	1.15e-05
1407381214	1.15e-05
1407381275	1.65e-05
1407381335	1.2e-05
1407381396	1.2e-05
1407381456	1.2e-05
1407381517	1.2e-05
1407381577	1.2e-05
1407381638	1.19e-05
1407381698	1.19e-05
1407381758	1.19e-05
1407381819	1.19e-05
1407381879	1.13e-05
1407381940	1.13e-05
1407382000	1.13e-05
1407382061	1.13e-05
1407382121	1.13e-05
1407382182	1.13e-05
1407382242	1.13e-05
1407382303	1.12e-05
1407382363	1.12e-05
1407382424	1.12e-05
1407382484	1.12e-05
1407382544	1.12e-05
1407382605	1.12e-05
1407382665	1.12e-05
1407382726	1.12e-05
1407382786	1.12e-05
1407382847	1.12e-05
1407382907	1.12e-05
1407382968	1.12e-05
1407383028	1.12e-05
1407383089	1.12e-05
1407383149	1.12e-05
1407383209	1.12e-05
1407383270	1.12e-05
1407383330	1.12e-05
1407383391	1.11e-05
1407383451	1.11e-05
1407383512	1.11e-05
1407383572	1.11e-05
1407383633	1.11e-05
1407383693	1.11e-05
1407383754	1.11e-05
1407383814	1.11e-05
1407383875	1.11e-05
1407383935	1.11e-05
1407383996	1.11e-05
1407384056	1.11e-05
1407384117	1.11e-05
1407384177	1.11e-05
1407384238	1.1e-05
1407384298	1.1e-05
1407384358	1.1e-05
1407384419	1.1e-05
1407384479	1.1e-05
1407384540	1.1e-05
1407384600	1.1e-05
1407384661	1.1e-05
1407384721	1.1e-05
1407384782	1.1e-05
1407384842	1.1e-05
1407384903	1.1e-05
1407384963	1.1e-05
1407385024	1.1e-05
1407385084	1.1e-05
1407385145	1.1e-05
1407385205	1.09e-05
1407385266	1.09e-05
1407385326	1.09e-05
1407385387	1.09e-05
1407385447	1.09e-05
1407385508	1.09e-05
1407385568	1.09e-05
1407385629	1.09e-05
1407385689	1.09e-05
1407385749	1.09e-05
1407385810	1.12e-05
1407385870	1.04e-05
1407385931	1.04e-05
1407385991	1.03e-05
1407386052	1.03e-05
1407386112	1.03e-05
1407386173	1.03e-05
1407386233	1.03e-05
1407386294	1.03e-05
1407386354	1.03e-05
1407386415	1.03e-05
1407386475	1.03e-05
1407386536	1.03e-05
1407386596	1.03e-05
1407386656	1.03e-05
1407386717	1.03e-05
1407386777	1.03e-05
1407386838	1.03e-05
1407386898	1.03e-05
1407386959	1.03e-05
1407387019	1.03e-05
1407387080	1.03e-05
1407387140	1.03e-05
1407387201	1.03e-05
1407387261	1.03e-05
1407387322	1.02e-05
1407387382	1.02e-05
1407387443	1.02e-05
1407387503	1.02e-05
1407387563	1.02e-05
1407387624	1.02e-05
1407387684	1.02e-05
1407387745	1.02e-05
1407387805	1.02e-05
1407387866	1.02e-05
1407387926	1.02e-05
1407387987	1.02e-05
1407388047	1.02e-05
1407388108	1.02e-05
1407388168	1.02e-05
1407388229	1.02e-05
1407388289	1.02e-05
1407388350	1.02e-05
1407388410	1.02e-05
1407388471	1.01e-05
1407388531	1.01e-05
1407388592	1.01e-05
1407388652	1.01e-05
1407388712	1.01e-05
1407388773	1.01e-05
1407388833	1.01e-05
1407388894	1.01e-05
1407388954	1.01e-05
1407389015	1.01e-05
1407389075	1.01e-05
1407389136	1.01e-05
1407389196	1.01e-05
1407389257	1.01e-05
1407389317	1.01e-05
1407389377	1.1e-05
1407389438	1.14e-05
1407389498	1.14e-05
1407389559	1.14e-05
1407389619	1.14e-05
1407389680	1.14e-05
1407389740	1.14e-05
1407389801	1.14e-05
1407389861	1.14e-05
1407389922	1.14e-05
1407389982	1.13e-05
1407390042	1.13e-05
1407390103	1.13e-05
1407390163	1.13e-05
1407390224	1.13e-05
1407390284	1.13e-05
1407390345	1.13e-05
1407390405	1.13e-05
1407390466	1.13e-05
1407390526	1.13e-05
1407390587	1.13e-05
1407390647	1.13e-05
1407390708	1.13e-05
1407390768	1.13e-05
1407390829	1.13e-05
1407390889	1.13e-05
1407390949	1.13e-05
1407391010	1.13e-05
1407391070	1.13e-05
1407391131	1.13e-05
1407391191	1.13e-05
1407391252	1.13e-05
1407391312	1.13e-05
1407391373	1.13e-05
1407391433	1.12e-05
1407391494	1.12e-05
1407391554	1.12e-05
1407391615	1.12e-05
1407391675	1.12e-05
1407391736	1.12e-05
1407391796	1.12e-05
1407391856	1.12e-05
1407391917	1.12e-05
1407391977	1.12e-05
1407392038	1.12e-05
1407392098	1.12e-05
1407392159	1.12e-05
1407392219	1.12e-05
1407392280	1.12e-05
1407392340	1.12e-05
1407392401	1.12e-05
1407392461	1.12e-05
1407392522	1.12e-05
1407392582	1.12e-05
1407392642	1.12e-05
1407392703	1.12e-05
1407392763	1.12e-05
1407392824	1.12e-05
1407392884	1.12e-05
1407392945	1.12e-05
1407393005	1.12e-05
1407393066	1.12e-05
1407393126	1.11e-05
1407393187	1.11e-05
1407393247	1.11e-05
1407393307	1.11e-05
1407393368	1.11e-05
1407393428	1.11e-05
1407393489	1.11e-05
1407393549	1.11e-05
1407393610	1.11e-05
1407393670	1.11e-05
1407393731	1.11e-05
1407393791	1.11e-05
1407393852	1.11e-05
1407393912	1.11e-05
1407393973	1.11e-05
1407394033	1.11e-05
1407394094	1.11e-05
1407394154	1.11e-05
1407394215	1.1e-05
1407394275	1.1e-05
1407394336	1.1e-05
1407394396	1.1e-05
1407394456	1.1e-05
1407394517	1.1e-05
1407394577	1.1e-05
1407394638	1.1e-05
1407394698	1.1e-05
1407394759	1.1e-05
1407394819	1.1e-05
1407394880	1.1e-05
1407394940	1.1e-05
1407395001	1.1e-05
1407395061	1.1e-05
1407395122	1.1e-05
1407395182	1.1e-05
1407395243	1.1e-05
1407395303	1.09e-05
1407395364	1.09e-05
1407395424	1.09e-05
1407395485	1.09e-05
1407395545	1.09e-05
1407395606	1.09e-05
1407395666	1.09e-05
1407395726	1.09e-05
1407395787	1.09e-05
1407395847	1.09e-05
1407395908	1.09e-05
1407395968	1.09e-05
1407396029	1.09e-05
1407396089	1.09e-05
1407396150	1.09e-05
1407396210	1.09e-05
1407396271	1.09e-05
1407396331	1.09e-05
1407396392	1.09e-05
1407396452	1.09e-05
1407396513	1.09e-05
1407396573	1.09e-05
1407396634	1.09e-05
1407396694	1.09e-05
1407396755	1.08e-05
1407396815	1.08e-05
1407396876	1.08e-05
1407396936	1.08e-05
1407396996	1.08e-05
1407397057	1.08e-05
1407397118	1.08e-05
1407397178	1.08e-05
1407397239	1.08e-05
1407397299	1.08e-05
1407397360	1.08e-05
1407397420	1.08e-05
1407397481	1.08e-05
1407397541	1.08e-05
1407397602	1.08e-05
1407397662	1.08e-05
1407397722	1.08e-05
1407397783	1.08e-05
1407397843	1.08e-05
1407397904	1.08e-05
1407397964	1.08e-05
1407398025	1.08e-05
1407398085	1.07e-05
1407398146	1.07e-05
1407398206	1.07e-05
1407398267	1.07e-05
1407398327	1.07e-05
1407398388	1.07e-05
1407398448	1.07e-05
1407398509	1.07e-05
1407398569	1.07e-05
1407398630	1.07e-05
1407398690	1.07e-05
1407398750	1.07e-05
1407398811	1.07e-05
1407398871	1.07e-05
1407398932	1.07e-05
1407398992	1.07e-05
1407399053	1.07e-05
1407399113	1.07e-05
1407399174	1.06e-05
1407399234	1.06e-05
1407399295	1.06e-05
1407399355	1.06e-05
1407399416	1.06e-05
1407399476	1.06e-05
1407399537	1.06e-05
1407399597	1.06e-05
1407399657	1.06e-05
1407399718	1.06e-05
1407399778	1.06e-05
1407399839	1.06e-05
1407399899	1.06e-05
1407399960	1.06e-05
1407400020	1.05e-05
1407400081	1.05e-05
1407400142	1.06e-05
1407400202	1.05e-05
1407400263	1.05e-05
1407400323	1.05e-05
1407400384	1.05e-05
1407400444	1.05e-05
1407400505	1.05e-05
1407400565	1.05e-05
1407400626	1.05e-05
1407400686	1.05e-05
1407400747	1.05e-05
1407400807	1.05e-05
1407400868	1.05e-05
1407400928	1.05e-05
1407400989	1.05e-05
1407401049	1.05e-05
1407401110	1.05e-05
1407401170	1.05e-05
1407401231	1.05e-05
1407401291	1.05e-05
1407401352	1.04e-05
1407401412	1.04e-05
1407401473	1.04e-05
1407401533	1.04e-05
1407401594	1.04e-05
1407401654	1.04e-05
1407401714	1.04e-05
1407401775	1.04e-05
1407401835	1.04e-05
1407401896	1.04e-05
1407401956	1.04e-05
1407402017	1.04e-05
1407402077	1.04e-05
1407402138	1.04e-05
1407402198	1.03e-05
1407402258	1.03e-05
1407402319	1.03e-05
1407402379	1.03e-05
1407402440	1.03e-05
1407402500	1.03e-05
1407402561	1.03e-05
1407402621	1.03e-05
1407402682	1.03e-05
1407402742	1.03e-05
1407402803	1.03e-05
1407402863	1.03e-05
1407402923	1.03e-05
1407402984	1.03e-05
1407403044	1.03e-05
1407403105	1.03e-05
1407403165	1.03e-05
1407403226	1.03e-05
1407403286	1.03e-05
1407403347	1.03e-05
1407403407	1.03e-05
1407403468	1.02e-05
1407403528	1.02e-05
1407403589	1.02e-05
1407403649	1.02e-05
1407403710	1.02e-05
1407403770	1.02e-05
1407403831	1.02e-05
1407403891	1.02e-05
1407403952	1.02e-05
1407404012	1.02e-05
1407404073	1.02e-05
1407404133	1.02e-05
1407404194	1.02e-05
1407404254	1.02e-05
1407404315	1.02e-05
1407404375	1.02e-05
1407404436	1.02e-05
1407404496	1.02e-05
1407404557	1.02e-05
1407404617	1.02e-05
1407404678	1.02e-05
1407404738	1.02e-05
1407404799	1.01e-05
1407404859	1.01e-05
1407404920	1.01e-05
1407404980	1.01e-05
1407405041	1.01e-05
1407405101	1.01e-05
1407405162	1.01e-05
1407405222	1.01e-05
1407405283	1.01e-05
1407405343	1.01e-05
1407405404	1.01e-05
1407405464	1.01e-05
1407405525	1.01e-05
1407405585	1.01e-05
1407405646	1.01e-05
1407405706	1.01e-05
1407405767	1.01e-05
1407405827	1.01e-05
1407405888	1.01e-05
1407405948	1.01e-05
1407406009	1e-05
1407406069	1e-05
1407406130	1e-05
1407406190	1e-05
1407406251	1e-05
1407406311	1e-05
1407406372	1e-05
1407406432	1e-05
1407406493	1e-05
1407406553	1e-05
1407406614	1e-05
1407406674	1e-05
1407406734	1e-05
1407406795	1e-05
1407406855	9.99e-06
1407406916	9.99e-06
1407406976	9.98e-06
1407407037	9.98e-06
1407407097	9.98e-06
1407407158	9.97e-06
1407407218	9.97e-06
1407407279	9.96e-06
1407407339	9.96e-06
1407407400	9.96e-06
1407407460	9.95e-06
1407407521	9.94e-06
1407407581	9.94e-06
1407407642	9.94e-06
1407407702	9.93e-06
1407407762	9.93e-06
1407407823	9.92e-06
1407407883	9.92e-06
1407407944	9.92e-06
1407408004	9.91e-06
1407408065	9.91e-06
1407408125	9.9e-06
1407408186	9.9e-06
1407408246	9.89e-06
1407408307	9.89e-06
1407408367	9.89e-06
1407408428	9.88e-06
1407408488	9.88e-06
1407408549	9.87e-06
1407408609	9.87e-06
1407408670	9.87e-06
1407408730	9.86e-06
1407408791	9.86e-06
1407408851	9.86e-06
1407408912	9.85e-06
1407408972	9.84e-06
1407409032	9.84e-06
1407409093	9.84e-06
1407409153	9.83e-06
1407409214	9.83e-06
1407409274	9.82e-06
1407409335	9.82e-06
1407409395	9.82e-06
1407409456	9.81e-06
1407409516	9.81e-06
1407409577	9.8e-06
1407409637	9.8e-06
1407409698	9.79e-06
1407409758	9.79e-06
1407409819	9.78e-06
1407409879	9.78e-06
1407409940	9.78e-06
1407410000	9.77e-06
1407410061	9.77e-06
1407410121	9.77e-06
1407410182	9.76e-06
1407410242	9.76e-06
1407410303	9.75e-06
1407410363	9.75e-06
1407410424	9.75e-06
1407410484	9.74e-06
1407410545	9.74e-06
1407410605	9.73e-06
1407410666	9.73e-06
1407410726	9.72e-06
1407410787	9.72e-06
1407410847	9.72e-06
1407410908	9.72e-06
1407410968	9.71e-06
1407411029	9.71e-06
1407411089	9.7e-06
1407411150	9.69e-06
1407411210	9.69e-06
1407411270	9.69e-06
1407411331	9.69e-06
1407411391	9.68e-06
1407411452	9.68e-06
1407411512	9.67e-06
1407411573	9.67e-06
1407411633	9.67e-06
1407411694	9.67e-06
1407411754	9.66e-06
1407411815	9.65e-06
1407411875	9.65e-06
1407411936	9.65e-06
1407411996	9.64e-06
1407412057	9.64e-06
1407412117	9.64e-06
1407412178	9.63e-06
1407412238	9.63e-06
1407412299	9.62e-06
1407412359	9.62e-06
1407412420	9.62e-06
1407412480	9.62e-06
1407412541	9.61e-06
1407412601	9.6e-06
1407412662	9.6e-06
1407412722	9.6e-06
1407412783	9.59e-06
1407412843	9.59e-06
1407412904	9.59e-06
1407412964	9.58e-06
1407413025	9.58e-06
1407413085	9.57e-06
1407413146	9.57e-06
1407413206	9.57e-06
1407413267	9.56e-06
1407413327	9.56e-06
1407413387	9.56e-06
1407413448	9.55e-06
1407413508	9.55e-06
1407413569	9.55e-06
1407413629	9.55e-06
1407413690	9.54e-06
1407413750	9.53e-06
1407413811	9.53e-06
1407413871	9.53e-06
1407413932	9.53e-06
1407413992	9.52e-06
1407414052	9.52e-06
1407414113	9.52e-06
1407414173	9.51e-06
1407414234	9.5e-06
1407414294	9.5e-06
1407414355	9.5e-06
1407414415	9.49e-06
1407414476	9.49e-06
1407414536	9.49e-06
1407414597	9.48e-06
1407414657	9.48e-06
1407414718	9.48e-06
1407414778	9.47e-06
1407414839	9.47e-06
1407414899	9.47e-06
1407414960	9.47e-06
1407415020	9.46e-06
1407415081	9.46e-06
1407415141	9.46e-06
1407415202	9.45e-06
1407415262	9.45e-06
1407415323	9.45e-06
1407415383	9.44e-06
1407415444	9.44e-06
1407415504	9.44e-06
1407415565	9.43e-06
1407415625	9.43e-06
1407415686	9.43e-06
1407415746	9.42e-06
1407415806	9.42e-06
1407415867	9.42e-06
1407415927	9.41e-06
1407415988	9.41e-06
1407416048	9.41e-06
1407416109	9.41e-06
1407416169	9.4e-06
1407416230	9.4e-06
1407416290	9.4e-06
1407416351	9.4e-06
1407416411	9.39e-06
1407416471	9.39e-06
1407416532	9.39e-06
1407416592	9.38e-06
1407416653	9.38e-06
1407416713	9.38e-06
1407416774	9.37e-06
1407416834	9.37e-06
1407416895	9.37e-06
1407416955	9.37e-06
1407417016	9.36e-06
1407417076	9.36e-06
1407417137	9.36e-06
1407417197	9.36e-06
1407417258	9.35e-06
1407417318	9.35e-06
1407417379	9.35e-06
1407417439	9.34e-06
1407417500	9.34e-06
1407417560	9.34e-06
1407417621	9.33e-06
1407417681	9.33e-06
1407417742	9.33e-06
1407417802	9.33e-06
1407417862	9.32e-06
1407417923	9.32e-06
1407417983	9.32e-06
1407418044	9.31e-06
1407418104	9.31e-06
1407418165	9.31e-06
1407418225	9.32e-06
1407418286	9.32e-06
1407418346	9.33e-06
1407418407	6.97e-05
1407418467	8.34e-05
1407447655	9.41e-06
1407447716	9.41e-06
1407447776	9.42e-06
