1407794677	2.5
1407794737	1.32
1407794798	0.00125
1407794858	0.000434
1407794919	0.000334
1407794979	0.000292
1407795040	0.000265
1407795100	0.000246
1407795160	0.000231
1407795221	0.000219
1407795281	0.000206
1407795342	0.000196
1407795402	0.000188
1407795463	0.000182
1407795523	0.000176
1407795584	0.00017
1407795644	0.000165
1407795705	0.00016
1407795765	0.000155
1407795826	0.000151
1407795886	0.000148
1407795947	0.000145
1407796007	0.000141
1407796067	0.000138
1407796128	0.000135
1407796188	0.000132
1407796249	0.00013
1407796309	0.000127
1407796370	0.000125
1407796430	0.000122
1407796491	0.00012
1407796551	0.000118
1407796612	0.000116
1407796672	0.000114
1407796733	0.000112
1407796793	0.00011
1407796854	0.000108
1407796914	0.000107
1407796975	0.000105
1407797035	0.000103
1407797096	0.0001
1407797156	9.84e-05
1407797216	9.7e-05
1407797277	9.57e-05
1407797337	9.43e-05
1407797398	9.3e-05
1407797458	9.18e-05
1407797519	9.05e-05
1407797579	8.93e-05
1407797640	8.81e-05
1407797700	8.69e-05
1407797761	8.58e-05
1407797821	8.47e-05
1407797882	8.35e-05
1407797942	8.25e-05
1407798002	8.14e-05
1407798063	8.03e-05
1407798123	7.93e-05
1407798184	7.82e-05
1407798244	7.72e-05
1407798305	7.63e-05
1407798365	7.53e-05
1407798426	7.43e-05
1407798486	7.33e-05
1407798547	7.24e-05
1407798607	7.15e-05
1407798668	7.06e-05
1407798728	6.96e-05
1407798789	6.87e-05
1407798849	6.78e-05
1407798910	6.7e-05
1407798970	6.61e-05
1407799030	6.53e-05
1407799091	6.45e-05
1407799151	6.37e-05
1407799212	6.29e-05
1407799272	6.21e-05
1407799333	6.13e-05
1407799393	6.05e-05
1407799454	5.98e-05
1407799514	5.9e-05
1407799575	5.83e-05
1407799635	5.76e-05
1407799696	5.69e-05
1407799756	5.61e-05
1407799817	5.55e-05
1407799877	5.48e-05
1407799938	5.41e-05
1407799998	5.34e-05
1407800059	5.28e-05
1407800119	5.21e-05
1407800179	5.15e-05
1407800240	5.08e-05
1407800300	5.02e-05
1407800361	4.96e-05
1407800421	4.9e-05
1407800482	4.84e-05
1407800542	4.78e-05
1407800603	4.72e-05
1407800663	4.66e-05
1407800724	4.6e-05
1407800784	4.55e-05
1407800845	4.49e-05
1407800905	4.44e-05
1407800966	4.38e-05
1407801026	4.33e-05
1407801087	4.28e-05
1407801147	4.23e-05
1407801208	4.17e-05
1407801268	4.12e-05
1407801329	4.07e-05
1407801389	4.02e-05
1407801449	3.98e-05
1407801510	3.93e-05
1407801570	3.88e-05
1407801631	3.83e-05
1407801691	3.79e-05
1407801752	3.74e-05
1407801812	3.7e-05
1407801873	3.65e-05
1407801933	3.61e-05
1407801994	3.56e-05
1407802054	3.52e-05
1407802115	3.48e-05
1407802175	3.44e-05
1407802236	3.4e-05
1407802296	3.36e-05
1407802357	3.32e-05
1407802417	3.27e-05
1407802478	3.23e-05
1407802538	3.2e-05
1407802599	3.16e-05
1407802659	3.12e-05
1407802719	3.08e-05
1407802780	3.05e-05
1407802840	3.01e-05
1407802901	2.98e-05
1407802961	2.94e-05
1407803022	2.91e-05
1407803082	2.88e-05
1407803143	2.84e-05
1407803203	2.81e-05
1407803264	2.78e-05
1407803324	2.74e-05
1407803385	2.71e-05
1407803445	2.68e-05
1407803506	2.65e-05
1407803566	2.62e-05
1407803627	2.59e-05
1407803687	2.56e-05
1407803748	2.53e-05
1407803808	2.5e-05
1407803869	2.47e-05
1407803929	2.45e-05
1407803990	2.42e-05
1407804050	2.39e-05
1407804111	2.36e-05
1407804171	2.34e-05
1407804232	2.31e-05
1407804292	2.28e-05
1407804353	2.26e-05
1407804413	2.23e-05
1407804474	2.21e-05
1407804534	2.18e-05
1407804595	2.16e-05
1407804655	2.13e-05
1407804716	2.11e-05
1407804776	2.09e-05
1407804837	2.06e-05
1407804897	2.04e-05
1407804958	2.02e-05
1407805018	1.99e-05
1407805078	1.97e-05
1407805139	1.95e-05
1407805199	1.9e-05
1407805260	1.89e-05
1407805320	1.86e-05
1407805381	1.85e-05
1407805441	1.82e-05
1407805502	1.8e-05
1407805562	1.78e-05
1407805623	1.76e-05
1407805683	1.74e-05
1407805744	1.73e-05
1407805804	1.71e-05
1407805865	1.69e-05
1407805925	1.67e-05
1407805986	1.65e-05
1407806046	1.63e-05
1407806107	1.61e-05
1407806167	1.6e-05
1407806228	1.58e-05
1407806288	1.56e-05
1407806349	1.54e-05
1407806409	1.53e-05
1407806470	1.51e-05
1407806530	1.49e-05
1407806590	1.48e-05
1407806651	1.46e-05
1407806711	1.45e-05
1407806772	1.43e-05
1407806832	1.42e-05
1407806893	1.4e-05
1407806953	1.39e-05
1407807014	1.36e-05
1407807074	1.34e-05
1407807135	1.33e-05
1407807195	1.31e-05
1407807256	1.3e-05
1407807316	1.29e-05
1407807377	1.27e-05
1407807437	1.26e-05
1407807498	1.25e-05
1407807558	1.23e-05
1407807618	1.22e-05
1407807679	1.21e-05
1407807739	1.2e-05
1407807800	1.18e-05
1407807860	1.17e-05
1407807921	1.16e-05
1407807981	1.15e-05
1407808042	1.14e-05
1407808102	1.12e-05
1407808163	1.11e-05
1407808223	1.1e-05
1407808284	1.09e-05
1407808344	1.08e-05
1407808405	1.07e-05
1407808465	1.06e-05
1407808526	1.05e-05
1407808586	1.04e-05
1407808647	1.03e-05
1407808707	1.02e-05
1407808767	1e-05
1407808828	9.95e-06
1407808888	9.85e-06
1407808949	9.75e-06
1407809009	9.66e-06
1407809070	9.56e-06
1407809130	9.47e-06
1407809191	9.37e-06
1407809251	9.28e-06
1407809312	9.19e-06
1407809372	9.1e-06
1407809433	9.01e-06
1407809493	8.92e-06
1407809554	8.83e-06
1407809615	8.74e-06
1407809675	8.67e-06
1407809735	8.57e-06
1407809796	8.49e-06
1407809856	8.41e-06
1407809917	8.32e-06
1407809977	8.24e-06
1407810038	8.16e-06
1407810098	8.08e-06
1407810159	8.01e-06
1407810219	7.93e-06
1407810280	7.85e-06
1407810340	7.78e-06
1407810401	7.7e-06
1407810461	7.63e-06
1407810522	7.55e-06
1407810582	7.5e-06
1407810643	7.41e-06
1407810703	7.34e-06
1407810764	7.27e-06
1407810824	7.2e-06
1407810885	7.13e-06
1407810945	7.06e-06
1407811005	7e-06
1407811066	6.93e-06
1407811126	6.86e-06
1407811187	6.8e-06
1407811247	6.73e-06
1407811308	6.67e-06
1407811368	6.6e-06
1407811429	6.54e-06
1407811489	6.48e-06
1407811550	6.41e-06
1407811610	6.34e-06
1407811671	6.28e-06
1407811731	6.22e-06
1407811792	6.16e-06
1407811852	6.1e-06
1407811913	6.04e-06
1407811973	5.97e-06
1407812033	5.91e-06
1407812094	5.85e-06
1407812154	5.78e-06
1407812215	5.72e-06
1407812275	5.67e-06
1407812336	5.61e-06
1407812396	5.56e-06
1407812457	5.51e-06
1407812517	5.45e-06
1407812578	5.4e-06
1407812638	5.35e-06
1407812699	5.3e-06
1407812759	5.25e-06
1407812820	5.21e-06
1407812880	5.13e-06
1407812941	5.08e-06
1407813001	5.03e-06
1407813062	4.99e-06
1407813122	4.95e-06
1407813183	4.9e-06
1407813243	4.85e-06
1407813303	4.8e-06
1407813364	4.76e-06
1407813424	4.72e-06
1407813485	4.67e-06
1407813545	4.63e-06
1407813606	4.59e-06
1407813666	4.54e-06
1407813727	4.5e-06
1407813787	4.46e-06
1407813848	4.42e-06
1407813908	4.41e-06
1407813969	4.36e-06
1407814029	4.33e-06
1407814090	3.99e-06
1407814150	3.95e-06
1407814211	3.92e-06
1407814271	3.89e-06
1407814332	3.85e-06
1407814392	3.83e-06
1407814453	3.79e-06
1407814513	3.76e-06
1407814573	3.73e-06
1407814634	3.69e-06
1407814694	3.66e-06
1407814755	3.63e-06
1407814815	3.61e-06
1407814876	3.58e-06
1407814936	3.55e-06
1407814997	3.52e-06
1407815057	3.48e-06
1407815118	3.45e-06
1407815178	3.42e-06
1407815239	3.4e-06
1407815299	3.37e-06
1407815360	3.34e-06
1407815420	3.31e-06
1407815481	3.28e-06
1407815541	3.25e-06
1407815602	3.23e-06
1407815662	3.2e-06
1407815723	3.18e-06
1407815783	3.18e-06
1407815844	3.15e-06
1407815904	3.12e-06
1407815965	3.09e-06
1407816025	3.05e-06
1407816086	3.03e-06
1407816146	3e-06
1407816207	2.97e-06
1407816267	2.95e-06
1407816328	2.92e-06
1407816388	2.9e-06
1407816449	2.87e-06
1407816509	2.85e-06
1407816569	2.83e-06
1407816630	2.8e-06
1407816690	2.78e-06
1407816751	2.75e-06
1407816811	2.73e-06
1407816872	2.71e-06
1407816932	2.69e-06
1407816993	2.67e-06
1407817053	2.65e-06
1407817114	2.63e-06
1407817174	2.6e-06
1407817235	2.58e-06
1407817295	2.56e-06
1407817356	2.54e-06
1407817416	2.53e-06
1407817477	2.51e-06
1407817537	2.49e-06
1407817598	2.47e-06
1407817658	2.45e-06
1407817719	2.43e-06
1407817779	2.44e-06
1407817840	2.42e-06
1407817900	2.39e-06
1407817961	2.37e-06
1407818021	2.35e-06
1407818081	2.34e-06
1407818142	2.32e-06
1407818202	2.3e-06
1407818263	2.29e-06
1407818323	2.27e-06
1407818384	2.25e-06
1407818444	2.23e-06
1407818505	2.21e-06
1407818565	2.19e-06
1407818626	2.18e-06
1407818686	2.17e-06
1407818747	2.15e-06
1407818807	2.14e-06
1407818868	2.12e-06
1407818928	2.1e-06
1407818988	2.09e-06
1407819049	2.07e-06
1407819109	2.05e-06
1407819170	2.03e-06
1407819230	2.02e-06
1407819291	2e-06
1407819351	1.99e-06
1407819412	1.98e-06
1407819472	1.96e-06
1407819533	1.95e-06
1407819593	1.93e-06
1407819654	1.92e-06
1407819714	1.91e-06
1407819775	1.9e-06
1407819835	1.88e-06
1407819896	1.87e-06
1407819956	1.86e-06
1407820017	1.85e-06
1407820077	1.83e-06
1407820138	1.82e-06
1407820198	1.81e-06
1407820259	1.79e-06
1407820319	1.78e-06
1407820380	1.77e-06
1407820440	1.76e-06
1407820501	1.74e-06
1407820561	1.73e-06
1407820622	1.72e-06
1407820682	1.72e-06
1407820743	1.71e-06
1407820803	1.69e-06
1407820864	1.68e-06
1407820924	1.67e-06
1407820985	1.66e-06
1407821045	1.65e-06
1407821106	1.63e-06
1407821166	1.62e-06
1407821226	1.61e-06
1407821287	1.6e-06
1407821347	1.6e-06
1407821408	1.58e-06
1407821468	2.15e-06
1407821529	1.71e-06
1407821589	1.69e-06
1407821650	1.68e-06
1407821710	1.66e-06
1407821771	1.65e-06
1407821831	1.63e-06
1407821892	1.6e-06
1407821952	1.61e-06
1407822013	1.55e-06
1407822073	1.54e-06
1407822134	1.53e-06
1407822194	1.52e-06
1407822254	1.51e-06
1407822315	1.5e-06
1407822375	1.49e-06
1407822436	1.48e-06
1407822496	1.47e-06
1407822557	1.46e-06
1407822617	1.46e-06
1407822678	1.45e-06
1407822738	1.44e-06
1407822799	1.43e-06
1407822859	1.42e-06
1407822920	1.41e-06
1407822980	1.41e-06
1407823041	1.4e-06
1407823101	1.39e-06
1407823162	1.38e-06
1407823222	1.37e-06
1407823283	1.37e-06
1407823343	1.36e-06
1407823404	1.35e-06
1407823464	1.35e-06
1407823524	1.34e-06
1407823585	1.33e-06
1407823645	1.33e-06
1407823706	1.32e-06
1407823766	1.31e-06
1407823827	1.3e-06
1407823887	1.29e-06
1407823948	1.29e-06
1407824008	1.72e-06
1407824069	1.25e-06
1407824129	1.23e-06
1407824190	1.24e-06
1407824250	1.23e-06
1407824311	1.22e-06
1407824371	1.22e-06
1407824432	1.21e-06
1407824492	1.2e-06
1407824553	1.2e-06
1407824613	1.19e-06
1407824673	1.18e-06
1407824734	1.18e-06
1407824794	1.19e-06
1407824855	1.18e-06
1407824915	1.17e-06
1407824976	1.16e-06
1407825036	1.14e-06
1407825097	1.13e-06
1407825157	1.26e-06
1407825218	1.23e-06
1407825278	1.17e-06
1407825339	1.16e-06
1407825399	1.16e-06
1407825460	1.15e-06
1407825520	1.13e-06
1407825581	1.13e-06
1407825641	1.12e-06
1407825702	1.12e-06
1407825762	1.11e-06
1407825823	1.11e-06
1407825883	1.1e-06
1407825943	1.1e-06
1407826004	1.09e-06
1407826064	1.09e-06
1407826125	1.09e-06
1407826185	1.08e-06
1407826246	1.08e-06
1407826306	1.07e-06
1407826367	1.07e-06
1407826427	1.06e-06
1407826488	1.05e-06
1407826548	1.04e-06
1407826609	1.03e-06
1407826669	1.03e-06
1407826730	1.02e-06
1407826790	1.02e-06
1407826851	1.01e-06
1407826911	1.01e-06
1407826972	1e-06
1407827032	9.99e-07
1407827093	9.95e-07
1407827153	9.9e-07
1407827213	9.85e-07
1407827274	9.8e-07
1407827334	9.76e-07
1407827395	9.71e-07
1407827455	9.67e-07
1407827516	9.62e-07
1407827576	9.58e-07
1407827637	9.54e-07
1407827697	9.49e-07
1407827758	9.45e-07
1407827818	9.41e-07
1407827879	9.37e-07
1407827939	9.34e-07
1407828000	9.3e-07
1407828060	9.26e-07
1407828121	9.22e-07
1407828181	9.18e-07
1407828242	9.14e-07
1407828302	9.1e-07
1407828363	9.09e-07
1407828423	9.04e-07
1407828484	9.01e-07
1407828544	8.97e-07
1407828605	8.93e-07
1407828665	8.89e-07
1407828726	8.86e-07
1407828786	8.82e-07
1407828847	8.78e-07
1407828907	8.75e-07
1407828968	8.71e-07
1407829028	8.67e-07
1407829088	8.64e-07
1407829149	8.61e-07
1407829210	8.57e-07
1407829270	8.55e-07
1407829331	8.54e-07
1407829391	8.49e-07
1407829452	8.45e-07
1407829512	8.42e-07
1407829573	8.39e-07
1407829633	8.36e-07
1407829694	8.32e-07
1407829754	8.29e-07
1407829814	8.26e-07
1407829875	8.23e-07
1407829935	8.41e-07
1407829996	8.2e-07
1407830056	8.14e-07
1407830117	8.1e-07
1407830177	8.07e-07
1407830238	8.04e-07
1407830298	8.02e-07
1407830359	7.99e-07
1407830419	7.96e-07
1407830480	7.94e-07
1407830540	7.91e-07
1407830601	7.88e-07
1407830661	7.86e-07
1407830722	7.87e-07
1407830782	7.81e-07
1407830843	7.78e-07
1407830903	7.76e-07
1407830964	7.73e-07
1407831024	7.7e-07
1407831085	7.68e-07
1407831145	7.65e-07
1407831205	7.63e-07
1407831266	7.6e-07
1407831326	7.58e-07
1407831387	8.27e-07
1407831447	8.21e-07
1407831508	8.17e-07
1407831568	8.13e-07
1407831629	8.09e-07
1407831689	8.05e-07
1407831750	8.02e-07
1407831810	7.99e-07
1407831871	7.96e-07
1407831931	7.93e-07
1407831992	7.9e-07
1407832052	7.88e-07
1407832113	7.85e-07
1407832173	7.83e-07
1407832234	7.8e-07
1407832294	7.78e-07
1407832355	7.75e-07
1407832415	7.73e-07
1407832476	7.71e-07
1407832536	7.68e-07
1407832597	7.66e-07
1407832657	7.64e-07
1407832718	7.61e-07
1407832778	7.59e-07
1407832839	7.57e-07
1407832899	7.24e-07
1407832959	7.2e-07
1407833020	7.19e-07
1407833080	7.17e-07
1407833141	7.14e-07
1407833201	7.12e-07
1407833262	7.1e-07
1407833322	7.08e-07
1407833383	7.06e-07
1407833443	7.04e-07
1407833504	7.02e-07
1407833564	7e-07
1407833625	6.98e-07
1407833686	6.99e-07
1407833746	6.8e-07
1407833806	6.92e-07
1407833867	6.9e-07
1407833927	6.88e-07
1407833988	6.86e-07
1407834048	6.84e-07
1407834109	6.82e-07
1407834169	6.81e-07
1407834230	6.79e-07
1407834290	6.77e-07
1407834351	6.76e-07
1407834411	6.73e-07
1407834472	6.72e-07
1407834532	6.7e-07
1407834593	6.68e-07
1407834654	6.64e-07
1407834714	6.63e-07
1407834775	6.62e-07
1407834835	8.94e-07
1407834896	7.04e-07
1407834956	6.66e-07
1407835017	6.55e-07
1407835077	6.49e-07
1407835138	6.48e-07
1407835198	6.44e-07
1407835258	6.42e-07
1407835319	6.4e-07
1407835379	6.38e-07
1407835440	6.37e-07
1407835500	6.35e-07
1407835561	6.34e-07
1407835622	6.32e-07
1407835682	6.31e-07
1407835742	6.31e-07
1407835803	6.29e-07
1407835863	6.27e-07
1407835924	6.26e-07
1407835984	6.24e-07
1407836045	6.23e-07
1407836105	6.22e-07
1407836166	6.2e-07
1407836226	6.19e-07
1407836287	6.18e-07
1407836347	6.16e-07
1407836408	6.15e-07
1407836468	6.14e-07
1407836529	6.13e-07
1407836589	6.11e-07
1407836650	6.1e-07
1407836710	6.09e-07
1407836771	6.08e-07
1407836831	6.07e-07
1407836892	6.06e-07
1407836952	6.04e-07
1407837013	6.03e-07
1407837073	6.02e-07
1407837133	1.13e-06
1407837194	6.36e-07
1407837254	6.14e-07
1407837315	6.06e-07
1407837375	6.01e-07
1407837436	5.96e-07
1407837496	5.94e-07
1407837557	5.91e-07
1407837617	5.89e-07
1407837678	5.88e-07
1407837738	5.86e-07
1407837799	5.86e-07
1407837859	5.85e-07
1407837919	5.85e-07
1407837980	5.84e-07
1407838040	5.82e-07
1407838101	5.81e-07
1407838161	5.81e-07
1407838222	5.79e-07
1407838282	5.78e-07
1407838343	5.77e-07
1407838403	5.76e-07
1407838464	5.75e-07
1407838524	5.74e-07
1407838585	5.73e-07
1407838645	5.72e-07
1407838706	5.71e-07
1407838766	5.7e-07
1407838827	5.69e-07
1407838887	5.68e-07
1407838948	5.67e-07
1407839008	5.67e-07
1407839069	5.66e-07
1407839129	5.65e-07
1407839190	5.64e-07
1407839250	5.64e-07
1407839311	5.63e-07
1407839371	5.62e-07
1407839432	5.61e-07
1407839492	5.6e-07
1407839553	5.59e-07
1407839613	5.59e-07
1407839673	5.58e-07
1407839734	5.58e-07
1407839794	5.57e-07
1407839855	5.56e-07
1407839915	5.55e-07
1407839976	5.54e-07
1407840036	5.53e-07
1407840097	5.52e-07
1407840157	5.51e-07
1407840218	5.5e-07
1407840278	5.5e-07
1407840339	5.49e-07
1407840399	5.48e-07
1407840459	5.47e-07
1407840520	5.47e-07
1407840580	5.46e-07
1407840641	5.45e-07
1407840701	5.44e-07
1407840762	5.44e-07
1407840822	5.43e-07
1407840883	5.42e-07
1407840943	5.42e-07
1407841004	5.41e-07
1407841064	5.4e-07
1407841125	5.4e-07
1407841185	5.39e-07
1407841246	6.41e-07
1407841306	6.2e-07
1407841367	6.14e-07
1407841427	6.1e-07
1407841488	6.07e-07
1407841548	6.05e-07
1407841608	6.01e-07
1407841669	5.99e-07
1407841729	5.98e-07
1407841790	5.97e-07
1407841850	5.95e-07
1407841911	5.94e-07
1407841971	5.93e-07
1407842032	5.92e-07
1407842092	5.91e-07
1407842153	5.9e-07
1407842213	5.89e-07
1407842273	5.88e-07
1407842334	5.87e-07
1407842394	5.86e-07
1407842455	5.86e-07
1407842515	5.85e-07
1407842576	5.84e-07
1407842636	5.83e-07
1407842697	5.83e-07
1407842757	5.82e-07
1407842818	5.81e-07
1407842878	5.8e-07
1407842938	5.8e-07
1407842999	5.79e-07
1407843059	5.78e-07
1407843120	5.78e-07
1407843180	5.77e-07
1407843241	5.77e-07
1407843301	5.76e-07
1407843362	5.75e-07
1407843422	5.75e-07
1407843483	5.74e-07
1407843544	5.73e-07
1407843604	5.73e-07
1407843664	5.72e-07
1407843725	5.71e-07
1407843785	5.71e-07
1407843846	5.7e-07
1407843906	5.7e-07
1407843967	5.69e-07
1407844027	5.69e-07
1407844088	5.68e-07
1407844148	5.67e-07
1407844209	5.67e-07
1407844269	5.66e-07
1407844330	5.65e-07
1407844390	5.65e-07
1407844451	5.64e-07
1407844511	5.64e-07
1407844572	5.63e-07
1407844632	5.63e-07
1407844693	5.62e-07
1407844753	5.62e-07
1407844814	5.61e-07
1407844874	5.61e-07
1407844935	5.6e-07
1407844995	5.59e-07
1407845056	5.59e-07
1407845116	5.59e-07
1407845177	5.58e-07
1407845237	5.58e-07
1407845297	5.57e-07
1407845358	5.57e-07
1407845418	5.56e-07
1407845479	5.56e-07
1407845539	5.55e-07
1407845600	5.55e-07
1407845660	5.54e-07
1407845721	5.54e-07
1407845781	5.53e-07
1407845842	5.53e-07
1407845902	5.52e-07
1407845963	5.52e-07
1407846023	5.52e-07
1407846083	5.51e-07
1407846144	5.51e-07
1407846204	5.5e-07
1407846265	5.5e-07
1407846325	5.5e-07
1407846386	5.5e-07
1407846446	5.5e-07
1407846507	5.49e-07
1407846567	5.48e-07
1407846628	5.48e-07
1407846688	5.47e-07
1407846749	5.47e-07
1407846809	5.46e-07
1407846870	5.46e-07
1407846930	5.45e-07
1407846990	5.45e-07
1407847051	5.45e-07
1407847111	5.44e-07
1407847172	5.44e-07
1407847232	5.44e-07
1407847293	5.43e-07
1407847353	5.43e-07
1407847414	5.42e-07
1407847474	5.42e-07
1407847535	5.42e-07
1407847595	5.41e-07
1407847656	5.41e-07
1407847716	5.41e-07
1407847777	5.4e-07
1407847837	5.4e-07
1407847898	5.39e-07
1407847958	5.39e-07
1407848019	5.39e-07
1407848079	5.38e-07
1407848139	5.38e-07
1407848200	5.38e-07
1407848260	5.37e-07
1407848321	5.37e-07
1407848381	5.36e-07
1407848442	5.36e-07
1407848502	5.36e-07
1407848563	1.61e-06
1407848623	1.87e-06
1407848684	1.96e-06
1407848744	2e-06
1407848804	2.04e-06
1407848865	2.08e-06
1407848925	2.12e-06
1407848986	2.15e-06
1407849046	2.18e-06
1407849107	2.21e-06
1407849167	2.24e-06
1407849228	2.27e-06
1407849288	2.29e-06
1407849349	2.32e-06
1407849409	2.34e-06
1407849470	2.36e-06
1407849530	2.38e-06
1407849591	2.4e-06
1407850828	0.0
1407850889	1.57e-06
1407850949	1.19e-06
1407851010	1.03e-06
1407851070	9.31e-07
1407851131	8.67e-07
1407851191	8.2e-07
1407851252	7.84e-07
1407851312	7.55e-07
1407851373	7.32e-07
1407851433	7.13e-07
1407851494	6.96e-07
1407851554	6.82e-07
1407851614	6.69e-07
1407851675	6.59e-07
1407851735	6.49e-07
1407851796	6.4e-07
1407851856	6.32e-07
1407851917	6.25e-07
1407851977	6.18e-07
1407852038	6.12e-07
1407852098	6.07e-07
1407852159	6.02e-07
1407852219	5.97e-07
1407852280	5.93e-07
1407852340	5.89e-07
1407852401	5.85e-07
1407852461	5.82e-07
1407852521	5.78e-07
1407852582	5.75e-07
1407852642	5.72e-07
1407852703	5.7e-07
1407852763	5.67e-07
1407852824	5.65e-07
1407852884	5.62e-07
1407852945	5.6e-07
1407853005	5.58e-07
1407853066	5.56e-07
1407853126	5.54e-07
1407853187	5.53e-07
1407853247	5.51e-07
1407853308	5.49e-07
1407853368	5.48e-07
1407853429	5.46e-07
1407853489	5.45e-07
1407853550	5.43e-07
1407853610	5.42e-07
1407853671	5.41e-07
1407853731	5.4e-07
1407853792	5.39e-07
1407853852	5.37e-07
1407853913	5.36e-07
1407853973	5.35e-07
1407854034	5.34e-07
1407854094	5.33e-07
1407854155	5.32e-07
1407854215	5.31e-07
1407854275	5.31e-07
1407854336	5.3e-07
1407854396	5.29e-07
1407854457	5.28e-07
1407854517	5.27e-07
1407854578	5.52e-07
1407854638	5.41e-07
1407854699	5.39e-07
1407854759	5.37e-07
1407854820	5.36e-07
1407854880	5.36e-07
1407854941	5.35e-07
1407855001	5.34e-07
1407855062	5.33e-07
1407855122	5.32e-07
1407855183	5.31e-07
1407855243	5.3e-07
1407855304	5.3e-07
1407855364	5.29e-07
1407855425	5.28e-07
1407855485	5.28e-07
1407855545	5.27e-07
1407855606	5.26e-07
1407855666	5.26e-07
1407855727	5.26e-07
1407855787	5.25e-07
1407855848	5.25e-07
1407855908	5.24e-07
1407855969	5.24e-07
1407856029	5.23e-07
1407856090	5.23e-07
1407856150	5.22e-07
1407856211	5.22e-07
1407856271	5.22e-07
1407856332	5.22e-07
1407856392	5.21e-07
1407856453	5.21e-07
1407856513	5.2e-07
1407856574	5.2e-07
1407856634	5.2e-07
1407856695	5.19e-07
1407856755	5.19e-07
1407856816	5.18e-07
1407856876	5.18e-07
1407856937	5.18e-07
1407856997	5.18e-07
1407857058	5.17e-07
1407857118	5.17e-07
1407857179	5.16e-07
1407857239	5.16e-07
1407857300	5.16e-07
1407857360	5.16e-07
1407857421	5.16e-07
1407857481	5.15e-07
1407857542	5.15e-07
1407857602	5.15e-07
1407857663	5.14e-07
1407857723	5.14e-07
1407857784	5.14e-07
1407857844	5.14e-07
1407857905	5.14e-07
1407857965	5.13e-07
1407858026	5.13e-07
1407858086	5.13e-07
1407858147	5.13e-07
1407858207	5.12e-07
1407858268	5.12e-07
1407858328	5.12e-07
1407858389	5.12e-07
1407858449	5.12e-07
1407858509	5.12e-07
1407858570	5.11e-07
1407858630	5.11e-07
1407858691	5.11e-07
1407858751	5.11e-07
1407858812	5.11e-07
1407858873	5.11e-07
1407858933	5.11e-07
1407858994	5.1e-07
1407859054	5.1e-07
1407859115	5.11e-07
1407859175	5.11e-07
1407859235	5.1e-07
1407859296	5.1e-07
1407859356	5.1e-07
1407859417	5.1e-07
1407859477	5.1e-07
1407859538	5.1e-07
1407859598	5.1e-07
1407859659	5.1e-07
1407859719	5.09e-07
1407859780	5.09e-07
1407859840	5.09e-07
1407859901	5.09e-07
1407859961	5.09e-07
1407860022	5.09e-07
1407860082	5.09e-07
1407860143	5.08e-07
1407860203	5.08e-07
1407860264	5.08e-07
1407860324	5.08e-07
1407860385	5.08e-07
1407860445	5.08e-07
1407860506	5.08e-07
1407860566	5.08e-07
1407860626	5.07e-07
1407860687	5.07e-07
1407860747	5.07e-07
1407860808	5.07e-07
1407860868	5.07e-07
1407860929	5.07e-07
1407860990	5.07e-07
1407861050	5.06e-07
1407861111	5.06e-07
1407861171	5.06e-07
1407861231	5.06e-07
1407861292	5.06e-07
1407861352	5.06e-07
1407861413	5.06e-07
1407861474	5.06e-07
1407861534	5.06e-07
1407861595	5.05e-07
1407861655	5.05e-07
1407861715	5.05e-07
1407861776	5.05e-07
1407861836	5.05e-07
1407861897	5.05e-07
1407861957	5.05e-07
1407862018	5.05e-07
1407862078	5.04e-07
1407862139	5.04e-07
1407862199	5.04e-07
1407862260	5.04e-07
1407862320	5.07e-07
1407862381	5e-07
1407862441	5.04e-07
1407862502	5.04e-07
1407862562	5.04e-07
1407862622	5.03e-07
1407862683	5.03e-07
1407862744	5.03e-07
1407862804	5.03e-07
1407862865	5.03e-07
1407862925	5.03e-07
1407862986	5.03e-07
1407863046	5.03e-07
1407863107	5.03e-07
1407863167	5.03e-07
1407863227	5.02e-07
1407863288	5.02e-07
1407863348	5.02e-07
1407863409	5.02e-07
1407863469	5.02e-07
1407863530	5.02e-07
1407863590	5.02e-07
1407863651	5.02e-07
1407863711	5.02e-07
1407863772	5.02e-07
1407863832	5.02e-07
1407863892	5.02e-07
1407863953	5.02e-07
1407864013	5.02e-07
1407864074	5.01e-07
1407864134	5.01e-07
1407864195	5.01e-07
1407864255	5.01e-07
1407864316	5.01e-07
1407864376	5.01e-07
1407864437	5.01e-07
1407864497	5.01e-07
1407864558	5.01e-07
1407864618	5.01e-07
1407864679	5.01e-07
1407864739	5.01e-07
1407864799	5e-07
1407864860	5e-07
1407864920	5e-07
1407864981	5e-07
1407865041	5e-07
1407865102	5e-07
1407865162	5e-07
1407865223	5e-07
1407865283	5e-07
1407865344	5e-07
1407865404	5e-07
1407865465	5e-07
1407865525	5e-07
1407865586	4.99e-07
1407865646	4.99e-07
1407865707	4.99e-07
1407865767	4.99e-07
1407865828	4.99e-07
1407865888	4.99e-07
1407865948	4.99e-07
1407866009	4.99e-07
1407866069	4.99e-07
1407866130	4.99e-07
1407866190	4.99e-07
1407866251	4.99e-07
1407866311	4.99e-07
1407866372	4.99e-07
1407866432	4.99e-07