1407879161	219.0
1407879221	6.47
1407879282	1.83
1407879342	0.539
1407879403	0.00296
1407879463	0.00233
1407879524	0.00202
1407879584	0.00179
1407879645	0.00165
1407879705	0.00154
1407879766	0.00143
1407879826	0.00134
1407879887	0.00127
1407879947	0.00121
1407880008	0.00115
1407880068	0.0011
1407880129	0.00106
1407880189	0.00101
1407880250	0.000977
1407880310	0.00094
1407880371	0.000912
1407880431	0.000884
1407880492	0.000859
1407880552	0.000836
1407880613	0.000813
1407880673	0.000792
1407880734	0.000772
1407880794	0.000755
1407880854	0.000738
1407880915	0.000721
1407880975	0.000705
1407881036	0.000689
1407881096	0.000673
1407881157	0.00066
1407881217	0.000647
1407881278	0.000634
1407881338	0.000622
1407881399	0.000582
1407881459	0.00057
1407881520	0.000558
1407881580	0.000546
1407881641	0.000536
1407881701	0.000526
1407881761	0.000515
1407881822	0.000506
1407881883	0.000496
1407881943	0.000488
1407882004	0.000479
1407882064	0.000472
1407882125	0.000463
1407882185	0.000455
1407882246	0.000446
1407882306	0.000438
1407882367	0.000431
1407882427	0.000423
1407882488	0.000416
1407882548	0.000409
1407882609	0.000402
1407882669	0.000395
1407882730	0.000389
1407882790	0.000382
1407882850	0.000376
1407882911	0.00037
1407882971	0.000364
1407883032	0.000358
1407883092	0.000354
1407883153	0.00035
1407883213	0.000346
1407883274	0.000342
1407883334	0.000338
1407883395	0.000334
1407883455	0.00033
1407883516	0.000327
1407883576	0.000324
1407883637	0.00032
1407883697	0.000317
1407883758	0.000313
1407883818	0.00031
1407883879	0.000307
1407883939	0.000304
1407884000	0.000301
1407884060	0.000298
1407884120	0.000294
1407884181	0.000292
1407884241	0.000288
1407884302	0.000286
1407884362	0.000283
1407884423	0.00028
1407884483	0.000278
1407884544	0.000274
1407884604	0.000272
1407884665	0.00027
1407884725	0.000267
1407884786	0.000265
1407884846	0.000262
1407884907	0.00026
1407884967	0.000257
1407885028	0.000255
1407885088	0.000254
1407885149	0.000251
1407885209	0.000249
1407885270	0.000246
1407885330	0.000245
1407885391	0.000243
1407885451	0.000241
1407885511	0.000238
1407885572	0.000236
1407885632	0.000234
1407885693	0.000232
1407885753	0.000231
1407885814	0.00023
1407885874	0.000227
1407885935	0.000225
1407885995	0.000223
1407886056	0.00022
1407886116	0.000217
1407886177	0.000216
1407886237	0.000214
1407886298	0.000211
1407886358	0.000209
1407886419	0.000207
1407886479	0.000206
1407886540	0.000204
1407886600	0.000201
1407886660	0.000199
1407886721	0.000198
1407886781	0.000197
1407886842	0.000196
1407886902	0.000194
1407886963	0.000192
1407887023	0.000191
1407887084	0.000189
1407887144	0.000188
1407887205	0.000186
1407887265	0.000185
1407887326	0.000183
1407887386	0.000181
1407887447	0.00018
1407887507	0.000179
1407887568	0.000177
1407887628	0.000176
1407887689	0.000175
1407887749	0.000173
1407887809	0.000172
1407887870	0.000171
1407887930	0.000169
1407887991	0.000167
1407888051	0.000165
1407888112	0.000164
1407888172	0.000162
1407888233	0.000161
1407888293	0.000159
1407888354	0.000158
1407888414	0.000157
1407888475	0.000156
1407888535	0.000154
1407888595	0.000153
1407888656	0.000152
1407888716	0.000151
1407888777	0.000149
1407888837	0.000148
1407888898	0.000147
1407888958	0.000146
1407889019	0.000145
1407889079	0.000143
1407889140	0.000142
1407889200	0.00014
1407889261	0.000139
1407889321	0.000138
1407889382	0.000137
1407889442	0.000136
1407889503	0.000135
1407889563	0.000134
1407889624	0.000133
1407889684	0.000131
1407889745	0.00013
1407889805	0.000129
1407889866	0.000128
1407889926	0.000127
1407889987	0.000126
1407890047	0.000125
1407890108	0.000124
1407890168	0.000123
1407890229	0.000121
1407890289	0.00012
1407890350	0.000119
1407890410	0.000118
1407890471	0.000117
1407890531	0.000116
1407890592	0.000115
1407890652	0.000114
1407890713	0.000113
1407890773	0.000112
1407890834	0.000111
1407890894	0.00011
1407890955	0.000109
1407891015	0.000108
1407891076	0.000107
1407891136	0.000106
1407891197	0.000105
1407891257	0.000103
1407891317	0.000102
1407891378	0.000101
1407891438	0.0001
1407891499	9.96e-05
1407891559	9.87e-05
1407891620	9.79e-05
1407891680	9.71e-05
1407891741	9.62e-05
1407891801	9.54e-05
1407891862	9.46e-05
1407891922	9.38e-05
1407891983	9.29e-05
1407892043	9.21e-05
1407892104	9.13e-05
1407892164	9.05e-05
1407892224	8.97e-05
1407892285	8.89e-05
1407892345	8.82e-05
1407892406	8.74e-05
1407892466	8.66e-05
1407892527	8.59e-05
1407892587	8.51e-05
1407892648	8.44e-05
1407892708	8.37e-05
1407892769	8.29e-05
1407892829	8.22e-05
1407892890	8.09e-05
1407892950	8.02e-05
1407893010	7.95e-05
1407893071	7.89e-05
1407893131	7.82e-05
1407893192	7.76e-05
1407893252	7.69e-05
1407893313	7.63e-05
1407893373	7.57e-05
1407893434	7.5e-05
1407893494	7.43e-05
1407893555	7.37e-05
1407893615	7.3e-05
1407893676	7.24e-05
1407893736	7.17e-05
1407893797	7.11e-05
1407893857	7.05e-05
1407893917	6.98e-05
1407893978	6.92e-05
1407894038	6.86e-05
1407894099	6.8e-05
1407894159	6.74e-05
1407894220	6.68e-05
1407894280	6.62e-05
1407894341	6.56e-05
1407894401	6.5e-05
1407894462	6.44e-05
1407894522	6.38e-05
1407894582	6.33e-05
1407894643	6.27e-05
1407894703	6.21e-05
1407894764	6.16e-05
1407894824	6.1e-05
1407894885	6.05e-05
1407894945	5.99e-05
1407895006	5.94e-05
1407895066	5.88e-05
1407895127	5.83e-05
1407895187	5.78e-05
1407895248	5.72e-05
1407895308	5.67e-05
1407895369	5.62e-05
1407895429	5.57e-05
1407895490	5.52e-05
1407895550	5.47e-05
1407895611	5.42e-05
1407895671	5.37e-05
1407895732	5.32e-05
1407895792	5.28e-05
1407895853	5.23e-05
1407895913	5.18e-05
1407895974	5.14e-05
1407896034	5.09e-05
1407896095	5.04e-05
1407896155	5e-05
1407896216	4.95e-05
1407896276	4.91e-05
1407896336	4.86e-05
1407896397	4.82e-05
1407896457	4.78e-05
1407896518	4.73e-05
1407896578	4.69e-05
1407896639	4.65e-05
1407896699	4.61e-05
1407896760	4.56e-05
1407896820	4.52e-05
1407896881	4.48e-05
1407896941	4.44e-05
1407897002	4.4e-05
1407897062	4.36e-05
1407897122	4.32e-05
1407897183	4.29e-05
1407897243	4.25e-05
1407897304	4.21e-05
1407897364	4.17e-05
1407897425	4.13e-05
1407897485	4.1e-05
1407897546	4.06e-05
1407897606	4.03e-05
1407897666	3.99e-05
1407897727	3.95e-05
1407897787	3.92e-05
1407897848	3.88e-05
1407897908	3.85e-05
1407897969	3.82e-05
1407898029	3.78e-05
1407898090	3.75e-05
1407898150	3.72e-05
1407898211	3.68e-05
1407898271	3.65e-05
1407898331	3.62e-05
1407898392	3.59e-05
1407898452	3.55e-05
1407898513	3.52e-05
1407898573	3.49e-05
1407898634	3.46e-05
1407898694	3.43e-05
1407898755	3.4e-05
1407898815	3.34e-05
1407898876	3.32e-05
1407898936	3.29e-05
1407898997	3.27e-05
1407899057	3.24e-05
1407899118	3.21e-05
1407899178	3.14e-05
1407899239	3.1e-05
1407899299	3.08e-05
1407899360	3.05e-05
1407899420	3.03e-05
1407899481	3e-05
1407899541	2.98e-05
1407899601	2.95e-05
1407899662	2.92e-05
1407899722	2.9e-05
1407899783	2.87e-05
1407899843	2.85e-05
1407899904	2.83e-05
1407899964	2.8e-05
1407900025	2.78e-05
1407900085	2.75e-05
1407900146	2.73e-05
1407900206	2.71e-05
1407900267	2.68e-05
1407900327	2.66e-05
1407900388	2.64e-05
1407900448	2.61e-05
1407900509	2.59e-05
1407900569	2.57e-05
1407900629	2.55e-05
1407900690	2.53e-05
1407900750	2.5e-05
1407900811	2.48e-05
1407900871	2.46e-05
1407900932	2.44e-05
1407900992	2.42e-05
1407901053	2.4e-05
1407901113	2.38e-05
1407901174	2.36e-05
1407901234	2.34e-05
1407901295	2.32e-05
1407901355	2.3e-05
1407901416	2.28e-05
1407901476	2.26e-05
1407901537	2.24e-05
1407901597	2.22e-05
1407901657	2.2e-05
1407901718	2.18e-05
1407901778	2.16e-05
1407901839	2.15e-05
1407901899	2.02e-05
1407901960	2.01e-05
1407902020	1.99e-05
1407902081	1.96e-05
1407902141	1.99e-05
1407902202	1.98e-05
1407902262	1.96e-05
1407902323	1.95e-05
1407902383	1.93e-05
1407902444	1.91e-05
1407902504	1.9e-05
1407902565	1.88e-05
1407902625	1.86e-05
1407902685	1.85e-05
1407902746	1.83e-05
1407902806	1.82e-05
1407902867	1.8e-05
1407902927	1.79e-05
1407902988	1.77e-05
1407903048	1.76e-05
1407903109	1.74e-05
1407903169	1.73e-05
1407903230	1.72e-05
1407903290	1.7e-05
1407903351	1.69e-05
1407903411	1.67e-05
1407903471	1.66e-05
1407903532	1.65e-05
1407903592	1.64e-05
1407903653	1.62e-05
1407903713	1.61e-05
1407903774	1.6e-05
1407903834	1.59e-05
1407903895	1.58e-05
1407903955	1.56e-05
1407904016	1.55e-05
1407904076	1.54e-05
1407904137	1.53e-05
1407904197	1.51e-05
1407904257	1.5e-05
1407904318	1.49e-05
1407904378	1.48e-05
1407904439	1.47e-05
1407904499	1.45e-05
1407904560	1.44e-05
1407904620	1.43e-05
1407904681	1.42e-05
1407904741	1.41e-05
1407904802	1.4e-05
1407904862	1.38e-05
1407904923	1.37e-05
1407904983	1.36e-05
1407905044	1.35e-05
1407905104	1.34e-05
1407905165	1.33e-05
1407905225	1.32e-05
1407905286	1.31e-05
1407905346	1.3e-05
1407905407	1.29e-05
1407905467	1.28e-05
1407905528	1.27e-05
1407905588	1.26e-05
1407905649	1.25e-05
1407905709	1.24e-05
1407905770	1.23e-05
1407905830	1.22e-05
1407905890	1.21e-05
1407905951	1.21e-05
1407906011	1.2e-05
1407906072	1.19e-05
1407906132	1.18e-05
1407906193	1.17e-05
1407906253	1.16e-05
1407906314	1.15e-05
1407906374	1.14e-05
1407906435	1.13e-05
1407906495	1.12e-05
1407906556	1.1e-05
1407906616	1.09e-05
1407906677	1.08e-05
1407906737	1.08e-05
1407906798	1.07e-05
1407906858	1.06e-05
1407906919	1.05e-05
1407906979	1.05e-05
1407907040	1.04e-05
1407907100	1.03e-05
1407907161	1.02e-05
1407907221	1.01e-05
1407907282	1e-05
1407907342	9.95e-06
1407907403	9.86e-06
1407907463	9.77e-06
1407907524	9.69e-06
1407907584	9.62e-06
1407907645	9.55e-06
1407907705	9.47e-06
1407907766	9.39e-06
1407907826	9.32e-06
1407907887	9.25e-06
1407907947	9.18e-06
1407908008	9.1e-06
1407908068	8.87e-06
1407908129	8.8e-06
1407908189	8.74e-06
1407908250	8.67e-06
1407908310	8.6e-06
1407908371	8.54e-06
1407908431	8.48e-06
1407908492	8.42e-06
1407908552	8.35e-06
1407908613	8.28e-06
1407908673	8.22e-06
1407908734	8.16e-06
1407908794	8.1e-06
1407908855	8.16e-06
1407908915	8.1e-06
1407908976	8.04e-06
1407909036	7.98e-06
1407909096	7.92e-06
1407909157	7.86e-06
1407909217	7.8e-06
1407909278	7.81e-06
1407909338	7.75e-06
1407909399	7.67e-06
1407909459	7.61e-06
1407909520	7.55e-06
1407909580	7.49e-06
1407909641	7.43e-06
1407909701	7.38e-06
1407909762	7.33e-06
1407909822	7.27e-06
1407909883	7.21e-06
1407909943	7.16e-06
1407910004	7.11e-06
1407910064	7.05e-06
1407910124	7e-06
1407910185	6.95e-06
1407910245	6.9e-06
1407910306	6.85e-06
1407910366	6.8e-06
1407910427	6.75e-06
1407910487	6.7e-06
1407910548	6.65e-06
1407910608	6.6e-06
1407910669	6.56e-06
1407910729	6.51e-06
1407910790	6.46e-06
1407910850	6.42e-06
1407910911	6.37e-06
1407910971	6.33e-06
1407911032	6.28e-06
1407911092	6.24e-06
1407911153	6.19e-06
1407911213	6.15e-06
1407911274	6.11e-06
1407911334	6.06e-06
1407911395	6.02e-06
1407911455	5.99e-06
1407911516	5.94e-06
1407911576	5.9e-06
1407911637	5.86e-06
1407911697	5.82e-06
1407911757	5.78e-06
1407911818	5.74e-06
1407911878	5.7e-06
1407911939	5.66e-06
1407911999	5.62e-06
1407912060	5.58e-06
1407912120	5.54e-06
1407912181	5.5e-06
1407912241	5.46e-06
1407912302	5.43e-06
1407912362	5.39e-06
1407912423	5.36e-06
1407912483	5.32e-06
1407912544	5.28e-06
1407912604	5.25e-06
1407912665	5.21e-06
1407912725	5.18e-06
1407912786	5.14e-06
1407912846	5.11e-06
1407912907	5.07e-06
1407912967	5.04e-06
1407913027	5e-06
1407913088	4.97e-06
1407913148	4.94e-06
1407913209	4.9e-06
1407913270	4.87e-06
1407913330	4.84e-06
1407913391	4.8e-06
1407913451	4.77e-06
1407913512	4.74e-06
1407913572	4.71e-06
1407913633	4.67e-06
1407913693	4.64e-06
1407913753	4.61e-06
1407913814	4.58e-06
1407913874	4.55e-06
1407913935	4.52e-06
1407913995	4.49e-06
1407914056	4.46e-06
1407914116	4.44e-06
1407914177	4.41e-06
1407914237	4.38e-06
1407914298	4.35e-06
1407914359	4.43e-06
1407914419	4.37e-06
1407914479	4.34e-06
1407914540	4.31e-06
1407914600	4.28e-06
1407914661	4.25e-06
1407914721	4.23e-06
1407914782	4.2e-06
1407914842	4.17e-06
1407914903	4.15e-06
1407914963	4.12e-06
1407915024	4.1e-06
1407915084	4.07e-06
1407915145	4.04e-06
1407915205	4.02e-06
1407915266	3.99e-06
1407915326	3.97e-06
1407915387	3.94e-06
1407915447	3.91e-06
1407915508	3.89e-06
1407915568	3.86e-06
1407915629	3.84e-06
1407915689	3.82e-06
1407915749	3.79e-06
1407915810	3.78e-06
1407915871	3.75e-06
1407915931	3.73e-06
1407915991	3.71e-06
1407916052	3.67e-06
1407916112	3.65e-06
1407916173	3.63e-06
1407916233	3.61e-06
1407916294	3.58e-06
1407916354	3.56e-06
1407916415	3.54e-06
1407916475	3.52e-06
1407916536	3.5e-06
1407916596	3.49e-06
1407916657	3.47e-06
1407916717	3.45e-06
1407916778	3.43e-06
1407916838	3.4e-06
1407916898	3.38e-06
1407916959	3.4e-06
1407917019	3.38e-06
1407917080	3.37e-06
1407917140	3.35e-06
1407917201	3.33e-06
1407917261	3.31e-06
1407917322	3.29e-06
1407917382	3.27e-06
1407917443	3.25e-06
1407917503	3.23e-06
1407917564	3.21e-06
1407917624	3.2e-06
1407917685	3.18e-06
1407917745	3.16e-06
1407917806	3.14e-06
1407917866	3.12e-06
1407917927	3.1e-06
1407917987	3.09e-06
1407918047	3.07e-06
1407918108	3.05e-06
1407918168	3.04e-06
1407918229	3.02e-06
1407918289	3e-06
1407918350	2.99e-06
1407918410	2.98e-06
1407918471	2.96e-06
1407918531	2.95e-06
1407918592	2.93e-06
1407918652	2.92e-06
1407918713	2.9e-06
1407918773	2.89e-06
1407918833	2.87e-06
1407918894	2.86e-06
1407918954	2.84e-06
1407919015	2.83e-06
1407919075	2.82e-06
1407919136	2.8e-06
1407919196	2.78e-06
1407919257	2.76e-06
1407919317	2.75e-06
1407919378	2.74e-06
1407919438	2.72e-06
1407919499	2.71e-06
1407919559	2.69e-06
1407919620	2.69e-06
1407919680	2.69e-06
1407919741	2.67e-06
1407919801	2.68e-06
1407919862	2.65e-06
1407919922	2.64e-06
1407919983	2.62e-06
1407920043	2.61e-06
1407920103	2.6e-06
1407920164	2.58e-06
1407920224	2.57e-06
1407920285	2.56e-06
1407920345	2.54e-06
1407920406	2.53e-06
1407920466	2.52e-06
1407920527	2.54e-06
1407920587	2.5e-06
1407920648	2.49e-06
1407920708	2.48e-06
1407920769	2.46e-06
1407920829	2.45e-06
1407920890	2.44e-06
1407920950	2.43e-06
1407921011	2.42e-06
1407921071	2.41e-06
1407921132	2.4e-06
1407921192	2.39e-06
1407921253	2.38e-06
1407921313	2.38e-06
1407921374	2.37e-06
1407921434	2.36e-06
1407921495	2.35e-06
1407921555	2.34e-06
1407921615	2.91e-06
1407921676	2.33e-06
1407921736	2.32e-06
1407921797	2.31e-06
1407921857	2.3e-06
1407921918	2.29e-06
1407921978	2.28e-06
1407922039	2.27e-06
1407922099	2.26e-06
1407922160	2.25e-06
1407922220	2.24e-06
1407922281	2.23e-06
1407922341	2.22e-06
1407922402	2.22e-06
1407922462	2.21e-06
1407922523	2.2e-06
1407922583	2.19e-06
1407922644	2.18e-06
1407922704	2.17e-06
1407922765	2.16e-06
1407922825	2.15e-06
1407922886	2.15e-06
1407922946	2.14e-06
1407923007	2.13e-06
1407923067	2.12e-06
1407923127	2.11e-06
1407923188	2.1e-06
1407923248	2.1e-06
1407923309	2.09e-06
1407923369	2.08e-06
1407923430	2.07e-06
1407923490	2.06e-06
1407923551	2.06e-06
1407923611	2.05e-06
1407923672	2.04e-06
1407923732	2.03e-06
1407923792	2.02e-06
1407923853	2.02e-06
1407923913	2.01e-06
1407923974	2e-06
1407924034	2e-06
1407924095	1.99e-06
1407924155	1.98e-06
1407924216	1.97e-06
1407924276	1.97e-06
1407924337	1.96e-06
1407924397	1.95e-06
1407924458	1.95e-06
1407924518	1.94e-06
1407924579	1.93e-06
1407924639	1.92e-06
1407924700	1.93e-06
1407924760	1.91e-06
1407924821	1.9e-06
1407924881	1.89e-06
1407924942	1.89e-06
1407925002	1.88e-06
1407925063	2.02e-06
1407925123	1.9e-06
1407925184	1.89e-06
1407925244	1.88e-06
1407925304	1.87e-06
1407925365	1.86e-06
1407925425	1.85e-06
1407925486	1.85e-06
1407925546	1.84e-06
1407925607	1.83e-06
1407925667	1.83e-06
1407925728	1.82e-06
1407925788	1.81e-06
1407925849	1.81e-06
1407925909	1.8e-06
1407925970	1.8e-06
1407926030	1.79e-06
1407926091	1.78e-06
1407926151	2.2e-06
1407926212	1.77e-06
1407926272	1.77e-06
1407926332	1.76e-06
1407926393	1.76e-06
1407926453	1.75e-06
1407926514	1.74e-06
1407926574	1.74e-06
1407926635	1.73e-06
1407926695	1.73e-06
1407926756	1.72e-06
1407926816	1.71e-06
1407926877	1.71e-06
1407926937	1.7e-06
1407926998	1.7e-06
1407927058	1.69e-06
1407927118	1.68e-06
1407927179	1.68e-06
1407927240	1.67e-06
1407927300	1.67e-06
1407927361	1.66e-06
1407927421	1.66e-06
1407927482	1.65e-06
1407927542	1.65e-06
1407927603	1.64e-06
1407927663	1.64e-06
1407927724	1.63e-06
1407927784	1.63e-06
1407927845	1.62e-06
1407927905	1.62e-06
1407927966	1.61e-06
1407928026	1.61e-06
1407928086	1.6e-06
1407928147	1.6e-06
1407928207	1.59e-06
1407928268	2.9e-06
1407928328	1.75e-06
1407928389	1.73e-06
1407928449	1.72e-06
1407928510	1.71e-06
1407928570	1.71e-06
1407928631	1.7e-06
1407928691	1.69e-06
1407928752	1.69e-06
1407928812	1.68e-06
1407928873	1.68e-06
1407928933	1.67e-06
1407928994	1.67e-06
1407929054	1.66e-06
1407929115	1.66e-06
1407929175	1.65e-06
1407929236	1.65e-06
1407929296	1.64e-06
1407929357	1.64e-06
1407929417	1.63e-06
1407929477	1.63e-06
1407929538	1.62e-06
1407929598	1.62e-06
1407929659	1.62e-06
1407929719	1.61e-06
1407929780	1.61e-06
1407929840	1.6e-06
1407929901	1.6e-06
1407929961	1.6e-06
1407930022	1.59e-06
1407930082	1.59e-06
1407930143	1.58e-06
1407930203	1.58e-06
1407930264	1.58e-06
1407930324	1.57e-06
1407930385	1.57e-06
1407930445	1.56e-06
1407930505	1.56e-06
1407930566	1.56e-06
1407930626	1.55e-06
1407930687	1.55e-06
1407930747	1.55e-06
1407930808	1.54e-06
1407930868	1.54e-06
1407930929	1.53e-06
1407930989	1.53e-06
1407931050	1.53e-06
1407931110	1.52e-06
1407931171	1.52e-06
1407931231	1.52e-06
1407931292	1.51e-06
1407931352	1.51e-06
1407931412	1.51e-06
1407931473	1.5e-06
1407931533	1.5e-06
1407931594	1.5e-06
1407931654	1.49e-06
1407931715	1.49e-06
1407931775	1.48e-06
1407931836	1.48e-06
1407931896	1.48e-06
1407931957	1.47e-06
1407932017	1.47e-06
1407932078	1.47e-06
1407932138	1.46e-06
1407932199	1.46e-06
1407932259	1.46e-06
1407932320	1.45e-06
1407932380	1.45e-06
1407932440	1.45e-06
1407932501	1.44e-06
1407932561	1.44e-06
1407932622	1.44e-06
1407932682	1.43e-06
1407932743	1.43e-06
1407932803	1.43e-06
1407932864	1.42e-06
1407932924	1.42e-06
1407932985	1.42e-06
1407933045	1.41e-06
1407933106	1.41e-06
1407933166	1.41e-06
1407933227	1.4e-06
1407933287	1.4e-06
1407933348	1.4e-06
1407933408	1.39e-06
1407933469	1.39e-06
1407933529	1.39e-06
1407933590	1.38e-06
1407933650	1.38e-06
1407933711	1.38e-06
1407933771	1.37e-06
1407933832	1.37e-06
1407933892	1.37e-06
1407933953	1.36e-06
1407934013	1.37e-06
1407934074	1.36e-06
1407934134	1.36e-06
1407934194	1.35e-06
1407934255	1.35e-06
1407934315	1.35e-06
1407934376	1.35e-06
1407934436	1.34e-06
1407934497	1.34e-06
1407934557	1.34e-06
1407934618	1.33e-06
1407934678	1.33e-06
1407934739	1.32e-06
1407934799	1.32e-06
1407934860	1.32e-06
1407934920	1.32e-06
1407934981	1.31e-06
1407935041	1.31e-06
1407935102	1.31e-06
1407935162	1.31e-06
1407935223	1.3e-06
1407935283	1.3e-06
1407935344	1.3e-06
1407935404	1.3e-06
1407935465	1.29e-06
1407935525	1.29e-06
1407935586	1.29e-06
1407935646	1.29e-06
1407935707	1.28e-06
1407935767	1.28e-06
1407935828	1.28e-06
1407935888	1.28e-06
1407935948	1.27e-06
1407936009	1.27e-06
1407936069	1.27e-06
1407936130	1.27e-06
1407936190	1.26e-06
1407936251	1.26e-06
1407936311	1.26e-06
1407936372	1.26e-06
1407936432	1.25e-06
1407936493	1.25e-06
1407936553	1.25e-06
1407936614	1.25e-06
1407936674	4.91e-06
1407936735	6.11e-06
1407936795	5.45e-06
1407936856	5.14e-06
1407936916	5e-06
1407936977	4.94e-06
1407937037	4.92e-06
1407937098	4.9e-06
1407937158	4.9e-06
1407937219	4.9e-06
1407937279	4.91e-06
1407937340	4.8e-06
1407937400	4.8e-06
1407937460	4.82e-06
1407937521	4.83e-06
1407937581	4.84e-06
1407937642	4.85e-06
1407937702	4.86e-06
1407937763	4.87e-06
1407937823	4.91e-06
1407937884	4.91e-06
1407937944	4.91e-06
1407938005	4.92e-06
1407938065	4.92e-06
1407938126	4.92e-06
1407938186	4.93e-06
1407938247	4.93e-06
1407939213	0.0
1407939273	2.63e-06
1407939334	2.11e-06
1407939395	1.9e-06
1407939455	1.77e-06
1407939516	1.69e-06
1407939576	1.64e-06
1407939636	1.59e-06
1407939697	1.56e-06
1407939757	1.53e-06
1407939818	1.5e-06
1407939878	1.48e-06
1407939939	1.46e-06
1407939999	1.44e-06
1407940060	1.43e-06
1407940120	1.42e-06
1407940181	1.4e-06
1407940241	1.39e-06
1407940302	1.38e-06
1407940362	1.37e-06
1407940422	1.36e-06
1407940483	1.36e-06
1407940543	1.35e-06
1407940604	1.34e-06
1407940664	1.33e-06
1407940725	1.33e-06
1407940785	1.32e-06
1407940846	1.31e-06
1407940906	1.31e-06
1407940967	1.3e-06
1407941027	1.3e-06
1407941088	1.29e-06
1407941148	1.29e-06
1407941208	1.28e-06
1407941269	1.28e-06
1407941330	1.27e-06
1407941390	1.27e-06
1407941451	1.27e-06
1407941511	1.26e-06
1407941572	1.26e-06
1407941632	1.25e-06
1407941692	1.25e-06
1407941753	1.25e-06
1407941813	1.24e-06
1407941874	1.24e-06
1407941934	1.24e-06
1407941995	1.23e-06
1407942055	1.23e-06
1407942116	1.23e-06
1407942176	1.23e-06
1407942237	1.22e-06
1407942297	1.24e-06
1407942358	1.22e-06
1407942418	1.21e-06
1407942479	1.21e-06
1407942539	1.21e-06
1407942600	1.21e-06
1407942660	1.2e-06
1407942720	1.2e-06
1407942781	1.2e-06
1407942841	1.2e-06
1407942902	1.2e-06
1407942962	1.19e-06
1407943023	1.19e-06
1407943083	1.19e-06
1407943144	1.19e-06
1407943204	1.18e-06
1407943265	1.18e-06
1407943325	1.18e-06
1407943386	1.18e-06
1407943446	1.18e-06
1407943507	1.17e-06
1407943567	1.17e-06
1407943628	1.17e-06
1407943688	1.17e-06
1407943748	1.17e-06
1407943809	1.16e-06
1407943869	1.16e-06
1407943930	1.16e-06
1407943990	1.16e-06
1407944051	1.16e-06
1407944111	1.16e-06
1407944172	1.15e-06
1407944232	1.15e-06
1407944293	1.15e-06
1407944353	1.15e-06
1407944414	1.15e-06
1407944474	1.15e-06
1407944535	1.14e-06
1407944595	1.14e-06
1407944656	1.14e-06
1407944716	1.14e-06
1407944776	1.14e-06
1407944837	1.14e-06
1407944897	1.13e-06
1407944958	1.13e-06
1407945018	1.13e-06
1407945079	1.13e-06
1407945139	1.13e-06
1407945200	1.13e-06
1407945260	1.13e-06
1407945321	1.13e-06
1407945381	1.12e-06
1407945442	1.12e-06
1407945502	1.12e-06
1407945563	1.12e-06
1407945623	1.12e-06
1407945684	1.12e-06
1407945744	1.12e-06
1407945805	1.12e-06
1407945865	1.11e-06
1407945926	1.11e-06
1407945986	1.11e-06
1407946047	1.11e-06
1407946107	1.11e-06
1407946168	1.11e-06
1407946228	1.11e-06
1407946289	1.1e-06
1407946349	1.1e-06
1407946410	1.1e-06
1407946470	1.1e-06
1407946531	1.1e-06
1407946591	1.1e-06
1407946652	1.1e-06
1407946712	1.1e-06
1407946773	1.1e-06
1407946833	1.09e-06
1407946894	1.09e-06
1407946954	1.09e-06
1407947015	1.09e-06
1407947075	1.09e-06
1407947136	1.09e-06
1407947196	1.09e-06
1407947257	1.09e-06
1407947317	1.09e-06
1407947378	1.08e-06
1407947438	1.08e-06
1407947499	1.08e-06
1407947559	1.08e-06
1407947620	1.08e-06
1407947680	1.08e-06
1407947741	1.08e-06
1407947801	1.08e-06
1407947862	1.08e-06
1407947922	1.08e-06
1407947983	1.07e-06
1407948043	1.07e-06
1407948103	1.07e-06
1407948164	1.07e-06
1407948224	1.07e-06
1407948285	1.07e-06
1407948345	1.07e-06
1407948406	1.07e-06
1407948466	1.07e-06
1407948527	1.07e-06
1407948587	1.07e-06
1407948648	1.07e-06
1407948708	1.06e-06
1407948768	1.06e-06
1407948829	1.06e-06
1407948889	1.06e-06
1407948950	1.06e-06
1407949010	1.06e-06
1407949071	1.06e-06
1407949131	1.06e-06
1407949192	1.06e-06
1407949252	1.06e-06
1407949313	1.06e-06
1407949373	1.05e-06
1407949434	1.05e-06
1407949494	1.05e-06
1407949555	1.05e-06
1407949615	1.05e-06
1407949676	1.05e-06
1407949736	1.05e-06
1407949797	1.05e-06
1407949857	1.05e-06
1407949918	1.05e-06
1407949978	1.05e-06
1407950039	1.05e-06
1407950099	1.05e-06
1407950160	1.05e-06
1407950220	1.04e-06
1407950281	1.04e-06
1407950341	1.04e-06
1407950402	1.04e-06
1407950462	1.04e-06
1407950523	1.04e-06
1407950583	1.04e-06
1407950644	1.04e-06
1407950704	1.04e-06
1407950765	1.04e-06
1407950825	1.04e-06
1407950885	1.04e-06
1407950946	1.04e-06
1407951006	1.04e-06
1407951067	1.04e-06
1407951127	1.04e-06
1407951188	1.03e-06
1407951248	1.03e-06
1407951309	1.03e-06
1407951369	1.03e-06
1407951430	1.12e-06
1407951490	1.03e-06
1407951551	1.03e-06
1407951611	1.03e-06
1407951672	1.03e-06
1407951732	1.03e-06
1407951793	1.03e-06
1407951853	1.03e-06
1407951914	1.03e-06
1407951974	1.03e-06
1407952035	1.03e-06
1407952095	1.03e-06
1407952156	1.03e-06
1407952216	1.03e-06
1407952277	1.02e-06
1407952337	1.02e-06
1407952398	1.02e-06
1407952458	1.02e-06
1407952519	1.02e-06
1407952579	1.02e-06
1407952640	1.02e-06
1407952700	1.02e-06
1407952761	1.02e-06
1407952821	1.02e-06
1407952882	1.02e-06
1407952942	1.02e-06
1407953002	1.02e-06
1407953063	1.02e-06
1407953124	1.02e-06
1407953184	1.02e-06
1407953245	1.02e-06
1407953305	1.01e-06
1407953366	1.01e-06
1407953426	1.01e-06
1407953486	1.01e-06
1407953547	1.01e-06
1407953607	1.01e-06
1407953668	1.01e-06
1407953728	1.01e-06
1407953789	1.01e-06
1407953849	1.01e-06
1407953910	1.01e-06
1407953970	1.01e-06
1407954031	1.01e-06
1407954091	1.01e-06
1407954152	1.01e-06
1407954212	1.01e-06
1407954273	1.01e-06
1407954333	1.01e-06
1407954394	1.01e-06
1407954454	1e-06
1407954515	1e-06
1407954575	1e-06
1407954636	1e-06
1407954696	1e-06
1407954757	1e-06
1407954817	1e-06
1407954878	1e-06
1407954938	1e-06
1407954999	1.01e-06
1407955059	1e-06
1407955120	1e-06
1407955180	1e-06
1407955241	1e-06
1407955301	9.99e-07
1407955362	1e-06
1407955422	1e-06
1407955483	1e-06
1407955543	1e-06
1407955604	1e-06
1407955664	1e-06
1407955725	1e-06
1407955785	1e-06
1407955846	1e-06
1407955906	1e-06
1407955966	9.99e-07
1407956027	1.02e-06
1407956087	9.98e-07
1407956148	9.98e-07
1407956208	9.98e-07
1407956269	9.98e-07
1407956329	9.98e-07
1407956390	9.97e-07
1407956450	9.97e-07
1407956511	9.97e-07
1407956571	9.97e-07
1407956631	9.97e-07
1407956692	9.96e-07
1407956752	9.96e-07
1407956813	9.96e-07
1407956873	9.96e-07
1407956934	9.95e-07
1407956994	9.95e-07
1407957055	9.95e-07
1407957115	9.95e-07
1407957176	9.94e-07
1407957236	9.94e-07
1407957297	9.94e-07
1407957357	9.94e-07
1407957418	9.94e-07
1407957478	9.94e-07
1407957539	9.93e-07
1407957599	9.93e-07
1407957660	9.93e-07
1407957720	9.93e-07
1407957781	9.92e-07
1407957841	9.92e-07
1407957902	9.92e-07
1407957962	9.92e-07
1407958023	9.92e-07
1407958083	9.92e-07
1407958144	9.91e-07
1407958204	9.91e-07
1407958264	9.91e-07
1407958325	9.91e-07
1407958385	9.91e-07
1407958446	9.91e-07
1407958506	9.91e-07
1407958567	9.9e-07
1407958627	9.9e-07
1407958688	9.9e-07
1407958748	9.9e-07
1407958809	9.89e-07
1407958869	9.89e-07
1407958930	9.89e-07
1407958990	9.89e-07
1407959051	9.89e-07
1407959111	9.89e-07
1407959172	9.89e-07
1407959232	9.88e-07
1407959293	9.88e-07
1407959353	9.88e-07
1407959414	9.88e-07
1407959474	9.88e-07
1407959535	9.87e-07
1407959595	9.87e-07
1407959655	9.87e-07
1407959716	9.87e-07
1407959776	9.87e-07
1407959837	9.87e-07
1407959897	9.87e-07
1407959958	9.86e-07
1407960018	9.86e-07
1407960079	9.86e-07
1407960139	9.86e-07
1407960200	9.86e-07
1407960260	9.85e-07
1407960320	9.85e-07
1407960381	9.85e-07
1407960441	9.85e-07
1407960502	9.85e-07
1407960562	9.85e-07
1407960623	9.85e-07
1407960683	9.84e-07
1407960744	9.84e-07
1407960804	9.84e-07
1407960865	9.84e-07
1407960925	9.84e-07
1407960986	9.84e-07
1407961046	9.84e-07
1407961107	9.84e-07
1407961167	9.84e-07
1407961228	9.84e-07
1407961288	9.84e-07
1407961349	9.83e-07
1407961409	9.83e-07
1407961469	9.83e-07
1407961530	9.83e-07
1407961591	9.83e-07
1407961651	9.83e-07
1407961711	9.82e-07
1407961772	9.82e-07
1407961832	9.82e-07
1407961893	9.82e-07
1407961953	9.82e-07
1407962014	9.81e-07
1407962074	9.81e-07
1407962135	9.81e-07
1407962195	9.81e-07
1407962256	9.8e-07
1407962316	9.8e-07
1407962377	9.8e-07
1407962437	9.8e-07
1407962498	9.8e-07
1407962558	9.8e-07
1407962619	9.8e-07
1407962679	9.8e-07
1407962739	9.8e-07
1407962800	9.8e-07
1407962860	9.8e-07
1407962921	9.8e-07
1407962981	9.79e-07
1407963042	9.79e-07
1407963102	9.79e-07
1407963163	9.79e-07
1407963223	9.79e-07
1407963284	9.79e-07
1407963344	9.79e-07
1407963405	9.79e-07
1407963465	9.79e-07
1407963526	9.78e-07
1407963586	9.78e-07
1407963647	9.78e-07
1407963707	9.78e-07
1407963768	9.78e-07
1407963828	9.78e-07
1407963888	9.78e-07
1407963949	9.77e-07
1407964009	9.77e-07
1407964070	9.77e-07
1407964130	9.77e-07
1407964191	9.77e-07
1407964251	9.77e-07
1407964312	9.77e-07
1407964372	9.76e-07
1407964433	9.76e-07
1407964493	9.76e-07
1407964554	9.76e-07
1407964614	9.76e-07
1407964675	9.76e-07
1407964735	9.76e-07
1407964796	9.75e-07
1407964856	9.75e-07
1407964917	9.75e-07
1407964977	9.74e-07
1407965037	9.74e-07
1407965098	9.74e-07
1407965158	9.74e-07
1407965219	9.74e-07
1407965279	9.74e-07
1407965340	9.74e-07
1407965400	9.73e-07
1407965461	9.73e-07
1407965521	9.73e-07
1407965582	9.73e-07
1407965642	9.73e-07
1407965703	9.73e-07
1407965763	9.72e-07
1407965824	9.73e-07
1407965884	9.72e-07
1407965945	9.72e-07
1407966005	9.72e-07
1407966066	9.72e-07
1407966126	9.72e-07
1407966186	9.72e-07
1407966247	9.71e-07
1407966307	9.71e-07
1407966368	9.71e-07
1407966428	9.71e-07
1407966489	9.7e-07
1407966549	9.7e-07
1407966610	9.7e-07
1407966670	9.7e-07
1407966731	9.7e-07
1407966791	9.7e-07
1407966852	9.7e-07
1407966912	9.69e-07
1407966973	9.69e-07
1407967033	9.69e-07
1407967094	9.69e-07
1407967154	9.69e-07
1407967215	9.68e-07
1407967275	9.68e-07
1407967336	9.68e-07
1407967396	9.68e-07
1407967457	9.68e-07
1407967517	9.67e-07
1407967578	9.67e-07
1407967638	9.67e-07
1407967699	9.67e-07
1407967759	9.67e-07
1407967820	9.66e-07
1407967880	9.66e-07
1407967941	9.66e-07
1407968001	9.66e-07
1407968062	9.66e-07
1407968122	9.66e-07
1407968183	9.66e-07
1407968243	2.11e-06
1407968304	4.38e-06
1407968364	3.74e-06
1407968425	3.45e-06
1407968485	3.37e-06
1407968546	3.35e-06
1407968606	3.35e-06
1407968667	3.36e-06
1407968727	3.38e-06
1407968788	3.39e-06
1407968848	3.41e-06
1407968909	3.42e-06
1407968969	3.44e-06
1407969030	3.45e-06
1407969090	3.47e-06
1407969151	3.48e-06
1407969211	3.5e-06
1407969271	3.51e-06
1407969332	3.52e-06
1407969392	3.53e-06
1407971320	0.0
1407971380	2.31e-06
1407971441	1.86e-06
1407971501	1.67e-06
1407971562	1.55e-06
1407971622	1.27e-06
1407971683	1.25e-06
1407971743	1.22e-06
1407971804	1.19e-06
1407971864	1.17e-06
1407971925	1.15e-06
1407971985	1.14e-06
1407972046	1.12e-06
1407972106	1.11e-06
1407972167	1.1e-06
1407972227	1.09e-06
1407972288	1.08e-06
1407972348	1.07e-06
1407972408	1.06e-06
1407972469	1.05e-06
1407972529	1.05e-06
1407972590	1.04e-06
1407972650	1.03e-06
1407972711	1.03e-06
1407972771	1.02e-06
1407972832	1.02e-06
1407972892	1.01e-06
1407972953	1.01e-06
1407973013	1e-06
1407973074	1e-06
1407973134	9.96e-07
1407973195	9.92e-07
1407973255	9.89e-07
1407973316	9.85e-07
1407973376	9.82e-07
1407973437	9.79e-07
1407973497	9.76e-07
1407973558	9.73e-07
1407973618	9.7e-07
1407973679	9.67e-07
1407973739	9.65e-07
1407973799	9.62e-07
1407973860	9.59e-07
1407973921	9.57e-07
1407973981	9.55e-07
1407974041	9.53e-07
1407974102	9.51e-07
1407974162	9.48e-07
1407974223	9.46e-07
1407974283	9.45e-07
1407974344	9.43e-07
1407974404	9.41e-07
1407974465	9.39e-07
1407974525	9.37e-07
1407974586	9.36e-07
1407974647	9.34e-07
1407974707	9.32e-07
1407974767	9.31e-07
1407974828	9.29e-07
1407974888	9.28e-07
1407974949	9.26e-07
1407975009	9.25e-07
1407975070	9.24e-07
1407975130	9.23e-07
1407975191	9.21e-07
1407975251	9.2e-07
1407975312	9.19e-07
1407975372	9.17e-07
1407975432	9.16e-07
1407975493	9.15e-07
1407975553	9.13e-07
1407975614	9.12e-07
1407975674	9.11e-07
1407975735	9.1e-07
1407975795	9.09e-07
1407975856	9.07e-07
1407975916	9.06e-07
1407975977	9.05e-07
1407976037	9.04e-07
1407976098	9.03e-07
1407976158	9.02e-07
1407976219	9.01e-07
1407976279	9e-07
1407976339	8.99e-07
1407976400	8.98e-07
1407976460	8.97e-07
1407976521	8.96e-07
1407976581	8.95e-07
1407976642	8.94e-07
1407976702	8.93e-07
1407976763	8.92e-07
1407976823	8.92e-07
1407976884	8.91e-07
1407976944	8.9e-07
1407977005	8.89e-07
1407977065	8.88e-07
1407977126	8.87e-07
1407977186	8.86e-07
1407977247	8.85e-07
1407977307	8.84e-07
1407977368	8.83e-07
1407977428	8.83e-07
1407977489	8.82e-07
1407977549	8.81e-07
1407977610	8.8e-07
1407977670	8.8e-07
1407977730	8.79e-07
1407977791	8.78e-07
1407977851	8.77e-07
1407977912	8.76e-07
1407977972	8.76e-07
1407978033	8.75e-07
1407978093	8.73e-07
1407978154	9.09e-07
1407978214	8.95e-07
1407978275	8.93e-07
1407978335	8.9e-07
1407978396	8.89e-07
1407978456	8.87e-07
1407978517	8.86e-07
1407978577	8.85e-07
1407978638	8.28e-07
1407978698	8.32e-07
1407978759	8.4e-07
1407978819	8.44e-07
1407978879	8.47e-07
1407978940	8.48e-07
1407979000	8.48e-07
1407979061	8.49e-07
1407979121	8.49e-07
1407979182	8.49e-07
1407979242	8.49e-07
1407979303	8.49e-07
1407979363	8.49e-07
1407979424	8.49e-07
1407979484	8.48e-07
1407979545	8.48e-07
1407979605	8.47e-07
1407979666	8.47e-07
1407979726	8.46e-07
1407979786	8.46e-07
1407979847	8.45e-07
1407979907	8.45e-07
1407979968	8.45e-07
1407980028	8.44e-07
1407980089	8.44e-07
1407980149	8.43e-07
1407980210	8.43e-07
1407980270	8.42e-07
1407980331	8.42e-07
1407980391	8.41e-07
1407980452	8.41e-07
1407980512	8.41e-07
1407980573	8.4e-07
1407980633	8.4e-07
1407980694	8.39e-07
1407980754	8.39e-07
1407980815	8.38e-07
1407980875	8.38e-07
1407980936	8.37e-07
1407980996	8.37e-07
1407981057	8.36e-07
1407981117	8.36e-07
1407981177	8.35e-07
1407981238	8.34e-07
1407981299	8.34e-07
1407981359	8.34e-07
1407981420	8.33e-07
1407981480	8.33e-07
1407981541	8.32e-07
1407981601	8.31e-07
1407981662	8.31e-07
1407981722	8.31e-07
1407981782	8.3e-07
1407981843	8.3e-07
1407981903	8.29e-07
1407981964	8.29e-07
1407982024	8.28e-07
1407982085	8.28e-07
1407982145	8.27e-07
1407982206	8.27e-07
1407982266	8.26e-07
1407982327	8.26e-07
1407982387	8.25e-07
1407982448	8.25e-07
1407982508	8.25e-07
1407982569	8.24e-07
1407982629	8.24e-07
1407982690	8.23e-07
1407982750	8.22e-07
1407982810	8.22e-07
1407982871	8.22e-07
1407982931	8.21e-07
1407982992	8.21e-07
1407983052	8.2e-07
1407983113	8.19e-07
1407983173	8.19e-07
1407983234	8.19e-07
1407983294	8.18e-07
1407983355	8.18e-07
1407983415	8.17e-07
1407983476	8.17e-07
1407983536	8.17e-07
1407983597	8.16e-07
1407983657	8.16e-07
1407983718	8.16e-07
1407983778	8.15e-07
1407983839	8.15e-07
1407983899	8.14e-07
1407983960	8.14e-07
1407984020	8.14e-07
1407984081	8.13e-07
1407984141	8.13e-07
1407984202	8.12e-07
1407984262	8.12e-07
1407984323	8.11e-07
1407984383	8.11e-07
1407984444	8.11e-07
1407984504	8.1e-07
1407984565	8.09e-07
1407984625	8.09e-07
1407984686	8.09e-07
1407984746	8.08e-07
1407984806	8.08e-07
1407984867	8.07e-07
1407984927	8.07e-07
1407984988	8.07e-07
1407985048	8.07e-07
1407985109	8.06e-07
1407985169	8.06e-07
1407985230	8.05e-07
1407985290	8.05e-07
1407985351	8.05e-07
1407985411	8.05e-07
1407985472	8.04e-07
1407985532	8.04e-07
1407985593	8.03e-07
1407985653	8.03e-07
1407985714	8.03e-07
1407985774	8.02e-07
1407985835	8.02e-07
1407985895	8.01e-07
1407985955	8.01e-07
1407986016	8.01e-07
1407986076	8e-07
1407986137	8e-07
1407986197	7.99e-07
1407986258	7.99e-07
1407986318	7.98e-07
1407986379	7.98e-07
1407986439	7.97e-07
1407986500	7.97e-07
1407986560	7.97e-07
1407986621	7.96e-07
1407986681	7.96e-07
1407986742	7.96e-07
1407986802	7.95e-07
1407986862	7.95e-07
1407986923	7.95e-07
1407986983	7.94e-07
1407987044	7.94e-07
1407987104	7.94e-07
1407987165	7.94e-07
1407987225	7.93e-07
1407987286	7.93e-07
1407987346	7.92e-07
1407987407	7.92e-07
1407987467	7.92e-07
1407987528	7.92e-07
1407987588	7.91e-07
1407987649	7.9e-07
1407987709	7.9e-07
1407987770	7.9e-07
1407987830	7.9e-07
1407987891	7.89e-07
1407987951	7.89e-07
1407988012	7.88e-07
1407988072	7.88e-07
1407988133	7.88e-07
1407988193	7.87e-07
1407988254	7.87e-07
1407988314	7.87e-07
1407988374	7.86e-07
1407988435	7.86e-07
1407988495	7.86e-07
1407988556	7.85e-07
1407988616	7.85e-07
1407988677	7.85e-07
1407988737	7.84e-07
1407988798	7.84e-07
1407988858	7.84e-07
1407988919	7.84e-07
1407988979	7.84e-07
1407989040	7.83e-07
1407989100	7.83e-07
1407989161	7.83e-07
1407989221	7.82e-07
1407989282	7.82e-07
1407989342	7.82e-07
1407989403	7.82e-07
1407989463	7.81e-07
1407989524	7.81e-07
1407989584	7.81e-07
1407989645	7.8e-07
1407989705	7.8e-07
1407989765	7.8e-07
1407989826	7.79e-07
1407989886	7.79e-07
1407989947	7.78e-07
1407990007	7.78e-07
1407990068	7.78e-07
1407990128	7.77e-07
1407990189	7.77e-07
1407990249	7.76e-07
1407990310	7.76e-07
1407990370	7.76e-07
1407990431	7.76e-07
1407990491	7.75e-07
1407990551	7.75e-07
1407990612	7.75e-07
1407990672	7.74e-07
1407990733	7.74e-07
1407990793	7.74e-07
1407990854	7.74e-07
1407990914	7.74e-07
1407990975	7.73e-07
1407991035	7.73e-07
1407991096	7.73e-07
1407991156	7.72e-07
1407991217	7.72e-07
1407991277	7.72e-07
1407991338	7.72e-07
1407991398	7.72e-07
1407991459	7.71e-07
1407991519	7.7e-07
1407991580	7.7e-07
1407991640	7.7e-07
1407991700	7.7e-07
1407991761	7.69e-07
1407991821	7.69e-07
1407991882	7.69e-07
1407991942	7.68e-07
1407992003	7.68e-07
1407992063	7.68e-07
1407992124	7.68e-07
1407992184	7.67e-07
1407992245	7.67e-07
1407992305	7.67e-07
1407992365	7.66e-07
1407992426	7.66e-07
1407992486	7.66e-07
1407992547	7.66e-07
1407992607	7.66e-07
1407992668	7.65e-07
1407992728	7.65e-07
1407992789	7.65e-07
1407992850	7.64e-07
1407992910	7.64e-07
1407992970	7.64e-07
1407993031	7.63e-07
1407993091	7.63e-07
1407993152	7.63e-07
1407993212	7.62e-07
1407993273	7.62e-07
1407993333	7.62e-07
1407993394	7.62e-07
1407993454	7.61e-07
1407993515	7.61e-07
1407993575	7.61e-07
1407993636	7.61e-07
1407993696	7.6e-07
1407993757	7.6e-07
1407993817	7.6e-07
1407993877	7.59e-07
1407993938	7.59e-07
1407993998	7.59e-07
1407994059	7.59e-07
1407994119	7.58e-07
1407994180	7.58e-07
1407994240	7.58e-07
1407994301	7.58e-07
1407994361	7.58e-07
1407994422	7.57e-07
1407994482	7.57e-07
1407994543	7.57e-07
1407994603	7.56e-07
1407994664	7.56e-07
1407994724	7.56e-07
1407994785	7.55e-07
1407994845	7.55e-07
1407994906	7.55e-07
1407994966	7.54e-07
1407995027	7.54e-07
1407995087	7.54e-07
1407995148	7.53e-07
1407995208	7.53e-07
1407995269	7.53e-07
1407995329	7.52e-07
1407995389	7.52e-07
1407995450	7.52e-07
1407995510	7.52e-07
1407995571	7.51e-07
1407995631	7.51e-07
1407995692	7.51e-07
1407995752	7.5e-07
1407995813	7.5e-07
1407995873	7.5e-07
1407995934	7.5e-07
1407995994	7.49e-07
1407996055	7.49e-07
1407996115	7.49e-07
1407996175	7.49e-07
1407996236	7.48e-07
1407996296	7.48e-07
1407996357	7.48e-07
1407996417	7.47e-07
1407996478	7.47e-07
1407996538	7.47e-07
1407996599	7.47e-07
1407996659	7.47e-07
1407996720	7.46e-07
1407996780	7.46e-07
1407996841	7.45e-07
1407996901	7.45e-07
1407996962	7.45e-07
1407997022	7.45e-07
1407997083	7.44e-07
1407997143	7.44e-07
1407997204	7.44e-07
1407997264	7.43e-07
1407997325	7.43e-07
1407997385	7.43e-07
1407997446	7.42e-07
1407997506	7.42e-07
1407997566	7.42e-07
1407997627	7.42e-07
1407997687	7.41e-07
1407997748	7.41e-07
1407997808	7.41e-07
1407997869	7.4e-07
1407997929	7.4e-07
1407997990	7.4e-07
1407998050	7.39e-07
1407998111	7.39e-07
1407998171	7.39e-07
1407998232	7.39e-07
1407998292	7.39e-07
1407998353	7.39e-07
1407998413	7.38e-07
1407998474	7.38e-07
1407998534	7.38e-07
1407998595	7.37e-07
1407998655	7.37e-07
1407998716	7.37e-07
1407998776	7.37e-07
1407998837	7.36e-07
1407998897	7.36e-07
1407998958	7.36e-07
1407999018	7.36e-07
1407999079	7.35e-07
1407999139	7.35e-07
1407999200	7.35e-07
1407999260	7.34e-07
1407999321	7.34e-07
1407999381	7.34e-07
1407999442	7.33e-07
1407999502	7.33e-07
1407999563	7.33e-07
1407999623	7.33e-07
1407999684	7.32e-07
1407999744	7.32e-07
1407999805	7.32e-07
1407999865	7.32e-07
1407999926	7.31e-07
1407999986	7.31e-07
1408000047	7.31e-07
1408000107	7.31e-07
1408000168	7.3e-07
1408000228	7.3e-07
1408000288	7.3e-07
1408000349	7.3e-07
1408000409	7.29e-07
1408000470	7.29e-07
1408000530	7.29e-07
1408000591	7.29e-07
1408000651	7.28e-07
1408000712	7.28e-07
1408000772	7.28e-07
1408000833	7.27e-07
1408000893	7.27e-07
1408000954	7.27e-07
1408001014	7.27e-07
1408001075	7.26e-07
1408001135	7.26e-07
1408001196	7.26e-07
1408001256	7.26e-07
1408001317	7.25e-07
1408001377	7.25e-07
1408001437	7.25e-07
1408001498	7.24e-07
1408001559	7.24e-07
1408001619	7.24e-07
1408001680	7.23e-07
1408001740	7.23e-07
1408001800	7.23e-07
1408001861	7.23e-07
1408001921	7.22e-07
1408001982	7.22e-07
1408002042	7.22e-07
1408002103	7.21e-07
1408002163	7.21e-07
1408002224	8.55e-07
1408002284	8.23e-07
1408002345	8.12e-07
1408002405	8.05e-07
1408002466	8.01e-07
1408002526	7.97e-07
1408002587	7.94e-07
1408002647	7.92e-07
1408002708	7.9e-07
1408002768	7.89e-07
1408002829	7.87e-07
1408002889	7.86e-07
1408002950	7.85e-07
1408003010	7.83e-07
1408003071	7.82e-07
1408003131	7.82e-07
1408003192	7.81e-07
1408003252	7.8e-07
1408003313	7.79e-07
1408003373	7.78e-07
1408003434	7.77e-07
1408003494	7.77e-07
1408003555	7.76e-07
1408003615	7.75e-07
1408003676	7.75e-07
1408003736	7.74e-07
1408003797	7.74e-07
1408003857	7.73e-07
1408003918	7.72e-07
1408003978	7.72e-07
1408004039	7.71e-07
1408004099	7.71e-07
1408004159	7.7e-07
1408004220	7.7e-07
1408004280	7.69e-07
1408004341	7.69e-07
1408004401	7.68e-07
1408004462	7.68e-07
1408004522	7.67e-07
1408004583	7.67e-07
1408004643	7.66e-07
1408004704	7.66e-07
1408004764	7.66e-07
1408004825	7.65e-07
1408004885	7.65e-07
1408004946	7.64e-07
1408005006	7.64e-07
1408005067	7.63e-07
1408005127	7.63e-07
1408005188	7.63e-07
1408005248	7.62e-07
1408005309	7.62e-07
1408005369	7.61e-07
1408005430	7.61e-07
1408005490	7.61e-07
1408005551	7.6e-07
1408005611	7.6e-07
1408005672	7.6e-07
1408005732	7.59e-07
1408005793	7.59e-07
1408005853	7.58e-07
1408005914	7.58e-07
1408005974	7.58e-07
1408006035	7.57e-07
1408006095	7.57e-07
1408006155	7.56e-07
1408006216	7.56e-07
1408006276	7.56e-07
1408006337	7.55e-07
1408006397	7.55e-07
1408006458	7.55e-07
1408006518	7.55e-07
1408006579	7.54e-07
1408006639	7.54e-07
1408006700	7.54e-07
1408006760	7.53e-07
1408006821	7.53e-07
1408006881	7.53e-07
1408006942	7.52e-07
1408007002	7.52e-07
1408007063	7.51e-07
1408007123	7.51e-07
1408007184	7.51e-07
1408007244	7.5e-07
1408007305	7.5e-07
1408007365	7.5e-07
1408007426	7.5e-07
1408007486	7.49e-07
1408007547	7.49e-07
1408007607	7.49e-07
1408007667	7.48e-07
1408007728	7.48e-07
1408007788	7.47e-07
1408007849	7.47e-07
1408007909	7.47e-07
1408007970	7.46e-07
1408008030	7.46e-07
1408008091	7.46e-07
1408008151	7.46e-07
1408008212	7.45e-07
1408008272	7.45e-07
1408008333	7.45e-07
1408008393	7.44e-07
1408008453	7.44e-07
1408008514	7.44e-07
1408008574	7.43e-07
1408008635	7.43e-07
1408008695	7.43e-07
1408008756	7.42e-07
1408008816	7.42e-07
1408008877	7.42e-07
1408008937	7.41e-07
1408008998	7.41e-07
1408009058	7.41e-07
1408009119	7.41e-07
1408009179	7.4e-07
1408009240	7.4e-07
1408009300	7.4e-07
1408009361	7.4e-07
1408009421	7.39e-07
1408009482	7.39e-07
1408009542	7.39e-07
1408009603	7.39e-07
1408009663	7.38e-07
1408009724	7.38e-07
1408009784	7.37e-07
1408009845	7.37e-07
1408009905	7.37e-07
1408009966	7.36e-07
1408010026	7.36e-07
1408010087	7.35e-07
1408010147	7.35e-07
1408010208	7.35e-07
1408010268	7.34e-07
1408010329	7.34e-07
1408010389	7.34e-07
1408010450	7.33e-07
1408010510	7.33e-07
1408010571	7.33e-07
1408010631	7.33e-07
1408010692	7.32e-07
1408010752	7.32e-07
1408010813	7.32e-07
1408010873	7.31e-07
1408010934	7.31e-07
1408010994	7.31e-07
1408011055	7.3e-07
1408011115	7.3e-07
1408011176	7.3e-07
1408011236	7.3e-07
1408011297	7.29e-07
1408011357	7.29e-07
1408011418	7.29e-07
1408011478	7.28e-07
1408011539	7.28e-07
1408011599	7.28e-07
1408011660	7.27e-07
1408011720	7.27e-07
1408011781	7.26e-07
1408011841	7.26e-07
1408011902	7.26e-07
1408011962	7.26e-07
1408012022	7.25e-07
1408012083	7.25e-07
1408012143	7.25e-07
1408012204	7.24e-07
1408012264	7.24e-07
1408012325	7.24e-07
1408012385	7.23e-07
1408012446	7.23e-07
1408012506	7.23e-07
1408012567	7.22e-07
1408012627	7.22e-07
1408012688	7.22e-07
1408012748	7.21e-07
1408012809	7.21e-07
1408012869	7.21e-07
1408012929	7.21e-07
1408012990	7.2e-07
1408013050	7.2e-07
1408013111	7.2e-07
1408013171	6.28e-07
1408013232	6.13e-07
1408013292	6.19e-07
1408013353	6.24e-07
1408013413	6.28e-07
1408013474	6.31e-07
1408013534	6.34e-07
1408013595	6.35e-07
1408013655	6.36e-07
1408013716	6.38e-07
1408013776	6.39e-07
1408013837	6.4e-07
1408013897	6.4e-07
1408013958	6.41e-07
1408014018	6.41e-07
1408014079	6.41e-07
1408014139	6.42e-07
1408014200	6.42e-07
1408014260	6.42e-07
1408014321	6.42e-07
1408014381	6.43e-07
1408014442	6.43e-07
1408014502	6.43e-07
1408014563	6.43e-07
1408014623	6.43e-07
1408014684	6.43e-07
1408014744	6.43e-07
1408014805	6.43e-07
1408014866	6.43e-07
1408014926	6.43e-07
1408014986	6.43e-07
1408015047	6.43e-07
1408015107	6.43e-07
1408015168	6.43e-07
1408015228	6.43e-07
1408015289	6.43e-07
1408015349	6.43e-07
1408015410	6.43e-07
1408015470	6.42e-07
1408015531	6.42e-07
1408015591	6.43e-07
1408015652	6.42e-07
1408015712	6.43e-07
1408015773	6.42e-07
1408015833	6.42e-07
1408015894	6.42e-07
1408015954	6.42e-07
1408016015	6.42e-07
1408016075	6.42e-07
1408016136	6.42e-07
1408016196	6.42e-07
1408016257	6.42e-07
1408016317	6.41e-07
1408016377	6.42e-07
1408016438	6.41e-07
1408016498	6.41e-07
1408016559	6.41e-07
1408016619	6.41e-07
1408016680	6.41e-07
1408016740	6.4e-07
1408016801	6.4e-07
1408016861	6.4e-07
1408016922	6.4e-07
1408016982	6.4e-07
1408017043	6.4e-07
1408017103	6.4e-07
1408017164	6.4e-07
1408017224	6.4e-07
1408017285	6.39e-07
1408017345	6.39e-07
1408017406	8.03e-07
1408017466	7.74e-07
1408017527	7.64e-07
1408017587	7.59e-07
1408017648	7.54e-07
1408017708	7.51e-07
1408017768	7.48e-07
1408017829	7.46e-07
1408017889	7.44e-07
1408017950	7.43e-07
1408018010	7.41e-07
1408018071	7.4e-07
1408018132	7.39e-07
1408018192	7.38e-07
1408018253	7.37e-07
1408018313	7.36e-07
1408018374	7.35e-07
1408018434	7.34e-07
1408018495	7.34e-07
1408018555	7.33e-07
1408018616	7.33e-07
1408018676	7.32e-07
1408018737	7.31e-07
1408018797	7.31e-07
1408018858	7.3e-07
1408018918	7.3e-07
1408018978	7.29e-07
1408019039	7.29e-07
1408019099	7.28e-07
1408019160	7.28e-07
1408019220	7.27e-07
1408019281	7.27e-07
1408019341	7.27e-07
1408019402	7.27e-07
1408019462	7.26e-07
1408019523	7.26e-07
1408019583	7.26e-07
1408019644	7.25e-07
1408019704	7.25e-07
1408019765	7.25e-07
1408019825	7.24e-07
1408019886	7.24e-07
1408019946	7.24e-07
1408020007	7.24e-07
1408020067	7.24e-07
1408020128	7.24e-07
1408020188	7.24e-07
1408020249	7.24e-07
1408020309	7.23e-07
1408020370	7.23e-07
1408020430	7.23e-07
1408020491	7.23e-07
1408020551	7.23e-07
1408020612	7.23e-07
1408020672	7.23e-07
1408020733	7.23e-07
1408020793	7.24e-07
1408020854	7.23e-07
1408020914	7.23e-07
1408020975	7.23e-07
1408021035	7.23e-07
1408021096	7.23e-07
1408021156	7.23e-07
1408021216	7.23e-07
1408021277	7.23e-07
1408021337	7.23e-07
1408021398	7.22e-07
1408021458	7.22e-07
1408021519	7.22e-07
1408021579	7.22e-07
1408021640	7.22e-07
1408021700	7.22e-07
1408021761	7.22e-07
1408021821	7.22e-07
1408021882	7.22e-07
1408021942	7.22e-07
1408022003	7.22e-07
1408022063	7.22e-07
1408022124	7.22e-07
1408022184	7.22e-07
1408022245	7.22e-07
1408022305	7.22e-07
1408022366	7.22e-07
1408022426	7.22e-07
1408022487	7.22e-07
1408022547	7.22e-07
1408022608	7.22e-07
1408022668	7.22e-07
1408022729	7.22e-07
1408022789	7.23e-07
1408022850	7.24e-07
1408022910	7.27e-07
1408022971	7.32e-07
1408023031	7.39e-07
1408023092	7.47e-07
1408023152	7.57e-07
1408023213	7.67e-07
1408023273	7.77e-07
1408023333	7.86e-07
1408023394	7.95e-07
1408023454	8.03e-07
1408023515	8.12e-07
1408023575	8.21e-07
1408023636	8.3e-07
1408023696	8.39e-07
1408023757	8.48e-07
1408023817	8.56e-07
1408023878	8.61e-07
1408023938	8.62e-07
1408023999	8.6e-07
1408024059	8.56e-07
1408024120	8.51e-07
1408024180	8.48e-07
1408024240	8.45e-07
1408024301	3.33e-06
1408024361	3.34e-06
1408024422	3.06e-06
1408024482	2.95e-06
1408024543	2.92e-06
1408024603	2.91e-06
1408024664	2.91e-06
1408024724	2.92e-06
1408024785	2.92e-06
1408024845	2.93e-06
1408024906	2.94e-06
1408024966	2.95e-06
1408025027	2.96e-06
1408025087	2.97e-06
1408025148	2.98e-06
1408025208	2.99e-06
1408025269	2.99e-06
1408025329	3e-06
1408025390	3.01e-06
1408025450	3.02e-06
1408025511	3.03e-06
1408025571	3.03e-06
1408025631	3.04e-06
1408025692	3.04e-06
1408026697	0.0
1408026758	1.64e-06
1408026818	1.34e-06
1408026879	1.21e-06
1408026939	1.13e-06
1408027000	1.08e-06
1408027060	1.05e-06
1408027121	1.02e-06
1408027181	9.98e-07
1408027242	9.8e-07
1408027302	9.65e-07
1408027363	9.53e-07
1408027423	9.41e-07
1408027484	9.31e-07
1408027634	0.0
1408027694	1.05e-06
1408027755	9.64e-07
1408027815	9.33e-07
1408027876	9.16e-07
1408027936	9.05e-07
1408027997	8.96e-07
1408028057	8.89e-07
1408028118	8.83e-07
1408028178	8.78e-07
1408028239	8.74e-07
1408028299	8.7e-07
1408028360	8.66e-07
1408028420	8.63e-07
1408028481	8.6e-07
1408028541	8.57e-07
1408028601	8.54e-07
1408028662	8.51e-07
1408028722	8.48e-07
1408028783	8.46e-07
1408028843	8.43e-07
1408028904	8.41e-07
1408028964	8.39e-07
1408029025	8.37e-07
1408029085	8.35e-07
1408029146	8.33e-07
1408029206	8.31e-07
1408029266	8.29e-07
1408029327	8.28e-07
1408029387	8.26e-07
1408029448	8.24e-07
1408029508	8.23e-07
1408029569	8.21e-07
1408029629	8.2e-07
1408029690	8.18e-07
1408029750	8.17e-07
1408029811	8.15e-07
1408029871	8.14e-07
1408029932	8.13e-07
1408029992	8.12e-07
1408030053	8.11e-07
1408030113	8.1e-07
1408030173	8.08e-07
1408030234	8.07e-07
1408030295	8.06e-07
1408030355	8.05e-07
1408030416	8.04e-07
1408030476	8.03e-07
1408030537	8.02e-07
1408030597	8.01e-07
1408030658	8e-07
1408030718	7.99e-07
1408030778	7.98e-07
1408030839	7.98e-07
1408030899	7.97e-07
1408030960	7.96e-07
1408031020	7.95e-07
1408031081	7.95e-07
1408031141	7.94e-07
1408031202	7.93e-07
1408031262	7.92e-07
1408031323	7.92e-07
1408031383	7.91e-07
1408031444	7.9e-07
1408031504	7.9e-07
1408031565	7.89e-07
1408031625	7.89e-07
1408031686	7.88e-07
1408031746	7.87e-07
1408031807	7.87e-07
1408031867	7.86e-07
1408031927	7.86e-07
1408031988	7.85e-07
1408032048	7.84e-07
1408032109	7.84e-07
1408032170	7.84e-07
1408032230	7.83e-07
1408032290	7.83e-07
1408032351	7.82e-07
1408032411	7.82e-07
1408032472	7.81e-07
1408032532	7.81e-07
1408032593	7.8e-07
1408032653	7.8e-07
1408032714	7.79e-07
1408032774	7.79e-07
1408032835	7.79e-07
1408032895	7.78e-07
1408032956	7.78e-07
1408033016	7.77e-07
1408033077	7.77e-07
1408033137	7.76e-07
1408033198	7.76e-07
1408033258	7.75e-07
1408033319	7.73e-07
1408033379	7.72e-07
1408033440	7.71e-07
1408033500	7.7e-07
1408033561	7.69e-07
1408033621	7.68e-07
1408033682	7.67e-07
1408033742	7.67e-07
1408033803	7.66e-07
1408033863	7.65e-07
1408033924	7.65e-07
1408033984	7.64e-07
1408034045	7.63e-07
1408034105	7.62e-07
1408034166	7.61e-07
1408034226	7.6e-07
1408034287	7.58e-07
1408034347	7.57e-07
1408034408	7.56e-07
1408034468	7.55e-07
1408034529	7.54e-07
1408034589	7.53e-07
1408034650	7.52e-07
1408034710	7.51e-07
1408034770	7.5e-07
1408034831	7.49e-07
1408034891	7.48e-07
1408034952	7.47e-07
1408035012	7.46e-07
1408035073	7.45e-07
1408035133	7.44e-07
1408035194	7.43e-07
1408035254	7.42e-07
1408035315	7.41e-07
1408035375	7.4e-07
1408035436	7.38e-07
1408035496	7.37e-07
1408035557	7.36e-07
1408035617	7.35e-07
1408035678	7.34e-07
1408035738	7.33e-07
1408035799	7.32e-07
1408035859	7.3e-07
1408035920	7.29e-07
1408035980	7.28e-07
1408036040	7.27e-07
1408036101	7.26e-07
1408036161	7.25e-07
1408036222	7.24e-07
1408036282	7.23e-07
1408036343	7.22e-07
1408036403	7.22e-07
1408036464	7.21e-07
1408036524	7.19e-07
1408036585	7.19e-07
1408036645	9.02e-07
1408036706	7.18e-07
1408036766	7.16e-07
1408036827	7.16e-07
1408036887	7.15e-07
1408036947	7.15e-07
1408037008	7.14e-07
1408037068	7.13e-07
1408037129	7.13e-07
1408037189	7.12e-07
1408037250	7.11e-07
1408037310	7.11e-07
1408037371	7.1e-07
1408037431	7.09e-07
1408037492	7.09e-07
1408037552	7.08e-07
1408037613	7.07e-07
1408037673	7.07e-07
1408037734	7.06e-07
1408037794	7.06e-07
1408037855	7.05e-07
1408037915	7.05e-07
1408037976	7.04e-07
1408038036	7.04e-07
1408038097	7.03e-07
1408038157	7.03e-07
1408038218	7.02e-07
1408038278	7.02e-07
1408038339	7.01e-07
1408038399	7.01e-07
1408038460	7.01e-07
1408038520	7e-07
1408038581	7e-07
1408038641	6.99e-07
1408038702	6.99e-07
1408038762	6.99e-07
1408038823	6.98e-07
1408038883	6.98e-07
1408038944	6.98e-07
1408039004	6.98e-07
1408039065	6.97e-07
1408039125	6.97e-07
1408039186	6.97e-07
1408039246	6.97e-07
1408039307	6.97e-07
1408039367	6.96e-07
1408039428	6.96e-07
1408039488	6.96e-07
1408039548	6.95e-07
1408039609	6.95e-07
1408039669	6.95e-07
1408039730	6.94e-07
1408039790	6.94e-07
1408039851	6.93e-07
1408039911	6.93e-07
1408039972	6.93e-07
1408040032	6.92e-07
1408040093	6.92e-07
1408040153	6.91e-07
1408040214	6.91e-07
1408040274	6.91e-07
1408040335	6.91e-07
1408040395	6.9e-07
1408040456	6.9e-07
1408040516	6.9e-07
1408040577	6.9e-07
1408040637	6.9e-07
1408040698	6.9e-07
1408040758	6.89e-07
1408040818	6.89e-07
1408040879	6.89e-07
1408040939	6.89e-07
1408041000	6.89e-07
1408041060	6.89e-07
1408041121	6.89e-07
1408041181	6.89e-07
1408041242	6.89e-07
1408041302	6.89e-07
1408041362	6.89e-07
1408041423	6.89e-07
1408041483	6.89e-07
1408041544	6.89e-07
1408041604	6.89e-07
1408041665	6.89e-07
1408041725	6.88e-07
1408041786	6.88e-07
1408041846	6.88e-07
1408041907	6.87e-07
1408041967	6.87e-07
1408042028	6.87e-07
1408042088	6.87e-07
1408042149	6.88e-07
1408042209	6.88e-07
1408042269	6.88e-07
1408042330	6.88e-07
1408042390	6.88e-07
1408042451	9.92e-07
1408042511	6.86e-07
1408042572	6.86e-07
1408042632	6.87e-07
1408042693	6.88e-07
1408042753	6.89e-07
1408042814	6.89e-07
1408042874	6.9e-07
1408042935	6.9e-07
1408042995	6.9e-07
1408043056	6.9e-07
1408043116	6.9e-07
1408043177	6.9e-07
1408043237	6.9e-07
1408043297	6.91e-07
1408043358	6.91e-07
1408043419	6.91e-07
1408043479	6.91e-07
1408043539	6.91e-07
1408043600	6.91e-07
1408043660	6.92e-07
1408043721	6.92e-07
1408043781	6.92e-07
1408043842	6.93e-07
1408043902	6.93e-07
1408043963	6.93e-07
1408044023	6.94e-07
1408044084	6.95e-07
1408044144	6.95e-07
1408044205	6.96e-07
1408044265	6.96e-07
1408044325	6.97e-07
1408044386	6.97e-07
1408044446	6.97e-07
1408044507	6.98e-07
1408044567	6.99e-07
1408044628	6.99e-07
1408044688	6.99e-07
1408044749	7e-07
1408044809	7e-07
1408044870	7.01e-07
1408044930	7.01e-07
1408044991	7.01e-07
1408045051	7.02e-07
1408045112	7.02e-07
1408045172	7.02e-07
1408045233	7.03e-07
1408045293	7.03e-07
1408045354	7.04e-07
1408045414	7.04e-07
1408045475	7.04e-07
1408045535	7.04e-07
1408045596	7.04e-07
1408045656	7.04e-07
1408045717	7.04e-07
1408045777	7.04e-07
1408045838	7.04e-07
1408045898	7.04e-07
1408045959	7.05e-07
1408046019	7.05e-07
1408046079	7.05e-07
1408046140	7.05e-07
1408046200	7.04e-07
1408046261	7.04e-07
1408046321	7.04e-07
1408046382	7.04e-07
1408046442	7.04e-07
1408046503	7.04e-07
1408046563	7.04e-07
1408046624	1.15e-06
1408046684	2.77e-06
1408046745	2.66e-06
1408046805	2.5e-06
1408046865	2.45e-06
1408046926	2.43e-06
1408046986	2.43e-06
1408047047	2.44e-06
1408047107	2.44e-06
1408047168	2.46e-06
1408047228	2.47e-06
1408047289	2.48e-06
1408047349	2.49e-06
1408047410	2.5e-06
1408047470	2.51e-06
1408047531	2.52e-06
1408047591	2.53e-06
1408047652	2.54e-06
1408047712	2.55e-06
1408047773	2.55e-06
1408047833	2.56e-06
1408047894	2.57e-06
1408047954	2.58e-06
1408048015	2.59e-06
1408048075	2.6e-06
1408048136	2.61e-06
1408048196	2.61e-06
1408048257	2.62e-06
1408048317	2.63e-06
1408048378	2.63e-06
1408048438	2.64e-06
1408048499	2.65e-06
1408048559	2.65e-06
1408048620	2.66e-06
1408048680	2.66e-06
1408048741	2.67e-06
1408048801	2.67e-06
1408049931	0.0
1408049991	1.49e-06
1408050052	1.2e-06
1408050112	1.08e-06
1408050173	1.01e-06
1408050233	9.63e-07
1408050294	9.3e-07
1408050354	9.05e-07
1408050415	8.84e-07
1408050475	8.68e-07
1408050536	8.54e-07
1408050596	8.42e-07
1408050657	8.32e-07
1408050717	8.23e-07
1408050777	8.15e-07
1408050838	8.08e-07
1408050898	8.02e-07
1408050959	7.96e-07
1408051019	7.91e-07
1408051080	7.87e-07
1408051140	7.82e-07
1408051201	7.79e-07
1408051261	7.75e-07
1408051322	7.72e-07
1408051382	7.69e-07
1408051443	7.66e-07
1408051503	7.64e-07
1408051564	7.62e-07
1408051624	7.59e-07
1408051685	7.57e-07
1408051745	7.55e-07
1408051806	7.53e-07
1408051866	7.51e-07
1408051927	7.49e-07
1408051987	7.48e-07
1408052047	7.46e-07
1408052108	7.45e-07
1408052168	7.43e-07
1408052229	7.42e-07
1408052289	7.41e-07
1408052350	7.4e-07
1408052410	7.39e-07
1408052471	7.38e-07
1408052532	7.36e-07
1408052592	7.35e-07
1408052653	7.34e-07
1408052713	7.33e-07
1408052774	7.32e-07
1408052834	7.31e-07
1408052894	7.31e-07
1408052955	7.3e-07
1408053015	7.29e-07
1408053076	7.28e-07
1408053136	7.27e-07
1408053197	7.27e-07
1408053257	7.26e-07
1408053318	7.25e-07
1408053378	7.24e-07
1408053439	7.24e-07
1408053499	7.23e-07
1408053559	7.23e-07
1408053620	7.22e-07
1408053680	7.21e-07
1408053741	7.21e-07
1408053801	7.2e-07
1408053862	7.19e-07
1408053922	7.19e-07
1408053983	7.19e-07
1408054043	7.19e-07
1408054104	7.19e-07
1408054164	7.19e-07
1408054225	7.19e-07
1408054285	7.19e-07
1408054346	7.19e-07
1408054406	7.19e-07
1408054467	7.19e-07
1408054527	7.19e-07
1408054588	7.19e-07
1408054648	7.19e-07
1408054708	7.19e-07
1408054769	7.19e-07
1408054829	7.19e-07
1408054890	7.19e-07
1408054950	7.2e-07
1408055011	7.2e-07
1408055071	7.2e-07
1408055132	7.2e-07
1408055192	7.2e-07
1408055253	7.2e-07
1408055313	7.2e-07
1408055374	7.21e-07
1408055434	7.21e-07
1408055495	7.21e-07
1408055555	7.21e-07
1408055616	7.22e-07
1408055676	7.22e-07
1408055737	7.22e-07
1408055797	7.22e-07
1408055858	7.23e-07
1408055918	7.23e-07
1408055978	7.23e-07
1408056039	7.24e-07
1408056099	7.24e-07
1408056160	7.25e-07
1408056220	7.25e-07
1408056281	7.19e-07
1408056341	7.19e-07
1408056402	7.2e-07
1408056462	7.21e-07
1408056523	7.21e-07
1408056583	7.22e-07
1408056644	7.22e-07
1408056704	7.23e-07
1408056765	7.23e-07
1408056825	7.24e-07
1408056885	7.24e-07
1408056946	7.24e-07
1408057007	7.25e-07
1408057067	7.25e-07
1408057127	7.25e-07
1408057188	7.26e-07
1408057248	7.26e-07
1408057309	7.26e-07
1408057369	7.27e-07
1408057430	7.27e-07
1408057490	7.27e-07
1408057551	7.28e-07
1408057611	7.28e-07
1408057672	7.28e-07
1408057732	7.29e-07
1408057793	7.29e-07
1408057853	7.29e-07
1408057914	7.3e-07
1408057974	7.3e-07
1408058034	7.3e-07
1408058095	7.31e-07
1408058155	7.31e-07
1408058216	7.31e-07
1408058276	7.32e-07
1408058337	7.32e-07
1408058397	7.32e-07
1408058458	7.32e-07
1408058518	7.33e-07
1408058579	7.33e-07
1408058639	7.34e-07
1408058700	7.34e-07
1408058760	7.34e-07
1408058821	7.35e-07
1408058881	7.35e-07
1408058942	7.35e-07
1408059002	7.35e-07
1408059063	7.36e-07
1408059123	7.36e-07
1408059183	7.36e-07
1408059244	7.36e-07
1408059304	7.36e-07
1408059365	7.37e-07
1408059425	7.37e-07
1408059486	7.37e-07
1408059546	7.38e-07
1408059607	7.38e-07
1408059667	7.39e-07
1408059728	7.38e-07
1408059788	7.39e-07
1408059849	7.39e-07
1408059909	7.39e-07
1408059970	7.39e-07
1408060030	7.4e-07
1408060090	7.4e-07
1408060151	7.4e-07
1408060211	7.4e-07
1408060272	7.41e-07
1408060332	7.41e-07
1408060393	7.41e-07
1408060453	7.41e-07
1408060514	7.41e-07
1408060574	7.42e-07
1408060635	7.42e-07
1408060695	7.42e-07
1408060756	7.42e-07
1408060816	7.42e-07
1408060877	7.42e-07
1408060937	7.43e-07
1408060998	7.43e-07
1408061058	7.43e-07
1408061119	7.43e-07
1408061179	7.43e-07
1408061239	7.44e-07
1408061300	7.44e-07
1408061360	7.44e-07
1408061421	7.44e-07
1408061481	7.45e-07