1404768794 0.00532
1404768855 0.00519
1404768915 0.00506
1404768976 0.00495
1404769036 0.00484
1404769097 0.00473
1404769157 0.00463
1404769218 0.00453
1404769278 0.00444
1404769339 0.00435
1404769399 0.00426
1404769460 0.00418
1404769520 0.00409
1404769581 0.00402
1404769641 0.00394
1404769702 0.00386
1404769762 0.00379
1404769823 0.00372
1404769883 0.00366
1404769943 0.00349
1404770004 0.0034
1404770064 0.00334
1404770125 0.00326
1404770185 0.0032
1404770246 0.00314
1404770306 0.00307
1404770367 0.00302
1404770427 0.00297
1404770488 0.0027
1404770548 0.00266
1404770609 0.00261
1404770669 0.00256
1404770730 0.00251
1404770790 0.00246
1404770851 0.0024
1404770911 0.00235
1404770972 0.0023
1404771032 0.00226
1404771093 0.00222
1404771153 0.00218
1404771214 0.00215
1404771274 0.00211
1404771335 0.00207
1404771395 0.00203
1404771455 0.00199
1404771516 0.00195
1404771576 0.00191
1404771637 0.00188
1404771697 0.00184
1404771758 0.00179
1404771818 0.00176
1404771879 0.00173
1404771939 0.00171
1404772000 0.00168
1404772060 0.00166
1404772121 0.00163
1404772181 0.00161
1404772242 0.00159
1404772302 0.00157
1404772363 0.00155
1404772423 0.00153
1404772484 0.00151
1404772544 0.00148
1404772605 0.00146
1404772665 0.00144
1404772726 0.00142
1404772786 0.0014
1404772846 0.00138
1404772907 0.00136
1404772967 0.00134
1404773028 0.0013
1404773088 0.00128
1404773149 0.00126
1404773209 0.00124
1404773270 0.0012
1404773330 0.00118
1404773391 0.00116
1404773451 0.00114
1404773512 0.00112
1404773572 0.0011
1404773632 0.00108
1404773693 0.00107
1404773753 0.00105
1404773814 0.00103
1404773874 0.00101
1404773935 0.000995
1404773995 0.000978
1404774056 0.000959
1404774116 0.000945
1404774177 0.000926
1404774237 0.000907
1404774298 0.000892
1404774358 0.000878
1404774419 0.000863
1404774479 0.00085
1404774540 0.000837
1404774600 0.000823
1404774661 0.000809
1404774721 0.000798
1404774782 0.000785
1404774842 0.000773
1404774902 0.000761
1404774963 0.00075
1404775023 0.000739
1404775084 0.000728
1404775144 0.000717
1404775205 0.000675
1404775265 0.000663
1404775326 0.000651
1404775386 0.00064
1404775446 0.00063
1404775507 0.000619
1404775567 0.000609
1404775628 0.0006
1404775688 0.000589
1404775749 0.00058
1404775809 0.00057
1404775870 0.000561
1404775930 0.000552
1404775991 0.000543
1404776051 0.000534
1404776112 0.000526
1404776172 0.000517
1404776233 0.000509
1404776293 0.000502
1404776354 0.000494
1404776414 0.000454
1404776474 0.000448
1404776535 0.000441
1404776595 0.000436
1404776656 0.00043
1404776716 0.000425
1404776777 0.000419
1404776837 0.000413
1404776898 0.000407
1404776958 0.000402
1404777019 0.000397
1404777079 0.000391
1404777140 0.000387
1404777200 0.000381
1404777261 0.000375
1404777321 0.000371
1404777382 0.000365
1404777442 0.000361
1404777503 0.000356
1404777563 0.000351
1404777624 0.000347
1404777684 0.000343
1404777745 0.000339
1404777805 0.000334
1404777866 0.00033
1404777926 0.000327
1404777986 0.000322
1404778047 0.000318
1404778107 0.000315
1404778168 0.000312
1404778228 0.000308
1404778289 0.000304
1404778349 0.0003
1404778410 0.000297
1404778470 0.000294
1404778531 0.000289
1404778591 0.000285
1404778652 0.000282
1404778712 0.00028
1404778772 0.000278
1404778833 0.000276
1404778893 0.000274
1404778954 0.000271
1404779014 0.000268
1404779075 0.000266
1404779135 0.000263
1404779196 0.000261
1404779256 0.000259
1404779316 0.000257
1404779377 0.000254
1404779437 0.000252
1404779498 0.00025
1404779558 0.000248
1404779619 0.000245
1404779679 0.000243
1404779740 0.000241
1404779800 0.000238
1404779861 0.000236
1404779921 0.000234
1404779982 0.000232
1404780042 0.00023
1404780103 0.000228
1404780163 0.000226
1404780224 0.000225
1404780284 0.000222
1404780345 0.00022
1404780405 0.000219
1404780466 0.000213
1404780526 0.000212
1404780586 0.00021
1404780647 0.000203
1404780707 0.000202
1404780768 0.000201
1404780828 0.000199
1404780889 0.000198
1404780949 0.000196
1404781010 0.000195
1404781070 0.000193
1404781131 0.000192
1404781191 0.000191
1404781252 0.000189
1404781312 0.000188
1404781373 0.000187
1404781433 0.000186
1404781493 0.000185
1404781554 0.000183
1404781614 0.00026
1404781675 0.000257
1404781735 0.000255
1404781796 0.000253
1404781856 0.000251
1404781917 0.000249
1404781977 0.000245
1404782038 0.000242
1404782098 0.000239
1404782159 0.000238
1404782219 0.000236
1404782280 0.000234
1404782340 0.000231
1404782400 0.000229
1404782461 0.000227
1404782521 0.000225
1404782582 0.000223
1404782642 0.000221
1404782703 0.000219
1404782763 0.000217
1404782824 0.000216
1404782884 0.000213
1404782945 0.000212
1404783005 0.00021
1404783065 0.000209
1404783126 0.000207
1404783186 0.000204
1404783247 0.000202
1404783307 0.0002
1404783368 0.000197
1404783428 0.000196
1404783489 0.000194
1404783549 0.000192
1404783610 0.00019
1404783670 0.000188
1404783731 0.000186
1404783791 0.000184
1404783852 0.000182
1404783912 0.000181
1404783972 0.000179
1404784033 0.000177
1404784093 0.000175
1404784154 0.000174
1404784214 0.000173
1404784275 0.000171
1404784335 0.00017
1404784396 0.000169
1404784456 0.000165
1404784517 0.000164
1404784577 0.000163
1404784638 0.000162
1404784698 0.00016
1404784759 0.000159
1404784819 0.000157
1404784880 0.000156
1404784940 0.000155
1404785000 0.000154
1404785061 0.000153
1404785121 0.000151
1404785182 0.000148
1404785242 0.000147
1404785303 0.000146
1404785363 0.000145
1404785424 0.000143
1404785484 0.000141
1404785545 0.00014
1404785605 0.000139
1404785666 0.000137
1404785726 0.000136
1404785787 0.000134
1404785847 0.000133
1404785907 0.000132
1404785968 0.000131
1404786028 0.00013
1404786089 0.000129
1404786149 0.000128
1404786210 0.000127
1404786270 0.000126
1404786331 0.000125
1404786391 0.000124
1404786452 0.000123
1404786512 0.000122
1404786572 0.000121
1404786633 0.00012
1404786693 0.000118
1404786754 0.000117
1404786814 0.000116
1404786875 0.000115
1404786935 0.000114
1404786996 0.000113
1404787056 0.000112
1404787117 0.000111
1404787177 0.00011
1404787238 0.000109
1404787298 0.000109
1404787358 0.000108
1404787419 0.000107
1404787479 0.000106
1404787540 0.000105
1404787600 0.000104
1404787661 0.000103
1404787721 0.000102
1404787782 0.000101
1404787842 0.000101
1404787903 9.99e-05
1404787963 9.89e-05
1404788023 9.81e-05
1404788084 9.74e-05
1404788144 9.65e-05
1404788205 9.58e-05
1404788265 9.5e-05
1404788326 9.41e-05
1404788386 9.32e-05
1404788447 9.25e-05
1404788507 9.17e-05
1404788568 9.08e-05
1404788628 9.01e-05
1404788689 8.93e-05
1404788749 8.84e-05
1404788810 8.76e-05
1404788870 8.69e-05
1404788931 8.31e-05
1404788991 8.23e-05
1404789052 8.17e-05
1404789112 8.11e-05
1404789173 8.06e-05
1404789233 8e-05
1404789294 7.94e-05
1404789354 7.89e-05
1404789414 7.83e-05
1404789475 7.78e-05
1404789536 7.72e-05
1404789596 7.67e-05
1404789656 7.62e-05
1404789717 7.56e-05
1404789777 7.51e-05
1404789838 7.46e-05
1404789898 7.41e-05
1404789959 7.36e-05
1404790019 7.19e-05
1404790080 7.24e-05
1404790140 7.18e-05
1404790201 7.06e-05
1404790261 7.01e-05
1404790321 6.96e-05
1404790382 6.92e-05
1404790442 6.87e-05
1404790503 6.82e-05
1404790563 6.78e-05
1404790624 6.63e-05
1404790684 6.56e-05
1404790745 6.51e-05
1404790805 6.46e-05
1404790866 6.41e-05
1404790926 6.37e-05
1404790987 6.32e-05
1404791047 6.27e-05
1404791107 6.23e-05
1404791168 6.18e-05
1404791228 6.14e-05
1404791289 5.96e-05
1404791349 5.9e-05
1404791410 5.86e-05
1404791470 5.82e-05
1404791531 5.78e-05
1404791591 5.74e-05
1404791652 5.7e-05
1404791712 5.67e-05
1404791772 5.63e-05
1404791833 5.59e-05
1404791893 5.56e-05
1404791954 5.52e-05
1404792014 5.48e-05
1404792075 5.44e-05
1404792135 5.4e-05
1404792196 5.37e-05
1404792256 5.33e-05
1404792317 5.3e-05
1404792377 5.27e-05
1404792438 5.23e-05
1404792498 5.2e-05
1404792559 5.17e-05
1404792619 5.14e-05
1404792680 5.11e-05
1404792740 5.08e-05
1404792800 5.04e-05
1404792861 5.01e-05
1404792921 4.98e-05
1404792982 4.95e-05
1404793042 4.8e-05
1404793103 4.75e-05
1404793163 4.72e-05
1404793224 4.69e-05
1404793284 4.67e-05
1404793345 4.65e-05
1404793405 4.62e-05
1404793466 4.6e-05
1404793526 4.57e-05
1404793586 4.54e-05
1404793647 4.52e-05
1404793707 4.5e-05
1404793768 4.47e-05
1404793828 4.45e-05
1404793889 4.42e-05
1404793949 4.4e-05
1404794010 4.38e-05
1404794070 4.35e-05
1404794131 4.33e-05
1404794191 4.31e-05
1404794252 4.28e-05
1404794312 4.26e-05
1404794373 4.24e-05
1404794433 4.22e-05
1404794494 4.2e-05
1404794554 4.17e-05
1404794614 4.15e-05
1404794675 4.13e-05
1404794735 4.11e-05
1404794796 4.09e-05
1404794856 4.07e-05
1404794917 4.05e-05
1404794977 4.03e-05
1404795038 4.01e-05
1404795098 3.99e-05
1404795159 3.97e-05
1404795219 3.95e-05
1404795280 3.93e-05
1404795340 3.92e-05
1404795401 3.9e-05
1404795461 3.88e-05
1404795522 3.98e-05
1404795582 3.94e-05
1404795642 3.93e-05
1404795703 3.92e-05
1404795763 3.89e-05
1404795824 3.87e-05
1404795884 3.85e-05
1404795945 3.83e-05
1404796005 3.81e-05
1404796066 3.79e-05
1404796126 3.77e-05
1404796187 3.75e-05
1404796247 3.72e-05
1404796308 3.7e-05
1404796368 3.68e-05
1404796429 3.66e-05
1404796489 3.65e-05
1404796550 3.63e-05
1404796610 3.61e-05
1404796671 3.59e-05
1404796731 3.57e-05
1404796792 3.55e-05
1404796852 3.53e-05
1404796913 3.51e-05
1404796973 3.49e-05
1404797034 3.48e-05
1404797094 3.46e-05
1404797154 3.44e-05
1404797215 3.42e-05
1404797275 3.4e-05
1404797336 3.39e-05
1404797396 3.37e-05
1404797457 3.35e-05
1404797517 3.17e-05
1404797578 3.16e-05
1404797638 3.14e-05
1404797699 3.13e-05
1404797759 3.11e-05
1404797820 3.1e-05
1404797880 3.09e-05
1404797941 3.07e-05
1404798001 3.06e-05
1404798061 3.05e-05
1404798122 3.03e-05
1404798182 3.02e-05
1404798243 3.01e-05
1404798303 2.99e-05
1404798364 2.98e-05
1404798424 2.97e-05
1404798485 2.96e-05
1404798545 2.94e-05
1404798606 2.93e-05
1404798666 2.91e-05
1404798726 2.9e-05
1404798787 2.89e-05
1404798847 2.88e-05
1404798908 2.86e-05
1404798968 2.85e-05
1404799029 2.84e-05
1404799089 3.08e-05
1404799150 3.08e-05
1404799210 3.07e-05
1404799271 3.04e-05
1404799331 3.03e-05
1404799392 3.02e-05
1404799452 3e-05
1404799513 2.99e-05
1404799573 2.98e-05
1404799633 2.97e-05
1404799694 2.96e-05
1404799755 2.95e-05
1404799815 2.94e-05
1404799876 2.93e-05
1404799936 2.92e-05
1404799996 2.9e-05
1404800057 2.89e-05
1404800117 2.88e-05
1404800178 2.87e-05
1404800238 2.86e-05
1404800299 2.85e-05
1404800359 2.85e-05
1404800420 2.83e-05
1404800480 2.82e-05
1404800541 2.8e-05
1404800601 2.79e-05
1404800662 2.78e-05
1404800722 2.77e-05
1404800783 2.72e-05
1404800843 2.71e-05
1404800904 2.7e-05
1404800964 2.69e-05
1404801025 2.68e-05
1404801085 2.67e-05
1404801146 2.66e-05
1404801206 2.65e-05
1404801266 2.64e-05
1404801327 2.63e-05
1404801387 2.61e-05
1404801448 2.6e-05
1404801508 2.41e-05
1404801569 2.43e-05
1404801629 2.42e-05
1404801690 2.41e-05
1404801750 2.41e-05
1404801810 2.4e-05
1404801871 2.39e-05
1404801932 2.38e-05
1404801992 2.34e-05
1404802052 2.33e-05
1404802113 2.32e-05
1404802173 2.31e-05
1404802234 2.3e-05
1404802294 2.29e-05
1404802355 2.28e-05
1404802415 2.27e-05
1404802476 2.26e-05
1404802536 2.26e-05
1404802597 2.26e-05
1404802657 2.25e-05
1404802717 2.24e-05
1404802778 2.23e-05
1404802839 2.22e-05
1404802899 2.21e-05
1404802959 2.21e-05
1404803020 2.2e-05
1404803080 2.19e-05
1404803141 2.18e-05
1404803201 2.17e-05
1404803262 2.16e-05
1404803322 2.16e-05
1404803383 2.15e-05
1404803443 2.14e-05
1404803504 2.13e-05
1404803564 2.13e-05
1404803624 2.12e-05
1404803685 2.11e-05
1404803745 2.1e-05
1404803806 2.1e-05
1404803866 2.09e-05
1404803927 2.08e-05
1404803987 2.07e-05
1404804048 2.07e-05
1404804108 2.09e-05
1404804169 2.07e-05
1404804229 2.05e-05
1404804290 2.05e-05
1404804350 2.04e-05
1404804411 2.03e-05
1404804471 2.03e-05
1404804532 2.02e-05
1404804592 2.01e-05
1404804652 2.01e-05
1404804713 2.01e-05
1404804773 1.99e-05
1404804834 1.99e-05
1404804894 1.98e-05
1404804955 1.97e-05
1404805015 1.96e-05
1404805076 1.96e-05
1404805136 1.95e-05
1404805197 1.95e-05
1404805257 1.94e-05
1404805318 1.93e-05
1404805378 1.92e-05
1404805438 1.85e-05
1404805499 1.83e-05
1404805559 1.82e-05
1404805620 1.81e-05
1404805680 1.81e-05
1404805741 1.8e-05
1404805801 1.88e-05
1404805862 1.88e-05
1404805922 1.87e-05
1404805983 1.86e-05
1404806043 1.86e-05
1404806104 1.85e-05
1404806164 1.85e-05
1404806225 1.82e-05
1404806285 1.78e-05
1404806346 1.78e-05
1404806406 1.77e-05
1404806467 1.76e-05
1404806527 1.76e-05
1404806588 1.75e-05
1404806648 1.75e-05
1404806708 1.74e-05
1404806769 1.74e-05
1404806829 1.73e-05
1404806890 1.72e-05
1404806950 1.87e-05
1404807011 1.89e-05
1404807071 1.87e-05
1404807132 1.92e-05
1404807192 1.91e-05
1404807253 1.92e-05
1404807313 1.89e-05
1404807374 1.89e-05
1404807434 1.88e-05
1404807495 1.88e-05
1404807555 1.87e-05
1404807616 1.87e-05
1404807676 1.86e-05
1404807736 1.86e-05
1404807797 1.85e-05
1404807857 1.85e-05
1404807918 1.84e-05
1404807978 1.84e-05
1404808039 1.83e-05
1404808099 1.83e-05
1404808160 1.82e-05
1404808220 1.82e-05
1404808281 1.81e-05
1404808341 1.81e-05
1404808402 1.8e-05
1404808462 1.8e-05
1404808523 1.79e-05
1404808583 1.79e-05
1404808644 1.67e-05
1404808704 1.67e-05
1404808765 1.66e-05
1404808825 1.65e-05
1404808886 1.65e-05
1404808946 1.64e-05
1404809006 1.64e-05
1404809067 1.63e-05
1404809127 1.63e-05
1404809188 1.56e-05
1404809248 1.57e-05
1404809309 1.72e-05
1404809369 1.62e-05
1404809430 1.62e-05
1404809490 1.62e-05
1404809551 1.56e-05
1404809611 1.55e-05
1404809672 1.51e-05
1404809732 1.54e-05
1404809793 1.72e-05
1404809853 1.71e-05
1404809914 1.71e-05
1404809974 1.7e-05
1404810035 1.7e-05
1404810095 1.7e-05
1404810155 1.69e-05
1404810216 1.69e-05
1404810276 1.68e-05
1404810337 1.68e-05
1404810397 1.67e-05
1404810458 1.67e-05
1404810518 1.66e-05
1404810579 1.66e-05
1404810639 1.64e-05
1404810700 1.64e-05
1404810760 1.63e-05
1404810821 1.63e-05
1404810881 1.63e-05
1404810941 1.62e-05
1404811002 1.62e-05
1404811062 1.54e-05
1404811123 1.52e-05
1404811183 1.57e-05
1404811244 1.56e-05
1404811304 1.56e-05
1404811365 1.55e-05
1404811425 1.55e-05
1404811486 1.54e-05
1404811546 1.54e-05
1404811607 1.53e-05
1404811667 1.53e-05
1404811728 1.52e-05
1404811788 1.52e-05
1404811849 1.52e-05
1404811909 1.5e-05
1404811969 1.5e-05
1404812030 1.49e-05
1404812091 1.42e-05
1404812151 1.38e-05
1404812212 1.4e-05
1404812272 1.39e-05
1404812332 1.39e-05
1404812393 1.38e-05
1404812454 1.38e-05
1404812514 1.45e-05
1404812574 1.44e-05
1404812635 1.44e-05
1404812695 1.43e-05
1404812756 1.43e-05
1404812816 1.42e-05
1404812877 1.42e-05
1404812937 1.42e-05
1404812998 1.41e-05
1404813058 1.4e-05
1404813119 1.36e-05
1404813179 1.36e-05
1404813240 1.36e-05
1404813300 1.35e-05
1404813361 1.35e-05
1404813421 1.34e-05
1404813482 1.34e-05
1404813542 1.34e-05
1404813603 1.33e-05
1404813663 1.33e-05
1404813723 1.32e-05
1404813784 1.32e-05
1404813844 1.32e-05
1404813905 1.31e-05
1404813965 1.5e-05
1404814026 1.4e-05
1404814086 1.31e-05
1404814147 1.25e-05
1404814207 1.24e-05
1404814268 1.24e-05
1404814328 1.24e-05
1404814389 1.23e-05
1404814449 1.24e-05
1404814510 1.23e-05
1404814570 1.23e-05
1404814631 1.22e-05
1404814691 1.22e-05
1404814752 1.21e-05
1404814812 1.21e-05
1404814873 1.21e-05
1404814933 1.21e-05
1404814994 1.2e-05
1404815054 1.2e-05
1404815115 1.2e-05
1404815175 1.2e-05
1404815236 1.2e-05
1404815296 1.2e-05
1404815357 1.2e-05
1404815417 1.19e-05
1404815477 1.19e-05
1404815538 1.19e-05
1404815598 1.19e-05
1404815659 1.18e-05
1404815719 1.18e-05
1404815780 1.2e-05
1404815840 1.18e-05
1404815901 1.17e-05
1404815961 1.17e-05
1404816022 1.17e-05
1404816082 1.17e-05
1404816143 1.16e-05
1404816203 1.16e-05
1404816264 1.16e-05
1404816324 1.15e-05
1404816384 1.15e-05
1404816445 1.15e-05
1404816505 1.15e-05
1404816566 1.14e-05
1404816626 1.14e-05
1404816687 1.14e-05
1404816747 1.14e-05
1404816808 1.13e-05
1404816868 1.13e-05
1404816929 1.13e-05
1404816989 1.13e-05
1404817050 1.13e-05
1404817110 1.12e-05
1404817171 1.12e-05
1404817231 1.12e-05
1404817292 1.12e-05
1404817352 1.1e-05
1404817413 1.1e-05
1404817473 1.09e-05
1404817534 1.09e-05
1404817594 1.09e-05
1404817654 1.09e-05
1404817715 1.14e-05
1404817775 1.14e-05
1404817836 1.13e-05
1404817896 1.13e-05
1404817957 1.13e-05
1404818017 1.13e-05
1404818078 1.12e-05
1404818138 1.04e-05
1404818199 1.04e-05
1404818259 1.04e-05
1404818320 1.04e-05
1404818380 1.13e-05
1404818441 1.03e-05
1404818501 1.03e-05
1404818562 1.14e-05
1404818622 1.14e-05
1404818683 1.13e-05
1404818743 1.13e-05
1404818804 1.13e-05
1404818864 1.13e-05
1404818925 1.09e-05
1404818985 9.77e-06
1404819046 9.74e-06
1404819106 9.72e-06
1404819166 9.7e-06
1404819227 9.68e-06
1404819287 9.66e-06
1404819348 9.83e-06
1404819408 1.09e-05
1404819469 1.08e-05
1404819529 1.07e-05
1404819590 1.07e-05
1404819650 1.07e-05
1404819711 1.06e-05
1404819771 1.06e-05
1404819832 1.06e-05
1404819892 1.06e-05
1404819953 1.06e-05
1404820013 1.06e-05
1404820073 1.06e-05
1404820134 1.05e-05
1404820194 1.05e-05
1404820255 1.05e-05
1404820315 1.05e-05
1404820376 1.05e-05
1404820436 1.05e-05
1404820497 1.05e-05
1404820557 1.05e-05
1404820618 1.05e-05
1404820678 1.05e-05
1404820738 1.05e-05
1404820799 1.05e-05
1404820859 1.05e-05
1404820920 1.06e-05
1404820980 1.06e-05
1404821041 1.06e-05
1404821101 1.06e-05
1404821162 1.06e-05
1404821222 1.06e-05
1404821283 1.06e-05
1404821343 1.06e-05
1404821404 1.04e-05
1404821464 1.14e-05
1404821525 1.14e-05
1404821585 1.14e-05
1404821646 1.13e-05
1404821706 1.13e-05
1404821767 1.13e-05
1404821827 1.07e-05
1404821888 1.07e-05
1404821948 1.06e-05
1404822009 1.06e-05
1404822069 1.06e-05
1404822129 1.06e-05
1404822190 1.05e-05
1404822250 1.05e-05
1404822311 1.05e-05
1404822371 1.05e-05
1404822432 1.09e-05
1404822492 1.05e-05
1404822553 1.05e-05
1404822613 1.05e-05
1404822674 1.05e-05
1404822734 1.04e-05
1404822795 1.04e-05
1404822855 1.03e-05
1404822916 1.03e-05
1404822976 1.03e-05
1404823036 1.02e-05
1404823097 1.02e-05
1404823157 1.02e-05
1404823218 1.02e-05
1404823278 1.02e-05
1404823339 1.01e-05
1404823399 1.01e-05
1404823460 9.96e-06
1404823520 9.94e-06
1404823581 9.86e-06
1404823641 9.79e-06
1404823702 9.77e-06
1404823762 9.76e-06
1404823823 9.74e-06
1404823883 9.73e-06
1404823943 9.72e-06
1404824004 9.71e-06
1404824064 9.69e-06
1404824125 9.68e-06
1404824185 9.67e-06
1404824246 9.66e-06
1404824306 9.65e-06
1404824367 9.67e-06
1404824427 9.67e-06
1404824488 9.67e-06
1404824548 9.68e-06
1404824609 9.68e-06
1404824669 9.68e-06
1404824730 9.68e-06
1404824790 9.69e-06
1404824851 9.7e-06
1404824911 9.72e-06
1404824972 9.72e-06
1404825032 9.73e-06
1404825093 9.73e-06
1404825153 9.82e-06
1404825213 9.85e-06
1404825274 9.84e-06
1404825335 9.83e-06
1404825395 9.84e-06
1404825455 9.83e-06
1404825516 9.75e-06
1404825576 9.76e-06
1404825637 9.74e-06
1404825697 9.72e-06
1404825758 9.68e-06
1404825818 9.71e-06
1404825879 9.7e-06
1404825939 9.69e-06
1404826000 9.68e-06
1404826060 9.65e-06
1404826121 9.62e-06
1404826181 9.59e-06
1404826242 9.57e-06
1404826302 9.56e-06
1404826362 9.67e-06
1404826423 9.25e-06
1404826483 9.23e-06
1404826544 9.2e-06
1404826604 9.19e-06
1404826665 9.17e-06
1404826725 9.15e-06
1404826786 9.13e-06
1404826846 9.11e-06
1404826907 9.09e-06
1404826967 9.07e-06
1404827028 9.05e-06
1404827088 9.03e-06
1404827149 9.01e-06
1404827209 8.99e-06
1404827270 8.97e-06
1404827330 8.95e-06
1404827391 8.92e-06
1404827451 8.9e-06
1404827512 8.89e-06
1404827572 8.87e-06
1404827632 8.85e-06
1404827693 8.83e-06
1404827753 8.82e-06
1404827814 8.98e-06
1404827875 8.82e-06
1404827935 8.81e-06
1404827996 8.79e-06
1404828056 8.77e-06
1404828116 8.75e-06
1404828177 8.74e-06
1404828237 8.72e-06
1404828298 8.7e-06
1404828358 8.68e-06
1404828419 8.66e-06
1404828479 8.64e-06
1404828540 8.63e-06
1404828600 8.61e-06
1404828661 8.62e-06
1404828721 8.57e-06
1404828782 8.55e-06
1404828842 8.53e-06
1404828903 1.41e-05
1404828963 1.93e-05
1404829024 2.36e-05
1404829084 2.72e-05
1404829145 3.05e-05
1404829205 3.33e-05
1404829266 3.57e-05
1404829326 3.8e-05
1404829387 3.99e-05
1404829447 4.16e-05
1404829508 4.32e-05
1404829568 4.45e-05
1404829629 4.57e-05
1404829689 4.68e-05
1404829749 4.77e-05
1404829810 4.85e-05
1404829870 4.9e-05
1404829931 4.74e-05
1404829991 4.78e-05
1404830052 4.83e-05
1404830112 4.88e-05
1404830173 4.91e-05
1404830233 4.95e-05
1404830294 4.98e-05
1404831711 0.0
1404831772 6.59e-05
1404831832 5.86e-05
1404831893 5.66e-05
1404831953 5.54e-05
1404832014 5.47e-05
1404832074 5.44e-05
1404832135 5.43e-05
1404832195 5.42e-05
1404832256 5.42e-05
1404832316 5.43e-05
1404832377 5.43e-05
1404832437 5.43e-05
1404832498 5.43e-05
1404832558 5.43e-05
1404832619 5.43e-05
1404832679 5.42e-05
1404832740 5.42e-05
1404832800 5.41e-05
1404832861 5.31e-05
1404832921 5.3e-05
1404832982 5.28e-05
1404833042 5.27e-05
1404833102 5.27e-05
1404833163 5.27e-05
1404833223 5.26e-05
1404833284 5.26e-05
1404833344 5.25e-05
1404833405 5.24e-05
1404833465 5.23e-05
1404833526 5.23e-05
1404833586 5.22e-05
1404833647 5.21e-05
1404833707 5.23e-05
1404833768 5.23e-05
1404833828 5.17e-05
1404833889 5.16e-05
1404833949 5.15e-05
1404834010 5.14e-05
1404834070 5.13e-05
1404834131 5.13e-05
1404834191 5.36e-05
1404834251 4.94e-05
1404834312 4.89e-05
1404834372 4.88e-05
1404834433 4.86e-05
1404834493 5.01e-05
1404834554 4.99e-05
1404834614 5.15e-05
1404834675 5.09e-05
1404834735 5.09e-05
1404834796 5.09e-05
1404834856 5.1e-05
1404834917 5.11e-05
1404834977 5.11e-05
1404835038 5.1e-05
1404835098 5.1e-05
1404835159 5.09e-05
1404835219 5.09e-05
1404835280 5.08e-05
1404835340 5.08e-05
1404835401 4.97e-05
1404835461 4.97e-05
1404835522 4.96e-05
1404835582 4.95e-05
1404835643 4.95e-05
1404835703 4.94e-05
1404835763 4.93e-05
1404835824 4.93e-05
1404835885 4.92e-05
1404835945 4.91e-05
1404836005 4.9e-05
1404836066 4.89e-05
1404836126 4.89e-05
1404836187 4.88e-05
1404836247 4.87e-05
1404836308 4.75e-05
1404836368 4.73e-05
1404836429 4.79e-05
1404836489 4.78e-05
1404836550 4.77e-05
1404836610 4.7e-05
1404836671 4.68e-05
1404836731 4.68e-05
1404836792 4.64e-05
1404836852 4.63e-05
1404836913 4.63e-05
1404836973 4.58e-05
1404837034 4.56e-05
1404837094 4.63e-05
1404837155 4.62e-05
1404837215 4.6e-05
1404837275 4.6e-05
1404837336 4.58e-05
1404837396 4.58e-05
1404837457 4.63e-05
1404837517 4.62e-05
1404837578 4.61e-05
1404837638 4.6e-05
1404837699 4.6e-05
1404837759 4.61e-05
1404837820 4.58e-05
1404837880 4.58e-05
1404837941 4.57e-05
1404838001 4.56e-05
1404838062 4.55e-05
1404838122 4.57e-05
1404838183 4.59e-05
1404838243 4.58e-05
1404838304 4.6e-05
1404838364 4.59e-05
1404838425 4.59e-05
1404838485 4.57e-05
1404838545 4.55e-05
1404838606 4.55e-05
1404838666 4.36e-05
1404838727 4.35e-05
1404838787 4.34e-05
1404838848 4.33e-05
1404838908 4.32e-05
1404838969 4.32e-05
1404839029 4.31e-05
1404839090 4.31e-05
1404839150 4.3e-05
1404839211 4.3e-05
1404839271 4.29e-05
1404839332 4.28e-05
1404839392 4.28e-05
1404839453 4.27e-05
1404839513 4.26e-05
1404839574 4.26e-05
1404839634 4.25e-05
1404839695 4.26e-05
1404839755 4.41e-05
1404839816 4.22e-05
1404839876 4.2e-05
1404839937 4.19e-05
1404839997 4.18e-05
1404840058 4.17e-05
1404840118 4.16e-05
1404840179 4.2e-05
1404840239 4.18e-05
1404840299 4.17e-05
1404840360 4.16e-05
1404840420 4.16e-05
1404840481 4.16e-05
1404840541 4.16e-05
1404840602 4.15e-05
1404840662 4.28e-05
1404840723 4.28e-05
1404840783 4.25e-05
1404840844 4.19e-05
1404840904 4.18e-05
1404840964 4.17e-05
1404841025 4.17e-05
1404841085 4.16e-05
1404841146 4.16e-05
1404841206 4.15e-05
1404841267 4.15e-05
1404841327 4.14e-05
1404841388 4.14e-05
1404841448 4.12e-05
1404841509 4.08e-05
1404841569 4.07e-05
1404841630 4.07e-05
1404841690 4.06e-05
1404841750 4.05e-05
1404841811 4.01e-05
1404841871 4.01e-05
1404841932 4e-05
1404841992 3.99e-05
1404842053 3.98e-05
1404842113 3.98e-05
1404842174 3.97e-05
1404842234 3.97e-05
1404842295 3.96e-05
1404842355 3.96e-05
1404842416 3.95e-05
1404842476 3.95e-05
1404842537 3.94e-05
1404842597 3.94e-05
1404842658 3.94e-05
1404842718 3.93e-05
1404842779 3.93e-05
1404842839 3.92e-05
1404842899 3.92e-05
1404842960 3.92e-05
1404843020 3.93e-05
1404843081 3.93e-05
1404843141 3.93e-05
1404843202 3.92e-05
1404843262 3.92e-05
1404843323 3.91e-05
1404843383 4.75e-05
1404843444 3.66e-05
1404843504 3.64e-05
1404843565 3.63e-05
1404843625 3.81e-05
1404843686 3.81e-05
1404843746 3.77e-05
1404843807 3.77e-05
1404843867 3.77e-05
1404843928 3.77e-05
1404843988 3.76e-05
1404844049 3.75e-05
1404844109 3.75e-05
1404844170 3.74e-05
1404844230 4.03e-05
1404844290 4.02e-05
1404844351 3.97e-05
1404844411 3.95e-05
1404844472 3.94e-05
1404844532 3.92e-05
1404844593 3.92e-05
1404844653 3.91e-05
1404844714 3.9e-05
1404844774 3.9e-05
1404844835 3.89e-05
1404844895 3.89e-05
1404844956 3.96e-05
1404845016 3.92e-05
1404845076 3.92e-05
1404845137 4e-05
1404845197 4.01e-05
1404845258 4e-05
1404845318 3.98e-05
1404845379 3.98e-05
1404845439 3.97e-05
1404845500 3.96e-05
1404845560 3.93e-05
1404845620 3.95e-05
1404845681 3.95e-05
1404845741 3.94e-05
1404845802 3.94e-05
1404845862 3.94e-05
1404845923 3.93e-05
1404845983 3.81e-05
1404846044 3.79e-05
1404846104 3.79e-05
1404846165 3.78e-05
1404846225 3.78e-05
1404846286 3.78e-05
1404846346 3.71e-05
1404846407 3.7e-05
1404846467 3.7e-05
1404846528 3.7e-05
1404846588 1.6e-05
1404846648 1.19e-05
1404846709 1.03e-05
1404846769 1.02e-05
1404846830 9.51e-06
1404846890 8.25e-06
1404846951 7.84e-06
1404847011 7.57e-06
1404847072 7.35e-06
1404847132 7.18e-06
1404847193 7.3e-06
1404847253 7.17e-06
1404847314 7.06e-06
1404847374 6.97e-06
1404847435 6.89e-06
1404847495 6.81e-06
1404847556 6.75e-06
1404847616 6.69e-06
1404847677 6.63e-06
1404847737 6.59e-06
1404847798 6.54e-06
1404847858 6.5e-06
1404847919 6.46e-06
1404847979 6.43e-06
1404848039 6.4e-06
1404848100 6.37e-06
1404848160 6.34e-06
1404848221 6.65e-06
1404848281 6.62e-06
1404848342 6.59e-06
1404848402 6.56e-06
1404848463 6.54e-06
1404848523 6.52e-06
1404848584 6.2e-06
1404848644 6.16e-06
1404848705 6.13e-06
1404848765 6.11e-06
1404848826 6.1e-06
1404848886 6.08e-06
1404848946 6.06e-06
1404849007 6.05e-06
1404849067 6.03e-06
1404849128 6.07e-06
1404849188 6.07e-06
1404849249 6.06e-06
1404849309 6.05e-06
1404849370 6.04e-06
1404849430 6.06e-06
1404849491 6.17e-06
1404849551 6.15e-06
1404849612 6.14e-06
1404849672 6.06e-06
1404849733 5.84e-06
1404849793 5.81e-06
1404849854 5.8e-06
1404849914 5.78e-06
1404849975 5.77e-06
1404850035 5.76e-06
1404850096 5.74e-06
1404850156 5.73e-06
1404850216 5.72e-06
1404850277 5.71e-06
1404850337 5.7e-06
1404850398 5.9e-06
1404850458 5.89e-06
1404850519 5.88e-06
1404850579 5.87e-06
1404850640 5.86e-06
1404850700 5.85e-06
1404850761 5.84e-06
1404850821 5.83e-06
1404850882 5.83e-06
1404850942 5.82e-06
1404851002 5.81e-06
1404851063 5.8e-06
1404851123 5.8e-06
1404851184 5.79e-06
1404851244 5.78e-06
1404851305 5.77e-06
1404851365 5.77e-06
1404851426 5.76e-06
1404851486 5.76e-06
1404851547 5.76e-06
1404851607 5.75e-06
1404851668 5.74e-06
1404851728 5.73e-06
1404851788 5.72e-06
1404851849 5.72e-06
1404851909 5.71e-06
1404851970 5.7e-06
1404852030 5.7e-06
1404852091 5.69e-06
1404852151 5.68e-06
1404852212 5.67e-06
1404852272 5.67e-06
1404852333 5.66e-06
1404852393 5.65e-06
1404852454 5.65e-06
1404852514 5.64e-06
1404852574 5.64e-06
1404852635 5.63e-06
1404852695 5.63e-06
1404852756 5.62e-06
1404852816 5.61e-06
1404852877 5.61e-06
1404852937 5.6e-06
1404852998 5.6e-06
1404853058 5.59e-06
1404853119 5.58e-06
1404853179 5.58e-06
1404853240 5.57e-06
1404853300 5.56e-06
1404853360 5.56e-06
1404853421 5.55e-06
1404853481 5.55e-06
1404853542 5.54e-06
1404853602 5.54e-06
1404853663 5.53e-06
1404853723 5.53e-06
1404853784 5.52e-06
1404853844 5.51e-06
1404853904 5.51e-06
1404853965 5.5e-06
1404854025 5.57e-06
1404854086 9.92e-06
1404854146 1.21e-05
1404854207 1.39e-05
1404854267 1.56e-05
1404854328 1.7e-05
1404854388 1.84e-05
1404854449 1.96e-05
1404854509 2.08e-05
1404854570 2.18e-05
1404854630 2.27e-05
1404854690 2.36e-05
1404854751 2.44e-05
1404854811 2.52e-05
1404854872 2.54e-05
1404854932 2.59e-05
1404854993 2.63e-05
1404855053 2.67e-05
1404855114 2.69e-05
1404855174 2.72e-05
1404855235 2.75e-05
1404855295 2.77e-05
1404855356 2.83e-05
1404855416 2.81e-05
1404856578 0.0
1404856638 1.43e-05
1404856699 1.12e-05
1404856760 9.89e-06
1404856820 9.1e-06
1404856881 8.58e-06
1404856941 8.2e-06
1404857001 7.92e-06
1404857062 7.69e-06
1404857122 7.51e-06
1404857183 7.36e-06
1404857243 7.24e-06
1404857304 7.13e-06
1404857364 7.04e-06
1404857425 6.95e-06
1404857485 6.88e-06
1404857546 6.82e-06
1404857606 6.76e-06
1404857667 6.71e-06
1404857727 7.08e-06
1404857788 6.5e-06
1404857848 6.45e-06
1404857909 6.41e-06
1404857969 6.32e-06
1404858029 6.29e-06
1404858090 6.28e-06
1404858150 6.26e-06
1404858211 6.23e-06
1404858271 6.21e-06
1404858332 6.19e-06
1404858392 6.17e-06
1404858453 6.15e-06
1404858513 6.13e-06
1404858574 6.11e-06
1404858634 6.1e-06
1404858695 6.08e-06
1404858755 6.06e-06
1404858815 6.05e-06
1404858876 6.03e-06
1404858936 6.02e-06
1404858997 6.01e-06
1404859057 5.99e-06
1404859118 5.98e-06
1404859178 5.97e-06
1404859239 5.95e-06
1404859299 5.94e-06
1404859360 5.93e-06
1404859420 7.4e-06
1404859480 5.92e-06
1404859541 5.9e-06
1404859601 5.89e-06
1404859662 5.88e-06
1404859722 5.87e-06
1404859783 5.86e-06
1404859843 5.85e-06
1404859904 5.83e-06
1404859964 5.82e-06
1404860025 5.81e-06
1404860085 5.8e-06
1404860146 5.78e-06
1404860206 5.77e-06
1404860266 5.76e-06
1404860327 5.75e-06
1404860387 5.74e-06
1404860448 5.73e-06
1404860508 5.72e-06
1404860569 5.71e-06
1404860629 5.7e-06
1404860690 5.69e-06
1404860750 5.68e-06
1404860811 5.67e-06
1404860871 5.66e-06
1404860932 5.65e-06
1404860992 5.64e-06
1404861053 5.63e-06
1404861113 5.63e-06
1404861174 5.62e-06
1404861234 5.61e-06
1404861295 5.6e-06
1404861355 5.59e-06
1404861416 5.59e-06
1404861476 5.58e-06
1404861537 5.57e-06
1404861597 5.56e-06
1404861658 5.55e-06
1404861718 5.55e-06
1404861778 5.54e-06
1404861839 5.53e-06
1404861899 5.53e-06
1404861960 5.52e-06
1404862020 5.51e-06
1404862081 5.51e-06
1404862141 5.5e-06
1404862202 5.49e-06
1404862262 5.48e-06
1404862323 5.48e-06
1404862383 5.47e-06
1404862444 5.47e-06
1404862504 5.46e-06
1404862565 5.45e-06
1404862625 5.45e-06
1404862685 5.44e-06
1404862746 5.43e-06
1404862806 5.43e-06
1404862867 5.42e-06
1404862927 5.42e-06
1404862988 5.36e-06
1404863048 5.35e-06
1404863109 5.34e-06
1404863169 5.33e-06
1404863230 5.33e-06
1404863290 5.32e-06
1404863350 5.31e-06
1404863411 5.31e-06
1404863471 5.3e-06
1404863532 5.29e-06
1404863592 5.28e-06
1404863653 5.29e-06
1404863713 5.28e-06
1404863774 5.28e-06
1404863834 5.27e-06
1404863895 5.26e-06
1404863955 5.25e-06
1404864016 5.25e-06
1404864076 5.24e-06
1404864137 5.24e-06
1404864197 5.23e-06
1404864257 5.22e-06
1404864318 5.22e-06
1404864378 5.21e-06
1404864439 5.2e-06
1404864499 5.2e-06
1404864560 5.19e-06
1404864620 5.18e-06
1404864681 4.96e-06
1404864741 4.94e-06
1404864802 4.93e-06
1404864862 4.93e-06
1404864923 4.92e-06
1404864983 4.91e-06
1404865044 4.91e-06
1404865104 4.9e-06
1404865164 4.89e-06
1404865225 4.89e-06
1404865285 4.88e-06
1404865346 4.88e-06
1404865406 4.87e-06
1404865467 4.87e-06
1404865527 4.83e-06
1404865588 6.5e-06
1404865648 6.23e-06
1404865709 6.28e-06
1404865769 5.96e-06
1404865829 4.94e-06
1404865890 4.81e-06
1404865950 4.8e-06
1404866011 4.79e-06
1404866071 4.78e-06
1404866132 4.77e-06
1404866192 4.76e-06
1404866253 4.62e-06
1404866313 4.62e-06
1404866373 4.61e-06
1404866434 4.61e-06
1404866494 4.6e-06
1404866555 4.59e-06
1404866615 4.59e-06
1404866676 4.58e-06
1404866736 4.58e-06
1404866797 4.57e-06
1404866857 4.57e-06
1404866918 4.56e-06
1404866978 4.56e-06
1404867039 4.55e-06
1404867099 4.55e-06
1404867159 4.54e-06
1404867220 4.54e-06
1404867280 4.53e-06
1404867341 4.53e-06
1404867401 4.52e-06
1404867462 4.52e-06
1404867522 4.51e-06
1404867583 4.51e-06
1404867643 4.5e-06
1404867704 4.5e-06
1404867764 4.49e-06
1404867825 4.49e-06
1404867885 4.48e-06
1404867945 4.48e-06
1404868006 4.47e-06
1404868066 4.47e-06
1404868127 4.46e-06
1404868187 4.46e-06
1404868248 4.45e-06
1404868308 4.45e-06
1404868369 4.44e-06
1404868429 4.44e-06
1404868490 4.43e-06
1404868550 4.43e-06
1404868611 4.42e-06
1404868671 4.42e-06
1404868732 4.41e-06
1404868792 4.41e-06
1404868853 4.4e-06
1404868913 4.4e-06
1404868974 4.5e-06
1404869034 4.48e-06
1404869095 4.48e-06
1404869155 4.47e-06
1404869215 4.46e-06
1404869276 4.46e-06
1404869336 4.46e-06
1404869397 4.45e-06
1404869457 4.44e-06
1404869518 4.44e-06
1404869578 4.43e-06
1404869639 4.43e-06
1404869699 4.42e-06
1404869760 4.42e-06
1404869820 4.45e-06
1404869881 4.39e-06
1404869941 4.38e-06
1404870002 4.38e-06
1404870062 4.37e-06
1404870123 4.36e-06
1404870183 4.36e-06
1404870243 4.35e-06
1404870304 4.35e-06
1404870364 4.34e-06
1404870425 4.34e-06
1404870485 4.33e-06
1404870546 4.33e-06
1404870606 4.32e-06
1404870667 4.32e-06
1404870727 4.31e-06
1404870788 4.31e-06
1404870848 4.3e-06
1404870909 4.3e-06
1404870969 4.29e-06
1404871030 4.29e-06
1404871090 4.29e-06
1404871150 4.28e-06
1404871211 4.28e-06
1404871271 4.27e-06
1404871332 4.27e-06
1404871392 4.26e-06
1404871453 4.26e-06
1404871513 4.25e-06
1404871574 4.25e-06
1404871634 4.25e-06
1404871695 4.24e-06
1404871755 4.24e-06
1404871816 4.23e-06
1404871876 4.23e-06
1404871937 4.22e-06
1404871997 4.22e-06
1404872058 4.22e-06
1404872118 4.21e-06
1404872179 4.2e-06
1404872239 4.2e-06
1404872300 4.55e-06
1404872360 4.23e-06
1404872420 4.22e-06
1404872481 4.22e-06
1404872541 4.22e-06
1404872602 4.21e-06
1404872662 4.21e-06
1404872723 4.2e-06
1404872783 4.2e-06
1404872844 4.19e-06
1404872904 4.19e-06
1404872965 4.19e-06
1404873025 4.18e-06
1404873086 4.18e-06
1404873146 4.17e-06
1404873207 4.17e-06
1404873267 4.17e-06
1404873328 4.16e-06
1404873388 4.15e-06
1404873449 4.15e-06
1404873509 4.15e-06
1404873570 4.15e-06
1404873630 4.14e-06
1404873691 4.14e-06
1404873751 4.13e-06
1404873812 4.13e-06
1404873872 4.12e-06
1404873932 4.12e-06
1404873993 4.12e-06
1404874054 4.11e-06
1404874114 4.11e-06
1404874175 4.1e-06
1404874235 4.09e-06
1404874295 4.09e-06
1404874356 4.09e-06
1404874416 4.08e-06
1404874477 4.08e-06
1404874537 4.08e-06
1404874598 4.07e-06
1404874658 4.06e-06
1404874719 4.06e-06
1404874779 4.06e-06
1404874840 4.05e-06
1404874900 4.05e-06
1404874960 4.04e-06
1404875021 4.04e-06
1404875081 4.04e-06
1404875142 4.03e-06
1404875202 4.03e-06
1404875263 4.02e-06
1404875323 4.02e-06
1404875384 4.02e-06
1404875444 4.01e-06
1404875505 4.01e-06
1404875565 4e-06
1404875626 4e-06
1404875686 4.12e-06
1404875746 3.87e-06
1404875807 3.85e-06
1404875867 3.84e-06
1404875928 3.83e-06
1404875988 3.83e-06
1404876049 3.82e-06
1404876109 3.82e-06
1404876170 3.81e-06
1404876230 3.81e-06
1404876291 3.81e-06
1404876351 3.96e-06
1404876411 3.95e-06
1404876472 3.94e-06
1404876532 3.93e-06
1404876593 3.99e-06
1404876653 3.93e-06
1404876714 3.93e-06
1404876774 3.92e-06
1404876835 3.96e-06
1404876895 3.94e-06
1404876956 3.92e-06
1404877016 3.92e-06
1404877077 3.9e-06
1404877137 3.9e-06
1404877198 3.89e-06
1404877258 3.89e-06
1404877319 3.88e-06
1404877379 3.88e-06
1404877440 3.87e-06
1404877500 3.87e-06
1404877561 3.86e-06
1404877621 3.86e-06
1404877682 3.85e-06
1404877742 3.85e-06
1404877802 4.03e-06
1404877863 4.47e-06
1404877923 3.96e-06
1404877984 3.95e-06
1404878044 3.88e-06
1404878105 3.84e-06
1404878165 3.84e-06
1404878226 3.83e-06
1404878286 3.9e-06
1404878347 3.89e-06
1404878407 3.88e-06
1404878468 3.87e-06
1404878528 3.87e-06
1404878589 3.86e-06
1404878649 3.85e-06
1404878709 3.85e-06
1404878770 3.84e-06
1404878830 3.84e-06
1404878891 3.83e-06
1404878951 3.83e-06
1404879012 3.83e-06
1404879072 3.82e-06
1404879133 3.81e-06
1404879193 3.81e-06
1404879254 3.8e-06
1404879314 3.8e-06
1404879375 3.8e-06
1404879435 3.79e-06
1404879495 3.79e-06
1404879556 3.78e-06
1404879616 3.78e-06
1404879677 3.77e-06
1404879737 3.77e-06
1404879798 3.67e-06
1404879858 3.67e-06
1404879919 3.67e-06
1404879979 3.66e-06
1404880040 3.66e-06
1404880100 3.65e-06
1404880160 3.65e-06
1404880221 3.65e-06
1404880281 3.67e-06
1404880342 3.68e-06
1404880402 3.67e-06
1404880463 3.66e-06
1404880523 3.66e-06
1404880584 3.65e-06
1404880644 3.65e-06
1404880705 3.72e-06
1404880765 3.82e-06
1404880826 3.81e-06
1404880886 3.78e-06
1404880946 3.77e-06
1404881007 3.77e-06
1404881067 3.76e-06
1404881128 3.76e-06
1404881188 3.75e-06
1404881249 3.75e-06
1404881309 3.74e-06
1404881370 3.74e-06
1404881430 3.74e-06
1404881491 3.73e-06
1404881551 3.73e-06
1404881612 3.72e-06
1404881672 3.72e-06
1404881733 3.71e-06
1404881793 3.71e-06
1404881854 3.7e-06
1404881914 3.7e-06
1404881975 3.69e-06
1404882035 3.69e-06
1404882096 3.68e-06
1404882156 3.68e-06
1404882216 3.67e-06
1404882277 3.67e-06
1404882337 3.66e-06
1404882398 3.66e-06
1404882458 3.65e-06
1404882519 3.65e-06
1404882579 3.65e-06
1404882640 3.64e-06
1404882700 3.64e-06
1404882761 3.63e-06
1404882821 3.63e-06
1404882882 3.63e-06
1404882942 3.62e-06
1404883003 3.62e-06
1404883063 3.61e-06
1404883124 3.61e-06
1404883184 3.6e-06
1404883244 3.6e-06
1404883305 3.59e-06
1404883365 3.59e-06
1404883426 3.59e-06
1404883486 3.58e-06
1404883547 3.58e-06
1404883607 3.81e-06
1404883668 3.65e-06
1404883728 3.73e-06
1404883788 3.64e-06
1404883849 3.63e-06
1404883909 3.63e-06
1404883970 3.62e-06
1404884030 3.62e-06
1404884091 3.62e-06
1404884151 3.61e-06
1404884212 3.61e-06
1404884272 3.6e-06
1404884333 3.59e-06
1404884393 3.59e-06
1404884454 3.59e-06
1404884514 3.58e-06
1404884575 3.58e-06
1404884635 3.57e-06
1404884696 3.57e-06
1404884756 3.56e-06
1404884817 3.56e-06
1404884877 3.55e-06
1404884938 3.55e-06
1404884998 3.55e-06
1404885059 3.53e-06
1404885119 3.53e-06
1404885179 3.52e-06
1404885240 3.52e-06
1404885300 3.51e-06
1404885361 3.51e-06
1404885421 3.5e-06
1404885482 3.5e-06
1404885542 3.49e-06
1404885603 3.49e-06
1404885663 3.49e-06
1404885724 3.48e-06
1404885784 3.48e-06
1404885845 3.47e-06
1404885905 3.47e-06
1404885966 3.46e-06
1404886026 3.46e-06
1404886087 3.46e-06
1404886147 3.45e-06
1404886207 3.45e-06
1404886268 3.49e-06
1404886328 3.26e-06
1404886389 3.26e-06
1404886449 3.26e-06
1404886510 3.33e-06
1404886570 3.32e-06
1404886631 3.29e-06
1404886691 3.28e-06
1404886752 3.27e-06
1404886812 3.27e-06
1404886873 3.72e-06
1404886933 3.29e-06
1404886994 3.28e-06
1404887054 3.27e-06
1404887115 3.27e-06
1404887175 3.27e-06
1404887235 3.26e-06
1404887296 3.26e-06
1404887356 3.26e-06
1404887417 3.26e-06
1404887477 3.22e-06
1404887538 3.21e-06
1404887598 3.21e-06
1404887659 3.21e-06
1404887719 3.2e-06
1404887780 3.2e-06
1404887840 3.2e-06
1404887901 3.19e-06
1404887961 3.19e-06
1404888022 3.19e-06
1404888082 3.18e-06
1404888143 3.18e-06
1404888203 3.18e-06
1404888264 3.17e-06
1404888324 3.17e-06
1404888384 3.23e-06
1404888445 3.2e-06
1404888505 3.22e-06
1404888566 3.36e-06
1404888626 3.31e-06
1404888687 3.3e-06
1404888747 3.3e-06
1404888808 3.29e-06
1404888868 3.29e-06
1404888929 3.29e-06
1404888989 3.3e-06
1404889050 3.29e-06
1404889110 3.31e-06
1404889171 3.31e-06
1404889231 3.31e-06
1404889292 3.3e-06
1404889352 3.3e-06
1404889412 3.29e-06
1404889473 3.29e-06
1404889533 3.29e-06
1404889594 3.28e-06
1404889654 3.28e-06
1404889715 3.28e-06
1404889775 3.27e-06
1404889836 3.27e-06
1404889896 3.26e-06
1404889957 3.26e-06
1404890017 3.26e-06
1404890078 3.25e-06
1404890138 3.25e-06
1404890199 3.25e-06
1404890259 3.24e-06
1404890319 3.24e-06
1404890380 3.24e-06
1404890440 3.23e-06
1404890501 5.97e-06
1404890561 3.21e-06
1404890622 3.2e-06
1404890682 3.2e-06
1404890743 3.19e-06
1404890803 3.19e-06
1404890864 3.18e-06
1404890924 3.18e-06
1404890985 3.18e-06
1404891045 3.17e-06
1404891106 3.17e-06
1404891166 3.16e-06
1404891227 3.16e-06
1404891287 3.16e-06
1404891348 3.16e-06
1404891408 3.15e-06
1404891468 3.15e-06
1404891529 3.15e-06
1404891589 3.14e-06
1404891650 3.14e-06
1404891710 3.14e-06
1404891771 3.13e-06
1404891831 3.13e-06
1404891892 3.13e-06
1404891952 3.12e-06
1404892013 3.12e-06
1404892073 3.12e-06
1404892133 3.11e-06
1404892194 3.11e-06
1404892254 3.11e-06
1404892315 3.1e-06
1404892375 3.1e-06
1404892436 3.1e-06
1404892496 3.09e-06
1404892557 3.09e-06
1404892617 3.09e-06
1404892678 3.08e-06
1404892738 3.08e-06
1404892799 3.08e-06
1404892859 3.07e-06
1404892920 3.07e-06
1404892980 3.07e-06
1404893041 3.06e-06
1404893101 3.06e-06
1404893162 3.06e-06
1404893222 3.06e-06
1404893283 3.05e-06
1404893343 3.05e-06
1404893404 3.05e-06
1404893464 3.04e-06
1404893525 3.04e-06
1404893585 3.04e-06
1404893646 3.03e-06
1404893706 3.03e-06
1404893766 3.03e-06
1404893827 3.02e-06
1404893887 3.02e-06
1404893948 3.02e-06
1404894008 3.01e-06
1404894069 3.01e-06
1404894129 3.01e-06
1404894190 3.01e-06
1404894250 3e-06
1404894311 3e-06
1404894371 3e-06
1404894432 2.99e-06
1404894492 2.99e-06
1404894552 2.99e-06
1404894613 2.98e-06
1404894673 2.98e-06
1404894734 2.98e-06
1404894794 2.98e-06
1404894855 2.97e-06
1404894915 2.97e-06
1404894976 2.97e-06
1404895036 2.96e-06
1404895097 2.96e-06
1404895157 2.96e-06
1404895218 2.95e-06
1404895278 2.95e-06
1404895339 2.95e-06
1404895399 2.95e-06
1404895460 2.94e-06
1404895520 2.94e-06
1404895581 2.94e-06
1404895641 2.93e-06
1404895702 2.93e-06
1404895762 2.93e-06
1404895823 2.93e-06
1404895883 2.92e-06
1404895944 2.92e-06
1404896004 2.92e-06
1404896064 2.91e-06
1404896125 2.91e-06
1404896185 2.91e-06
1404896246 2.91e-06
1404896306 2.9e-06
1404896367 2.9e-06
1404896427 2.9e-06
1404896488 2.89e-06
1404896548 2.89e-06
1404896609 2.89e-06
1404896669 2.89e-06
1404896730 2.88e-06
1404896790 2.88e-06
1404896851 2.88e-06
1404896911 2.87e-06
1404896971 2.87e-06
1404897032 2.87e-06
1404897092 2.87e-06
1404897153 2.86e-06
1404897213 2.86e-06
1404897274 2.86e-06
1404897334 2.85e-06
1404897395 2.85e-06
1404897455 2.85e-06
1404897516 2.85e-06
1404897576 2.84e-06
1404897636 2.84e-06
1404897697 2.84e-06
1404897757 2.84e-06
1404897818 2.83e-06
1404897878 2.83e-06
1404897939 2.83e-06
1404897999 2.83e-06
1404898060 2.82e-06
1404898120 2.82e-06
1404898181 3.12e-06
1404898241 2.72e-06
1404898302 2.71e-06
1404898362 2.71e-06
1404898423 2.71e-06
1404898483 2.71e-06
1404898544 2.7e-06
1404898604 2.7e-06
1404898664 2.7e-06
1404898725 2.7e-06
1404898785 2.69e-06
1404898846 2.69e-06
1404898906 2.69e-06
1404898967 2.69e-06
1404899027 2.68e-06
1404899088 2.68e-06
1404899148 2.68e-06
1404899209 2.68e-06
1404899269 2.67e-06
1404899330 2.67e-06
1404899390 2.67e-06
1404899450 2.67e-06
1404899511 2.67e-06
1404899571 2.66e-06
1404899632 2.66e-06
1404899692 2.66e-06
1404899753 2.66e-06
1404899813 2.65e-06
1404899874 2.65e-06
1404899934 2.65e-06
1404899995 2.65e-06
1404900055 2.65e-06
1404900116 2.64e-06
1404900176 2.64e-06
1404900236 2.64e-06
1404900297 2.64e-06
1404900357 2.64e-06
1404900418 2.63e-06
1404900478 2.63e-06
1404900539 2.63e-06
1404900599 2.63e-06
1404900660 2.62e-06
1404900720 2.65e-06
1404900781 2.57e-06
1404900841 2.57e-06
1404900902 2.57e-06
1404900962 2.57e-06
1404901023 2.57e-06
1404901083 2.56e-06
1404901143 2.56e-06
1404901204 2.56e-06
1404901264 2.56e-06
1404901325 2.55e-06
1404901385 2.55e-06
1404901446 2.55e-06
1404901506 2.55e-06
1404901567 2.55e-06
1404901627 2.54e-06
1404901688 2.54e-06
1404901748 2.54e-06
1404901809 2.54e-06
1404901869 2.54e-06
1404901930 2.54e-06
1404901990 2.53e-06
1404902050 2.53e-06
1404902111 2.53e-06
1404902171 2.53e-06
1404902232 2.52e-06
1404902292 2.52e-06
1404902353 2.52e-06
1404902413 2.52e-06
1404902474 2.51e-06
1404902534 2.51e-06
1404902595 2.51e-06
1404902655 2.51e-06
1404902715 2.51e-06
1404902776 2.5e-06
1404902836 2.5e-06
1404902897 2.5e-06
1404902957 2.5e-06
1404903018 2.49e-06
1404903078 2.49e-06
1404903139 2.49e-06
1404903199 2.49e-06
1404903260 2.49e-06
1404903320 2.49e-06
1404903381 2.49e-06
1404903441 2.48e-06
1404903501 2.48e-06
1404903562 2.48e-06
1404903622 2.48e-06
1404903683 2.47e-06
1404903743 2.47e-06
1404903804 2.47e-06
1404903864 2.47e-06
1404903925 2.47e-06
1404903985 2.47e-06
1404904046 2.46e-06
1404904106 2.46e-06
1404904167 2.46e-06
1404904227 2.46e-06
1404904288 2.46e-06
1404904348 2.46e-06
1404904409 2.45e-06
1404904469 2.45e-06
1404904530 2.45e-06
1404904590 2.43e-06
1404904650 2.43e-06
1404904711 2.43e-06
1404904771 2.42e-06
1404904832 2.42e-06
1404904892 2.42e-06
1404904953 2.42e-06
1404905013 2.42e-06
1404905074 2.41e-06
1404905134 2.41e-06
1404905195 2.41e-06
1404905255 2.41e-06
1404905316 2.41e-06
1404905376 2.4e-06
1404905437 2.4e-06
1404905497 2.4e-06
1404905557 2.4e-06
1404905618 2.4e-06
1404905678 2.39e-06
1404905739 2.39e-06
1404905799 2.39e-06
1404905860 2.39e-06
1404905920 2.39e-06
1404905981 2.39e-06
1404906041 2.38e-06
1404906102 2.38e-06
1404906162 2.38e-06
1404906223 2.38e-06
1404906283 2.38e-06
1404906343 2.38e-06
1404906404 2.37e-06
1404906464 2.37e-06
1404906525 2.37e-06
1404906585 2.37e-06
1404906646 2.37e-06
1404906706 2.37e-06
1404906767 2.36e-06
1404906827 2.36e-06
1404906888 2.36e-06
1404906948 2.36e-06
1404907009 2.36e-06
1404907069 2.35e-06
1404907130 2.35e-06
1404907190 2.35e-06
1404907251 2.35e-06
1404907311 2.35e-06
1404907371 2.35e-06
1404907432 2.35e-06
1404907492 2.34e-06
1404907553 2.34e-06
1404907613 2.34e-06
1404907674 2.34e-06
1404907734 2.34e-06
1404907795 2.34e-06
1404907855 2.34e-06
1404907916 2.33e-06
1404907976 2.33e-06
1404908037 2.33e-06
1404908097 2.33e-06
1404908158 2.33e-06
1404908218 2.33e-06
1404908279 2.33e-06
1404908339 2.33e-06
1404908400 2.32e-06
1404908460 2.32e-06
1404908520 2.32e-06
1404908581 2.32e-06
1404908641 2.32e-06
1404908702 2.32e-06
1404908762 2.32e-06
1404908823 2.32e-06
1404908883 2.31e-06
1404908944 2.31e-06
1404909004 2.24e-06
1404909065 2.22e-06
1404909125 2.22e-06
1404909186 2.22e-06
1404909246 2.22e-06
1404909307 2.21e-06
1404909367 2.21e-06
1404909428 2.21e-06
1404909488 2.21e-06
1404909548 2.21e-06
1404909609 2.21e-06
1404909669 2.2e-06
1404909730 2.2e-06
1404909790 2.23e-06
1404909851 2.22e-06
1404909911 2.22e-06
1404909972 2.22e-06
1404910032 2.28e-06
1404910092 2.2e-06
1404910153 2.2e-06
1404910213 2.2e-06
1404910274 2.2e-06
1404910334 2.2e-06
1404910395 2.21e-06
1404910455 2.21e-06
1404910516 2.22e-06
1404910576 2.23e-06
1404910637 2.25e-06
1404910697 2.25e-06
1404910758 2.25e-06
1404910818 2.26e-06
1404910879 2.27e-06
1404910939 2.28e-06
1404911000 2.31e-06
1404911060 2.34e-06
1404911121 2.36e-06
1404911181 2.38e-06
1404911242 2.38e-06
1404911302 2.39e-06
1404911363 2.41e-06
1404911423 2.43e-06
1404911484 2.44e-06
1404911544 2.45e-06
1404911605 2.45e-06
1404911665 2.45e-06
1404911726 2.45e-06
1404911786 2.45e-06
1404911846 2.45e-06
1404911907 2.44e-06
1404911967 2.44e-06
1404912028 2.44e-06
1404912088 2.42e-06
1404912149 2.42e-06
1404912209 3.25e-06
1404912270 4.33e-06
1404912330 4.86e-06
1404912391 5.3e-06
1404912451 5.7e-06
1404912511 6.39e-06
1404912572 6.61e-06
1404912632 6.74e-06
1404912693 7.01e-06
1404912753 7.26e-06
1404912814 7.49e-06
1404912874 7.71e-06
1404912935 8.15e-06
1404912995 8.16e-06
1404913056 8.33e-06
1404913116 8.5e-06
1404913177 8.66e-06
1404913237 8.81e-06
1404913298 8.96e-06
1404913358 9.1e-06
1404913418 9.23e-06
1404913479 9.36e-06
1404913539 9.48e-06
1404913600 9.59e-06
1404913660 9.7e-06
1404913721 9.81e-06
1404913781 9.91e-06
1404913842 1e-05
1404913902 1.01e-05
1404913963 1.02e-05
1404914023 1.02e-05
1404914083 1.03e-05
1404914144 1.02e-05
1404914204 1.02e-05
1404914265 1.02e-05
1404915373 0.0
1404915433 5.88e-06
1404915494 4.69e-06
1404915554 4.11e-06
1404915615 3.77e-06
1404915675 3.54e-06
1404915736 3.46e-06
