1410893783	0.0
1410893844	1.27
1410893904	0.246
1410893965	0.000132
1410894025	7.89e-05
1410894086	5.8e-05
1410894146	4.48e-05
1410894207	3.55e-05
1410894267	2.87e-05
1410894328	2.37e-05
1410894388	1.98e-05
1410894449	1.67e-05
1410894509	1.43e-05
1410894570	1.23e-05
1410894630	1.08e-05
1410894690	9.46e-06
1410894751	8.39e-06
1410894811	7.5e-06
1410894872	6.75e-06
1410894932	6.13e-06
1410894993	5.59e-06
1410895053	5.14e-06
1410895114	4.74e-06
1410895174	4.4e-06
1410895235	4.11e-06
1410895295	3.85e-06
1410895356	3.63e-06
1410895416	3.43e-06
1410895477	3.25e-06
1410895537	3.1e-06
1410895598	2.95e-06
1410895658	2.83e-06
1410895719	2.71e-06
1410895779	2.6e-06
1410895840	2.51e-06
1410895900	2.42e-06
1410895961	2.34e-06
1410896021	2.26e-06
1410896082	2.19e-06
1410896142	2.13e-06
1410896203	2.07e-06
1410896263	2.01e-06
1410896324	1.96e-06
1410896384	1.91e-06
1410896445	1.86e-06
1410896505	1.81e-06
1410896566	1.77e-06
1410896626	1.73e-06
1410896687	1.69e-06
1410896747	1.66e-06
1410896808	1.62e-06
1410896868	1.59e-06
1410896929	1.56e-06
1410896989	1.53e-06
1410897050	1.5e-06
1410897110	1.47e-06
1410897171	1.44e-06
1410897231	1.41e-06
1410897292	1.38e-06
1410897352	1.36e-06
1410897413	1.34e-06
1410897473	1.32e-06
1410897534	1.3e-06
1410897594	1.27e-06
1410897655	1.26e-06
1410897716	1.2e-06
1410897776	1.21e-06
1410897837	1.19e-06
1410897897	1.17e-06
1410897958	1.15e-06
1410898018	1.13e-06
1410898079	1.12e-06
1410898139	1.1e-06
1410898200	1.08e-06
1410898260	1.07e-06
1410898321	1.05e-06
1410898381	1.04e-06
1410898442	1.03e-06
1410898502	1.01e-06
1410898563	1e-06
1410898623	9.9e-07
1410898684	9.95e-07
1410898744	9.82e-07
1410898805	9.7e-07
1410898865	9.59e-07
1410898926	9.48e-07
1410898986	9.38e-07
1410899047	9.28e-07
1410899107	9.18e-07
1410899168	9.09e-07
1410899228	8.89e-07
1410899288	8.71e-07
1410899349	8.63e-07
1410899409	8.53e-07
1410899470	8.34e-07
1410899530	8.26e-07
1410899591	8.19e-07
1410899651	8.12e-07
1410899712	8.29e-07
1410899772	8.2e-07
1410899833	8.12e-07
1410899893	8.05e-07
1410899954	7.98e-07
1410900014	7.86e-07
1410900074	7.77e-07
1410900135	7.7e-07
1410900195	7.53e-07
1410900256	7.64e-07
1410900316	7.6e-07
1410900377	7.5e-07
1410900437	7.49e-07
1410900498	7.39e-07
1410900558	7.32e-07
1410900619	7.26e-07
1410900679	7.28e-07
1410900740	7.22e-07
1410900800	7.35e-07
1410900861	7.29e-07
1410900921	7.24e-07
1410900982	7.18e-07
1410901042	7.13e-07
1410901103	7.08e-07
1410901163	7.03e-07
1410901224	6.98e-07
1410901284	6.93e-07
1410901345	6.66e-07
1410901405	6.64e-07
1410901466	6.6e-07
1410901526	6.55e-07
1410901587	6.51e-07
1410901647	6.47e-07
1410901708	6.64e-07
1410901768	6.6e-07
1410901829	6.56e-07
1410901889	6.52e-07
1410901950	6.49e-07
1410902010	6.45e-07
1410902071	6.41e-07
1410902131	6.37e-07
1410902192	6.33e-07
1410902252	6.3e-07
1410902313	6.26e-07
1410902373	6.22e-07
1410902433	6.19e-07
1410902494	6.16e-07
1410902554	6.13e-07
1410902615	6.1e-07
1410902675	6.07e-07
1410902736	6.04e-07
1410902797	6.01e-07
1410902857	5.98e-07
1410902918	5.95e-07
1410902978	5.92e-07
1410903038	5.9e-07
1410903099	5.87e-07
1410903159	5.84e-07
1410903220	5.81e-07
1410903280	5.79e-07
1410903341	5.76e-07
1410903401	5.74e-07
1410903462	5.71e-07
1410903522	5.68e-07
1410903583	5.66e-07
1410903643	5.63e-07
1410903704	5.61e-07
1410903764	5.58e-07
1410903825	5.56e-07
1410903885	5.53e-07
1410903946	5.51e-07
1410904006	5.48e-07
1410904067	5.46e-07
1410904127	5.34e-07
1410904188	5.31e-07
1410904248	5.29e-07
1410904309	5.27e-07
1410904369	5.25e-07
1410904430	5.22e-07
1410904490	5.19e-07
1410904551	5.17e-07
1410904611	5.15e-07
1410904672	5.13e-07
1410904732	5.11e-07
1410904793	5.09e-07
1410904853	5.08e-07
1410904914	5.06e-07
1410904974	5.04e-07
1410905035	5.03e-07
1410905095	5.06e-07
1410905156	5.03e-07
1410905216	5.01e-07
1410905277	4.99e-07
1410905337	4.97e-07
1410905398	4.95e-07
1410905458	4.94e-07
1410905519	4.92e-07
1410905579	4.9e-07
1410905640	4.89e-07
1410905700	4.87e-07
1410905761	4.86e-07
1410905821	4.84e-07
1410905882	4.83e-07
1410905942	4.81e-07
1410906003	4.79e-07
1410906064	4.78e-07
1410906124	4.76e-07
1410906185	4.75e-07
1410906245	4.73e-07
1410906306	4.72e-07
1410906366	4.71e-07
1410906426	4.69e-07
1410906487	4.68e-07
1410906547	4.67e-07
1410906608	4.66e-07
1410906669	4.64e-07
1410906729	4.63e-07
1410906790	4.62e-07
1410906850	4.61e-07
1410906911	4.59e-07
1410906971	4.58e-07
1410907032	4.57e-07
1410907092	4.56e-07
1410907153	4.54e-07
1410907213	4.53e-07
1410907274	4.52e-07
1410907334	4.51e-07
1410907395	4.5e-07
1410907455	4.49e-07
1410907516	4.47e-07
1410907576	4.46e-07
1410907637	4.45e-07
1410907697	4.44e-07
1410907758	4.43e-07
1410907818	4.42e-07
1410907879	4.43e-07
1410907939	4.39e-07
1410908000	4.38e-07
1410908060	4.37e-07
1410908121	4.36e-07
1410908181	4.34e-07
1410908242	4.34e-07
1410908302	4.33e-07
1410908363	4.32e-07
1410908423	4.31e-07
1410908484	4.3e-07
1410908544	4.29e-07
1410908605	4.28e-07
1410908665	4.27e-07
1410908726	4.26e-07
1410908786	4.25e-07
1410908847	4.24e-07
1410908907	4.23e-07
1410908968	4.22e-07
1410909028	4.21e-07
1410909089	4.21e-07
1410909149	4.2e-07
1410909210	4.19e-07
1410909270	4.18e-07
1410909331	4.17e-07
1410909391	4.16e-07
1410909452	4.16e-07
1410909512	4.15e-07
1410909573	4.14e-07
1410909633	4.13e-07
1410909694	4.12e-07
1410909754	4.12e-07
1410909815	4.11e-07
1410909875	4.1e-07
1410909936	4.09e-07
1410909996	4.08e-07
1410910057	4.07e-07
1410910117	4.07e-07
1410910178	4.06e-07
1410910238	4.05e-07
1410910299	4.04e-07
1410910360	4.03e-07
1410910420	4.03e-07
1410910481	4.02e-07
1410910541	4.01e-07
1410910602	4.01e-07
1410910662	4e-07
1410910723	3.99e-07
1410910783	3.98e-07
1410910844	3.98e-07
1410910904	3.97e-07
1410910965	3.96e-07
1410911025	3.96e-07
1410911086	3.95e-07
1410911146	3.95e-07
1410911207	3.94e-07
1410911267	3.93e-07
1410911328	3.93e-07
1410911388	3.92e-07
1410911449	3.92e-07
1410911509	3.91e-07
1410911570	3.9e-07
1410911630	3.9e-07
1410911691	3.89e-07
1410911751	3.88e-07
1410911812	3.88e-07
1410911872	3.87e-07
1410911933	3.86e-07
1410911993	3.86e-07
1410912054	3.85e-07
1410912114	3.85e-07
1410912175	3.84e-07
1410912235	3.83e-07
1410912296	3.83e-07
1410912356	3.82e-07
1410912417	3.82e-07
1410912477	3.81e-07
1410912538	3.81e-07
1410912598	3.8e-07
1410912659	3.8e-07
1410912719	3.79e-07
1410912780	3.79e-07
1410912840	3.78e-07
1410912901	3.78e-07
1410912961	3.77e-07
1410913022	3.77e-07
1410913082	3.76e-07
1410913143	3.76e-07
1410913203	3.75e-07
1410913264	3.75e-07
1410913324	3.74e-07
1410913385	3.74e-07
1410913445	3.73e-07
1410913506	3.73e-07
1410913566	3.72e-07
1410913627	3.72e-07
1410913687	3.71e-07
1410913748	3.71e-07
1410913809	3.7e-07
1410913869	3.7e-07
1410913930	3.69e-07
1410913990	3.69e-07
1410914050	3.68e-07
1410914111	3.68e-07
1410914171	3.67e-07
1410914232	3.67e-07
1410914292	3.66e-07
1410914353	3.66e-07
1410914413	3.65e-07
1410914474	3.65e-07
1410914534	3.64e-07
1410914595	3.64e-07
1410914655	3.63e-07
1410914716	3.63e-07
1410914776	3.63e-07
1410914837	3.62e-07
1410914897	3.62e-07
1410914958	3.61e-07
1410915018	3.61e-07
1410915079	3.61e-07
1410915139	3.6e-07
1410915200	3.6e-07
1410915260	3.59e-07
1410915321	3.59e-07
1410915381	3.59e-07
1410915442	3.58e-07
1410915502	3.58e-07
1410915563	3.57e-07
1410915624	3.57e-07
1410915684	3.57e-07
1410915745	3.56e-07
1410915805	3.56e-07
1410915865	3.55e-07
1410915926	3.55e-07
1410915986	3.55e-07
1410916047	3.54e-07
1410916107	3.54e-07
1410916168	3.54e-07
1410916228	3.53e-07
1410916289	3.53e-07
1410916349	3.53e-07
1410916410	3.52e-07
1410916470	3.52e-07
1410916531	3.51e-07
1410916591	3.51e-07
1410916652	3.51e-07
1410916713	3.5e-07
1410916773	3.5e-07
1410916834	3.5e-07
1410916894	3.49e-07
1410916955	3.49e-07
1410917015	3.49e-07
1410917076	3.48e-07
1410917136	3.48e-07
1410917197	3.48e-07
1410917257	3.47e-07
1410917318	3.47e-07
1410917378	3.47e-07
1410917439	3.46e-07
1410917499	3.46e-07
1410917560	3.46e-07
1410917620	3.45e-07
1410917681	3.45e-07
1410917741	3.44e-07
1410917802	3.44e-07
1410917862	3.44e-07
1410917923	3.43e-07
1410917983	3.43e-07
1410918044	3.43e-07
1410918104	3.42e-07
1410918165	3.42e-07
1410918225	3.42e-07
1410918286	3.42e-07
1410918346	3.41e-07
1410918407	3.41e-07
1410918467	3.41e-07
1410918528	3.4e-07
1410918588	3.4e-07
1410918649	3.4e-07
1410918709	3.39e-07
1410918770	3.39e-07
1410918830	3.39e-07
1410918891	3.39e-07
1410918951	3.38e-07
1410919012	3.38e-07
1410919072	3.38e-07
1410919133	3.37e-07
1410919193	3.37e-07
1410919254	3.37e-07
1410919314	3.37e-07
1410919375	3.36e-07
1410919435	3.36e-07
1410919496	3.36e-07
1410919556	3.35e-07
1410919617	3.35e-07
1410919677	3.35e-07
1410919738	3.35e-07
1410919798	3.34e-07
1410919859	3.34e-07
1410919919	3.34e-07
1410919980	3.34e-07
1410920040	3.33e-07
1410920101	3.33e-07
1410920161	3.33e-07
1410920222	3.33e-07
1410920282	3.32e-07
1410920343	3.32e-07
1410920403	3.32e-07
1410920464	3.32e-07
1410920524	3.31e-07
1410920585	3.31e-07
1410920645	3.31e-07
1410920706	3.31e-07
1410920766	3.3e-07
1410920827	3.3e-07
1410920887	3.3e-07
1410920948	3.3e-07
1410921008	3.29e-07
1410921069	3.29e-07
1410921129	3.29e-07
1410921190	3.28e-07
1410921250	3.28e-07
1410921311	3.28e-07
1410921371	3.28e-07
1410921432	3.28e-07
1410921492	3.27e-07
1410921553	3.27e-07
1410921613	3.27e-07
1410921674	3.27e-07
1410921735	3.27e-07
1410921795	3.26e-07
1410921856	3.26e-07
1410921916	3.26e-07
1410921977	3.26e-07
1410922037	3.26e-07
1410922098	3.26e-07
1410922158	3.25e-07
1410922218	3.25e-07
1410922279	3.25e-07
1410922340	3.25e-07
1410922400	3.25e-07
1410922461	3.24e-07
1410922521	3.24e-07
1410922582	3.24e-07
1410922642	3.24e-07
1410922703	3.23e-07
1410922763	3.23e-07
1410922824	3.23e-07
1410922884	3.23e-07
1410922945	3.22e-07
1410923005	3.22e-07
1410923065	3.22e-07
1410923126	3.22e-07
1410923186	3.21e-07
1410923247	3.21e-07
1410923307	3.21e-07
1410923368	3.21e-07
1410923428	3.21e-07
1410923489	3.2e-07
1410923549	3.2e-07
1410923610	3.2e-07
1410923670	3.2e-07
1410923731	3.2e-07
1410923791	3.19e-07
1410923852	3.19e-07
1410923912	3.19e-07
1410923973	3.19e-07
1410924033	3.19e-07
1410924094	3.18e-07
1410924154	3.18e-07
1410924215	3.18e-07
1410924275	3.18e-07
1410924336	3.17e-07
1410924396	3.17e-07
1410924457	3.17e-07
1410924517	3.17e-07
1410924578	3.17e-07
1410924638	3.16e-07
1410924698	3.16e-07
1410924759	3.16e-07
1410924819	3.16e-07
1410924880	3.16e-07
1410924940	3.15e-07
1410925001	3.15e-07
1410925061	3.15e-07
1410925122	3.15e-07
1410925182	3.15e-07
1410925243	3.14e-07
1410925303	3.14e-07
1410925364	3.14e-07
1410925424	3.14e-07
1410925485	3.14e-07
1410925545	3.14e-07
1410925606	3.13e-07
1410925666	3.13e-07
1410925727	3.13e-07
1410925787	3.13e-07
1410925848	3.13e-07
1410925908	3.12e-07
1410925969	3.12e-07
1410926029	3.12e-07
1410926090	3.12e-07
1410926150	3.12e-07
1410926211	3.12e-07
1410926271	3.11e-07
1410926332	3.11e-07
1410926392	3.11e-07
1410926453	3.11e-07
1410926513	3.11e-07
1410926574	3.1e-07
1410926634	3.1e-07
1410926695	3.1e-07
1410926755	3.1e-07
1410926816	3.1e-07
1410926876	3.1e-07
1410926937	3.09e-07
1410926997	3.09e-07
1410927058	3.09e-07
1410927118	3.09e-07
1410927178	3.09e-07
1410927239	3.08e-07
1410927299	3.08e-07
1410927360	3.08e-07
1410927420	3.08e-07
1410927481	3.08e-07
1410927541	3.08e-07
1410927602	3.08e-07
1410927663	3.07e-07
1410927723	3.07e-07
1410927784	3.07e-07
1410927844	3.07e-07
1410927905	3.07e-07
1410927965	3.07e-07
1410928026	3.06e-07
1410928086	3.06e-07
1410928147	3.06e-07
1410928207	3.06e-07
1410928267	3.06e-07
1410928328	3.06e-07
1410928388	3.05e-07
1410928449	3.05e-07
1410928509	3.05e-07
1410928570	3.05e-07
1410928630	3.05e-07
1410928691	3.05e-07
1410928751	3.05e-07
1410928812	3.04e-07
1410928872	3.04e-07
1410928933	3.04e-07
1410928993	3.04e-07
1410929054	3.04e-07
1410929114	3.04e-07
1410929175	3.04e-07
1410929235	3.03e-07
1410929296	3.03e-07
1410929356	3.03e-07
1410929417	3.03e-07
1410929477	3.03e-07
1410929538	3.03e-07
1410929598	3.03e-07
1410929659	3.03e-07
1410929719	3.02e-07
1410929780	3.02e-07
1410929840	3.02e-07
1410929901	3.02e-07
1410929961	3.02e-07
1410930022	3.02e-07
1410930082	3.02e-07
1410930143	3.01e-07
1410930203	3.01e-07
1410930264	3.01e-07
1410930324	3.01e-07
1410930385	3.01e-07
1410930446	3.01e-07
1410930506	3.01e-07
1410930566	3e-07
1410930627	3e-07
1410930687	3e-07
1410930748	3e-07
1410930808	3e-07
1410930869	3e-07
1410930929	3e-07
1410930990	3e-07
1410931050	2.99e-07
1410931111	2.99e-07
1410931171	2.99e-07
1410931232	2.99e-07
1410931292	2.99e-07
1410931353	2.99e-07
1410931414	2.99e-07
1410931474	2.99e-07
1410931535	2.98e-07
1410931595	2.98e-07
1410931655	2.98e-07
1410931716	2.98e-07
1410931776	2.98e-07
1410931837	2.98e-07
1410931898	2.98e-07
1410931958	2.98e-07
1410932019	2.98e-07
1410932079	2.97e-07
1410932140	2.97e-07
1410932200	2.97e-07
1410932261	2.97e-07
1410932321	2.97e-07
1410932382	2.97e-07
1410932442	2.97e-07
1410932503	2.97e-07
1410932563	2.96e-07
1410932624	2.96e-07
1410932684	2.96e-07
1410932745	2.96e-07
1410932805	2.96e-07
1410932866	2.96e-07
1410932926	2.96e-07
1410932987	2.96e-07
1410933047	2.96e-07
1410933108	2.96e-07
1410933168	2.96e-07
1410933229	2.95e-07
1410933289	2.95e-07
1410933350	2.95e-07
1410933410	2.95e-07
1410933470	2.95e-07
1410933531	2.95e-07
1410933591	2.95e-07
1410933652	2.95e-07
1410933712	2.94e-07
1410933773	2.94e-07
1410933833	2.94e-07
1410933894	2.94e-07
1410933954	2.94e-07
1410934015	2.94e-07
1410934075	2.94e-07
1410934136	2.94e-07
1410934197	2.94e-07
1410934257	2.94e-07
1410934318	2.93e-07
1410934378	2.93e-07
1410934439	2.93e-07
1410934499	2.93e-07
1410934560	2.93e-07
1410934620	2.93e-07
1410934680	2.93e-07
1410934741	2.93e-07
1410934801	2.92e-07
1410934862	2.92e-07
1410934922	2.92e-07
1410934983	2.92e-07
1410935043	2.92e-07
1410935104	2.92e-07
1410935164	2.92e-07
1410935225	2.92e-07
1410935285	2.92e-07
1410935346	2.92e-07
1410935406	2.92e-07
1410935467	2.92e-07
1410935527	2.91e-07
1410935588	2.91e-07
1410935648	2.91e-07
1410935709	2.91e-07
1410935769	2.91e-07
1410935830	2.91e-07
1410935890	2.91e-07
1410935951	2.91e-07
1410936011	2.91e-07
1410936072	2.91e-07
1410936132	2.9e-07
1410936193	2.9e-07
1410936253	2.9e-07
1410936314	2.9e-07
1410936374	2.9e-07
1410936435	2.9e-07
1410936495	2.9e-07
1410936556	2.9e-07
1410936616	2.89e-07
1410936677	2.89e-07
1410936737	2.89e-07
1410936798	2.89e-07
1410936858	2.89e-07
1410936919	2.89e-07
1410936979	2.89e-07
1410937040	2.89e-07
1410937100	2.89e-07
1410937161	2.89e-07
1410937221	2.89e-07
1410937282	2.89e-07
1410937342	2.88e-07
1410937403	2.88e-07
1410937463	2.88e-07
1410937524	2.88e-07
1410937584	2.88e-07
1410937645	2.88e-07
1410937705	2.88e-07
1410937766	2.88e-07
1410937826	2.88e-07
1410937887	2.88e-07
1410937947	2.88e-07
1410938008	2.87e-07
1410938069	2.87e-07
1410938129	2.87e-07
1410938190	2.87e-07
1410938250	2.87e-07
1410938310	2.87e-07
1410938371	2.87e-07
1410938431	2.87e-07
1410938492	2.86e-07
1410938552	2.86e-07
1410938613	2.86e-07
1410938674	2.86e-07
1410938734	2.86e-07
1410938795	2.86e-07
1410938855	2.86e-07
1410938916	2.86e-07
1410938976	2.86e-07
1410939037	2.86e-07
1410939097	2.86e-07
1410939158	2.86e-07
1410939218	2.86e-07
1410939279	2.85e-07
1410939339	2.85e-07
1410939399	2.85e-07
1410939460	2.85e-07
1410939521	2.85e-07
1410939581	2.85e-07
1410939642	2.85e-07
1410939702	2.85e-07
1410939763	2.85e-07
1410939823	2.85e-07
1410939884	2.85e-07
1410939944	2.85e-07
1410940005	2.84e-07
1410940065	2.84e-07
1410940125	2.84e-07
1410940186	2.84e-07
1410940246	2.84e-07
1410940307	2.84e-07
1410940368	2.84e-07
1410940428	2.84e-07
1410940489	2.84e-07
1410940549	2.84e-07
1410940610	2.84e-07
1410940670	2.84e-07
1410940731	2.84e-07
1410940791	2.84e-07
1410940851	2.84e-07
1410940912	2.83e-07
1410940973	2.83e-07
1410941033	2.83e-07
1410941094	2.83e-07
1410941154	2.83e-07
1410941215	2.83e-07
1410941275	2.83e-07
1410941336	2.83e-07
1410941396	2.83e-07
1410941457	2.83e-07
1410941517	2.83e-07
1410941578	2.83e-07
1410941638	2.82e-07
1410941699	2.82e-07
1410941759	2.82e-07
1410941820	2.82e-07
1410941880	2.82e-07
1410941941	2.82e-07
1410942001	2.82e-07
1410942061	2.82e-07
1410942122	2.82e-07
1410942182	2.82e-07
1410942243	2.82e-07
1410942303	2.81e-07
1410942364	2.81e-07
1410942424	2.81e-07
1410942485	2.81e-07
1410942545	2.81e-07
1410942606	2.81e-07
1410942666	2.81e-07
1410942727	2.81e-07
1410942787	2.81e-07
1410942848	2.81e-07
1410942908	2.8e-07
1410942968	2.8e-07
1410943029	2.8e-07
1410943089	2.8e-07
1410943150	2.8e-07
1410943210	2.8e-07
1410943271	2.8e-07
1410943331	2.8e-07
1410943392	2.8e-07
1410943452	2.8e-07
1410943513	2.79e-07
1410943573	2.79e-07
1410943634	2.79e-07
1410943694	2.79e-07
1410943755	2.79e-07
1410943815	2.79e-07
1410943876	2.79e-07
1410943936	2.79e-07
1410943997	2.79e-07
1410944057	2.79e-07
1410944118	2.79e-07
1410944179	2.79e-07
1410944239	2.79e-07
1410944300	2.79e-07
1410944360	2.78e-07
1410944421	2.78e-07
1410944481	2.78e-07
1410944542	2.78e-07
1410944602	2.78e-07
1410944663	2.78e-07
1410944723	2.78e-07
1410944783	2.78e-07
1410944844	2.78e-07
1410944904	2.78e-07
1410944965	2.78e-07
1410945025	2.78e-07
1410945086	2.78e-07
1410945146	2.78e-07
1410945207	2.78e-07
1410945267	2.78e-07
1410945328	2.77e-07
1410945388	2.77e-07
1410945449	2.77e-07
1410945509	2.77e-07
1410945570	2.77e-07
1410945630	2.77e-07
1410945691	2.77e-07
1410945751	2.77e-07
1410945812	2.77e-07
1410945872	2.77e-07
1410945933	2.77e-07
1410945993	2.77e-07
1410946053	2.77e-07
1410946114	2.77e-07
1410946174	2.77e-07
1410946235	2.76e-07
1410946295	2.77e-07
1410946356	2.76e-07
1410946416	2.76e-07
1410946477	2.76e-07
1410946537	2.76e-07
1410946598	2.76e-07
1410946658	2.76e-07
1410946719	2.76e-07
1410946779	2.76e-07
1410946840	2.76e-07
1410946900	2.76e-07
1410946961	2.76e-07
1410947021	2.76e-07
1410947082	2.75e-07
1410947142	2.75e-07
1410947203	2.75e-07
1410947263	2.75e-07
1410947323	2.75e-07
1410947384	2.75e-07
1410947444	2.75e-07
1410947505	2.75e-07
1410947565	2.75e-07
1410947626	2.75e-07
1410947686	2.75e-07
1410947747	2.75e-07
1410947807	2.75e-07
1410947868	2.75e-07
1410947928	2.75e-07
1410947989	2.75e-07
1410948049	2.74e-07
1410948110	2.74e-07
1410948170	2.74e-07
1410948230	2.74e-07
1410948291	2.74e-07
1410948351	2.74e-07
1410948412	2.74e-07
1410948472	2.74e-07
1410948533	2.74e-07
1410948593	2.74e-07
1410948654	2.74e-07
1410948714	2.74e-07
1410948775	2.74e-07
1410948835	2.74e-07
1410948896	2.74e-07
1410948956	2.74e-07
1410949017	2.74e-07
1410949077	2.74e-07
1410949138	2.74e-07
1410949198	2.73e-07
1410949259	2.73e-07
1410949319	2.73e-07
1410949380	2.73e-07
1410949440	2.73e-07
1410949501	2.73e-07
1410949561	2.73e-07
1410949622	2.73e-07
1410949682	2.73e-07
1410949743	2.73e-07
1410949803	2.73e-07
1410949864	2.73e-07
1410949924	2.73e-07
1410949985	2.73e-07
1410950045	2.73e-07
1410950106	2.73e-07
1410950166	2.73e-07
1410950227	2.72e-07
1410950287	2.72e-07
1410950348	2.72e-07
1410950408	2.72e-07
1410950469	2.72e-07
1410950529	2.72e-07
1410950590	2.72e-07
1410950650	2.72e-07
1410950711	2.72e-07
1410950771	2.72e-07
1410950832	2.72e-07
1410950892	2.72e-07
1410950952	2.72e-07
1410951013	2.72e-07
1410951073	2.72e-07
1410951134	2.72e-07
1410951194	2.71e-07
1410951255	2.71e-07
1410951315	2.71e-07
1410951376	2.71e-07
1410951436	2.71e-07
1410951497	2.71e-07
1410951557	2.71e-07
1410951618	2.71e-07
1410951678	2.71e-07
1410951739	2.71e-07
1410951799	2.71e-07
1410951860	2.71e-07
1410951920	2.71e-07
1410951981	2.71e-07
1410952041	2.71e-07
1410952102	2.71e-07
1410952162	2.71e-07
1410952223	2.71e-07
1410952283	2.71e-07
1410952344	2.71e-07
1410952404	2.71e-07
1410952465	2.7e-07
1410952525	2.7e-07
1410952586	2.7e-07
1410952646	2.7e-07
1410952707	2.7e-07
1410952767	2.7e-07
1410952828	2.7e-07
1410952888	2.7e-07
1410952949	2.7e-07
1410953009	2.7e-07
1410953070	2.7e-07
1410953130	2.7e-07
1410953190	2.7e-07
1410953251	2.7e-07
1410953311	2.7e-07
1410953372	2.7e-07
1410953432	2.7e-07
1410953493	2.7e-07
1410953553	2.69e-07
1410953614	2.69e-07
1410953675	2.69e-07
1410953735	2.69e-07
1410953796	2.69e-07
1410953856	2.69e-07
1410953916	2.69e-07
1410953977	2.69e-07
1410954037	2.69e-07
1410954098	2.69e-07
1410954158	2.69e-07
1410954219	2.69e-07
1410954279	2.69e-07
1410954340	2.69e-07
1410954400	2.69e-07
1410954461	2.69e-07
1410954521	2.69e-07
1410954582	2.68e-07
1410954642	2.68e-07
1410954703	2.68e-07
1410954764	2.68e-07
1410954824	2.68e-07
1410954884	2.68e-07
1410954945	2.68e-07
1410955005	2.68e-07
1410955066	2.68e-07
1410955127	2.68e-07
1410955187	2.68e-07
1410955247	2.68e-07
1410955308	2.68e-07
1410955368	2.68e-07
1410955429	2.68e-07
1410955489	2.68e-07
1410955550	2.68e-07
1410955610	2.68e-07
1410955671	2.68e-07
1410955731	2.68e-07
1410955791	2.67e-07
1410955852	2.67e-07
1410955912	2.67e-07
1410955973	2.67e-07
1410956033	2.67e-07
1410956094	2.67e-07
1410956154	2.67e-07
1410956215	2.67e-07
1410956275	2.67e-07
1410956336	2.67e-07
1410956396	2.67e-07
1410956457	2.67e-07
1410956517	2.67e-07
1410956578	2.67e-07
1410956638	2.67e-07
1410956699	2.67e-07
1410956760	2.67e-07
1410956820	2.67e-07
1410956881	2.67e-07
1410956941	2.67e-07
1410957002	2.67e-07
1410957062	2.67e-07
1410957123	2.67e-07
1410957183	2.67e-07
1410957244	2.67e-07
1410957304	2.67e-07
1410957364	2.66e-07
1410957425	2.66e-07
1410957485	2.66e-07
1410957546	2.66e-07
1410957607	2.66e-07
1410957667	2.66e-07
1410957728	2.66e-07
1410957788	2.66e-07
1410957848	2.66e-07
1410957909	2.66e-07
1410957970	2.66e-07
1410958030	2.66e-07
1410958091	2.66e-07
1410958151	2.66e-07
1410958212	2.66e-07
1410958272	2.66e-07
1410958332	2.66e-07
1410958393	2.66e-07
1410958453	2.66e-07
1410958514	2.66e-07
1410958574	2.66e-07
1410958635	2.66e-07
1410958695	2.66e-07
1410958756	2.66e-07
1410958816	2.66e-07
1410958876	2.66e-07
1410958937	2.66e-07
1410958997	2.66e-07
1410959058	2.66e-07
1410959118	2.66e-07
1410959179	2.66e-07
1410959239	2.65e-07
1410959300	2.65e-07
1410959360	2.65e-07
1410959421	2.65e-07
1410959481	2.65e-07
1410959542	2.65e-07
1410959602	2.65e-07
1410959663	2.65e-07
1410959723	2.65e-07
1410959784	2.65e-07
1410959844	2.65e-07
1410959905	2.65e-07
1410959965	2.65e-07
1410960025	2.65e-07
1410960086	2.65e-07
1410960147	2.65e-07
1410960207	2.65e-07
1410960268	2.65e-07
1410960328	2.65e-07
1410960389	2.65e-07
1410960449	2.65e-07
1410960510	2.65e-07
1410960570	2.65e-07
1410960631	2.65e-07
1410960691	2.64e-07
1410960752	2.64e-07
1410960812	2.65e-07
1410960873	2.64e-07
1410960933	2.64e-07
1410960994	2.64e-07
1410961054	2.64e-07
1410961115	2.64e-07
1410961175	2.64e-07
1410961236	2.64e-07
1410961296	2.64e-07
1410961357	2.64e-07
1410961417	2.64e-07
1410961478	2.64e-07
1410961538	2.64e-07
1410961598	2.64e-07
1410961659	2.64e-07
1410961720	2.64e-07
1410961780	2.64e-07
1410961841	2.64e-07
1410961901	2.64e-07
1410961962	2.63e-07
1410962022	2.63e-07
1410962083	2.63e-07
1410962143	2.63e-07
1410962204	2.63e-07
1410962264	2.63e-07
1410962324	2.63e-07
1410962385	2.63e-07
1410962445	2.63e-07
1410962506	2.63e-07
1410962566	2.63e-07
1410962627	2.63e-07
1410962687	2.63e-07
1410962748	2.63e-07
1410962808	2.63e-07
1410962869	2.63e-07
1410962929	2.63e-07
1410962990	2.63e-07
1410963050	2.63e-07
1410963111	2.63e-07
1410963171	2.63e-07
1410963231	2.63e-07
1410963292	2.63e-07
1410963353	2.63e-07
1410963413	2.63e-07
1410963474	2.63e-07
1410963534	2.62e-07
1410963595	2.62e-07
1410963655	2.62e-07
1410963716	2.62e-07
1410963776	2.62e-07
1410963837	2.62e-07
1410963897	2.62e-07
1410963957	2.62e-07
1410964018	2.62e-07
1410964078	2.62e-07
1410964139	2.62e-07
1410964199	2.62e-07
1410964260	2.62e-07
1410964320	2.62e-07
1410964381	2.62e-07
1410964441	2.62e-07
1410964502	2.62e-07
1410964562	2.62e-07
1410964623	2.62e-07
1410964683	2.62e-07
1410964744	2.62e-07
1410964804	2.62e-07
1410964865	2.61e-07
1410964925	2.61e-07
1410964986	2.61e-07
1410965046	2.61e-07
1410965107	2.61e-07
1410965167	2.61e-07
1410965227	2.61e-07
1410965288	2.61e-07
1410965349	2.61e-07
1410965409	2.61e-07
1410965469	2.61e-07
1410965530	2.61e-07
1410965590	2.61e-07
1410965651	2.61e-07
1410965711	2.61e-07
1410965772	2.61e-07
1410965832	2.61e-07
1410965893	2.61e-07
1410965953	2.61e-07
1410966014	2.61e-07
1410966074	2.61e-07
1410966135	2.61e-07
1410966195	2.6e-07
1410966256	2.6e-07
1410966316	2.6e-07
1410966377	2.6e-07
1410966437	2.6e-07
1410966498	2.6e-07
1410966558	2.6e-07
1410966619	2.6e-07
1410966679	2.6e-07
1410966740	2.6e-07
1410966800	2.6e-07
1410966861	2.6e-07
1410966921	2.6e-07
1410966982	2.6e-07
1410967042	2.6e-07
1410967103	4.43e-07
1410967163	5.23e-07
1410967224	5.77e-07
1410967284	6.2e-07
1410967345	6.57e-07
1410967405	6.91e-07
1410967466	7.23e-07
1410967526	7.51e-07
1410967587	7.79e-07
1410967648	8.03e-07
1410967708	8.28e-07
1410967769	8.5e-07
1410967829	8.6e-07
1410967890	9.09e-07
1410967950	9.25e-07
1410968011	9.42e-07
1410968071	9.6e-07
1410968131	9.77e-07
1410968192	9.93e-07
1410968252	1.01e-06
1410969198	0.0
1410969258	7.05e-07
1410969319	5.79e-07
1410969379	5.15e-07
1410969440	4.75e-07
1410969500	4.47e-07
1410969561	4.26e-07
1410969621	4.09e-07
1410969682	3.95e-07
1410969742	3.83e-07
1410969803	3.74e-07
1410969863	3.65e-07
1410969924	3.58e-07
1410969984	3.51e-07
1410970045	3.46e-07
1410970105	3.41e-07
1410970166	3.36e-07
1410970226	3.32e-07
1410970287	3.28e-07
1410970347	3.24e-07
1410970408	3.21e-07
1410970468	3.18e-07
1410970529	3.15e-07
1410970589	3.13e-07
1410970650	3.11e-07
1410970710	3.09e-07
1410970771	3.07e-07
1410970831	3.05e-07
1410970892	3.03e-07
1410970952	3.01e-07
1410971013	3e-07
1410971073	2.98e-07
1410971133	2.97e-07
1410971194	2.96e-07
1410971254	2.94e-07
1410971315	2.93e-07
1410971375	2.92e-07
1410971436	2.91e-07
1410971496	2.9e-07
1410971557	2.89e-07
1410971617	2.89e-07
1410971678	2.88e-07
1410971738	2.87e-07
1410971799	2.86e-07
1410971859	2.86e-07
1410971920	2.85e-07
1410971980	2.84e-07
1410972041	2.84e-07
1410972101	2.83e-07
1410972161	2.83e-07
1410972222	2.82e-07
1410972282	2.82e-07
1410972343	2.81e-07
1410972403	2.81e-07
1410972464	2.8e-07
1410972524	2.8e-07
1410972585	2.79e-07
1410972645	2.79e-07
1410972706	2.78e-07
1410972766	2.78e-07
1410972827	2.77e-07
1410972887	2.77e-07
1410972948	2.77e-07
1410973008	2.76e-07
1410973069	2.76e-07
1410973129	2.77e-07
1410973190	2.75e-07
1410973250	2.75e-07
1410973311	2.74e-07
1410973371	2.74e-07
1410973432	2.74e-07
1410973492	2.73e-07
1410973553	2.73e-07
1410973613	2.72e-07
1410973674	2.72e-07
1410973734	2.72e-07
1410973795	2.72e-07
1410973855	2.71e-07
1410973916	2.71e-07
1410973976	2.71e-07
1410974037	2.71e-07
1410974097	2.7e-07
1410974158	2.7e-07
1410974218	2.7e-07
1410974279	2.7e-07
1410974339	2.69e-07
1410974400	2.69e-07
1410974460	2.69e-07
1410974521	2.69e-07
1410974581	2.69e-07
1410974642	2.68e-07
1410974702	2.68e-07
1410974763	2.68e-07
1410974823	2.68e-07
1410974884	2.68e-07
1410974944	2.67e-07
1410975005	2.67e-07
1410975065	2.67e-07
1410975126	2.67e-07
1410975186	2.67e-07
1410975247	2.67e-07
1410975307	2.67e-07
1410975368	2.66e-07
1410975428	2.66e-07
1410975489	2.66e-07
1410975549	2.66e-07
1410975610	2.66e-07
1410975670	2.66e-07
1410975731	2.66e-07
1410975791	2.65e-07
1410975852	2.65e-07
1410975912	2.65e-07
1410975973	2.65e-07
1410976033	2.65e-07
1410976094	2.65e-07
1410976154	2.65e-07
1410976215	2.65e-07
1410976275	2.65e-07
1410976336	2.65e-07
1410976396	2.65e-07
1410976457	2.64e-07
1410976517	2.64e-07
1410976578	2.64e-07
1410976638	2.64e-07
1410976699	2.64e-07
1410976759	2.64e-07
1410976820	2.64e-07
1410976880	2.64e-07
1410976941	2.64e-07
1410977001	2.64e-07
1410977062	2.64e-07
1410977122	2.64e-07
1410977183	2.64e-07
1410977243	2.64e-07
1410977304	2.64e-07
1410977364	2.64e-07
1410977425	2.64e-07
1410977485	2.64e-07
1410977546	2.63e-07
1410977606	2.63e-07
1410977667	2.63e-07
1410977727	2.63e-07
1410977788	2.63e-07
1410977848	2.63e-07
1410977908	2.63e-07
1410977969	2.63e-07
1410978029	2.63e-07
1410978090	2.63e-07
1410978150	2.63e-07
1410978211	2.63e-07
1410978271	2.63e-07
1410978332	2.63e-07
1410978392	2.63e-07
1410978453	2.63e-07
1410978513	2.63e-07
1410978574	2.63e-07
1410978634	2.63e-07
1410978695	2.63e-07
1410978755	2.63e-07
1410978816	2.63e-07
1410978876	2.63e-07
1410978937	2.63e-07
1410978997	2.63e-07
1410979058	2.63e-07
1410979118	2.63e-07
1410979179	2.63e-07
1410979239	2.63e-07
1410979300	2.63e-07
1410979360	2.63e-07
1410979421	2.63e-07
1410979481	2.63e-07
1410979542	2.63e-07
1410979602	2.63e-07
1410979663	2.63e-07
1410979723	2.63e-07
1410979784	2.63e-07
1410979844	2.63e-07
1410979905	2.63e-07
1410979965	2.63e-07
1410980026	2.63e-07
1410980086	2.63e-07
1410980147	2.63e-07
1410980207	2.63e-07
1410980268	2.63e-07
1410980328	2.63e-07
1410980389	2.63e-07
1410980449	2.63e-07
1410980510	2.63e-07
1410980570	2.63e-07
1410980631	2.63e-07
1410980691	2.63e-07
1410980752	2.63e-07
1410980812	2.63e-07
1410980873	2.63e-07
1410980933	2.63e-07
1410980994	2.63e-07
1410981054	2.63e-07
1410981115	2.63e-07
1410981175	2.63e-07
1410981236	2.63e-07
1410981296	2.63e-07
1410981357	2.63e-07
1410981417	2.63e-07
1410981478	2.63e-07
1410981538	2.63e-07
1410981599	2.63e-07
1410981659	2.63e-07
1410981720	2.63e-07
1410981780	2.63e-07
1410981840	2.63e-07
1410981901	2.63e-07
1410981961	2.63e-07
1410982022	2.63e-07
1410982082	2.63e-07
1410982143	2.63e-07
1410982203	2.63e-07
1410982264	2.63e-07
1410982324	2.63e-07
1410982385	2.63e-07
1410982445	2.63e-07
1410982506	2.63e-07
1410982566	2.63e-07
1410982627	2.63e-07
1410982687	2.63e-07
1410982748	2.63e-07
1410982808	2.63e-07
1410982869	2.63e-07
1410982929	2.63e-07
1410982990	2.63e-07
1410983050	2.63e-07
1410983111	2.63e-07
1410983171	2.63e-07
1410983232	2.63e-07
1410983292	2.63e-07
1410983353	2.63e-07
1410983413	2.63e-07
1410983474	2.63e-07
1410983534	2.63e-07
1410983595	2.63e-07
1410983655	2.63e-07
1410983715	2.63e-07
1410983776	2.81e-07
1410983836	2.64e-07
1410983897	2.63e-07
1410983957	2.63e-07
1410984018	2.63e-07
1410984078	2.63e-07
1410984139	2.63e-07
1410984200	2.63e-07
1410984260	3.79e-09
1410984321	2.76e-07
1410984381	2.62e-07
1410984442	2.62e-07
1410984502	2.62e-07
1410984563	2.62e-07
1410984623	2.62e-07
1410984684	2.62e-07
1410984744	2.62e-07
1410984805	2.62e-07
1410984865	2.62e-07
1410984926	2.62e-07
1410984986	2.62e-07
1410985046	2.62e-07
1410985107	2.61e-07
1410985167	2.63e-07
1410985228	2.63e-07
1410985288	2.63e-07
1410985349	2.63e-07
1410985409	2.63e-07
1410985470	2.63e-07
1410985531	2.63e-07
1410985591	2.63e-07
1410985651	2.63e-07
1410985712	2.63e-07
1410985772	2.63e-07
1410985833	2.63e-07
1410985893	2.63e-07
1410985954	2.62e-07
1410986014	2.62e-07
1410986075	2.62e-07
1410986135	2.62e-07
1410986196	2.62e-07
1410986256	2.62e-07
1410986317	2.62e-07
1410986377	2.62e-07
1410986438	2.61e-07
1410986498	2.61e-07
1410986559	2.61e-07
1410986619	2.61e-07
1410986680	2.61e-07
1410986740	2.61e-07
1410986801	2.61e-07
1410986861	2.61e-07
1410986922	2.61e-07
1410986982	2.61e-07
1410987043	2.61e-07
1410987103	2.6e-07
1410987164	2.6e-07
1410987224	2.6e-07
1410987285	2.6e-07
1410987345	2.6e-07
1410987406	2.6e-07
1410987466	2.6e-07
1410987527	2.6e-07
1410987587	2.6e-07
1410987647	2.6e-07
1410987708	4.32e-07
1410987768	5.27e-07
1410987829	5.84e-07
1410987889	6.29e-07
1410987950	6.69e-07
1410988010	7.04e-07
1410988071	7.36e-07
1410988131	7.65e-07
1410988192	7.92e-07
1410988252	8.18e-07
1410988313	8.43e-07
1410988373	8.66e-07
1410988433	8.88e-07
1410988494	9.09e-07
1410988554	9.3e-07
1410988615	9.49e-07
1410988675	9.68e-07
1410988736	9.85e-07
1410988796	1e-06
1410988857	1.02e-06
1410989819	0.0
1410989879	5.69e-07
1410989940	4.84e-07
1410990000	4.42e-07
1410990061	4.16e-07
1410990121	3.97e-07
1410990182	3.82e-07
1410990242	3.7e-07
1410990303	3.61e-07
1410990363	3.53e-07
1410990424	3.46e-07
1410990484	3.4e-07
1410990545	3.35e-07
1410990605	3.3e-07
1410990666	3.26e-07
1410990726	3.22e-07
1410990787	3.19e-07
1410990847	3.16e-07
1410990907	3.13e-07
1410990968	3.1e-07
1410991028	3.08e-07
1410991089	3.06e-07
1410991149	3.04e-07
1410991210	3.02e-07
1410991270	3e-07
1410991331	2.99e-07
1410991391	2.97e-07
1410991452	2.96e-07
1410991512	2.94e-07
1410991573	2.93e-07
1410991634	2.92e-07
1410991694	2.91e-07
1410991755	2.9e-07
1410991815	2.89e-07
1410991876	2.88e-07
1410991936	2.87e-07
1410991996	2.86e-07
1410992057	2.85e-07
1410992118	2.84e-07
1410992178	2.84e-07
1410992239	2.83e-07
1410992299	2.82e-07
1410992359	2.82e-07
1410992420	2.81e-07
1410992480	2.8e-07
1410992541	2.8e-07
1410992601	2.79e-07
1410992662	2.79e-07
1410992722	2.78e-07
1410992783	2.78e-07
1410992843	2.77e-07
1410992904	2.77e-07
1410992964	2.77e-07
1410993025	2.76e-07
1410993085	2.76e-07
1410993145	2.75e-07
1410993206	2.75e-07
1410993266	2.75e-07
1410993327	2.75e-07
1410993387	2.74e-07
1410993448	2.74e-07
1410993508	2.74e-07
1410993569	2.73e-07
1410993629	2.73e-07
1410993690	2.73e-07
1410993750	2.73e-07
1410993811	2.72e-07
1410993871	2.72e-07
1410993932	2.72e-07
1410993992	2.72e-07
1410994053	2.71e-07
1410994113	2.71e-07
1410994174	2.71e-07
1410994234	2.71e-07
1410994295	2.7e-07
1410994355	2.7e-07
1410994416	2.7e-07
1410994476	2.7e-07
1410994537	2.7e-07
1410994597	2.69e-07
1410994658	2.69e-07
1410994718	2.69e-07
1410994779	2.69e-07
1410994839	2.69e-07
1410994900	2.69e-07
1410994960	2.68e-07
1410995021	2.68e-07
1410995081	2.68e-07
1410995142	2.68e-07
1410995202	2.68e-07
1410995263	2.68e-07
1410995323	2.68e-07
1410995384	2.67e-07
1410995444	2.67e-07
1410995505	2.67e-07
1410995565	2.67e-07
1410995626	2.67e-07
1410995686	2.67e-07
1410995747	2.67e-07
1410995807	2.67e-07
1410995868	2.67e-07
1410995928	2.66e-07
1410995989	2.66e-07
1410996049	2.66e-07
1410996110	2.66e-07
1410996170	2.66e-07
1410996231	2.66e-07
1410996291	2.66e-07
1410996352	2.66e-07
1410996412	2.65e-07
1410996473	2.65e-07
1410996533	2.65e-07
1410996594	2.65e-07
1410996654	2.65e-07
1410996715	2.65e-07
1410996775	2.65e-07
1410996836	2.65e-07
1410996896	2.65e-07
1410996957	2.65e-07
1410997017	2.64e-07
1410997078	2.65e-07
1410997138	2.65e-07
1410997199	2.64e-07
1410997259	2.64e-07
1410997320	2.64e-07
1410997380	2.64e-07
1410997441	2.64e-07
1410997501	2.64e-07
1410997562	2.64e-07
1410997622	2.64e-07
1410997682	2.64e-07
1410997743	2.64e-07
1410997803	2.64e-07
1410997864	2.64e-07
1410997925	2.63e-07
1410997985	2.63e-07
1410998046	2.63e-07
1410998106	2.63e-07
1410998167	2.63e-07
1410998227	2.63e-07
1410998288	2.63e-07
1410998348	2.63e-07
1410998409	2.63e-07
1410998469	2.63e-07
1410998530	2.63e-07
1410998590	2.63e-07
1410998651	2.63e-07
1410998711	2.62e-07
1410998771	2.62e-07
1410998832	2.62e-07
1410998892	2.62e-07
1410998953	2.62e-07
1410999013	2.62e-07
1410999074	2.62e-07
1410999134	2.62e-07
1410999195	2.62e-07
1410999256	2.62e-07
1410999316	2.62e-07
1410999376	2.62e-07
1410999437	2.62e-07
1410999497	2.62e-07
1410999558	2.62e-07
1410999618	2.62e-07
1410999679	2.61e-07
1410999740	2.61e-07
1410999800	2.61e-07
1410999861	2.61e-07
1410999921	2.61e-07
1410999982	2.61e-07
1411000042	2.61e-07
1411000103	2.61e-07
1411000163	2.61e-07
1411000224	2.61e-07
1411000284	2.61e-07
1411000345	2.61e-07
1411000405	2.61e-07
1411000466	2.61e-07
1411000526	2.61e-07
1411000587	2.6e-07
1411000647	2.6e-07
1411000708	2.6e-07
1411000768	2.6e-07
1411000829	2.6e-07
1411000889	2.6e-07
1411000950	2.6e-07
1411001010	2.6e-07
1411001071	2.6e-07
1411001131	2.6e-07
1411001192	2.6e-07
1411001252	2.6e-07
1411001313	2.6e-07
1411001373	2.6e-07
1411001434	2.6e-07
1411001494	2.6e-07
1411001555	2.6e-07
1411001615	2.6e-07
1411001676	2.6e-07
1411001736	2.6e-07
1411001797	2.6e-07
1411001857	2.6e-07
1411001917	2.6e-07
1411001978	2.59e-07
1411002038	2.59e-07
1411002099	2.59e-07
1411002160	2.59e-07
1411002220	2.59e-07
1411002281	2.59e-07
1411002341	2.59e-07
1411002401	2.59e-07
1411002462	2.59e-07
1411002522	2.59e-07
1411002583	2.59e-07
1411002643	2.59e-07
1411002704	2.59e-07
1411002764	2.59e-07
1411002825	2.59e-07
1411002885	2.59e-07
1411002946	2.59e-07
1411003007	2.59e-07
1411003067	2.58e-07
1411003128	2.58e-07
1411003188	2.58e-07
1411003249	2.58e-07
1411003309	2.58e-07
1411003370	2.58e-07
1411003430	2.58e-07
1411003490	2.58e-07
1411003551	2.58e-07
1411003611	2.58e-07
1411003672	2.58e-07
1411003733	2.58e-07
1411003793	2.58e-07
1411003854	2.58e-07
1411003914	2.58e-07
1411003975	2.58e-07
1411004035	2.58e-07
1411004095	2.58e-07
1411004156	2.58e-07
1411004216	2.58e-07
1411004277	2.58e-07
1411004338	2.68e-07
1411004398	2.58e-07
1411004459	2.58e-07
1411004519	2.57e-07
1411004580	2.57e-07
1411004640	2.57e-07
1411004701	2.57e-07
1411004761	2.57e-07
1411004822	2.57e-07
1411004882	2.57e-07
1411004943	2.57e-07
1411005003	2.57e-07
1411005064	2.57e-07
1411005124	2.57e-07
1411005185	2.57e-07
1411005245	2.57e-07
1411005306	2.57e-07
1411005366	2.57e-07
1411005427	2.57e-07
1411005487	2.57e-07
1411005547	2.57e-07
1411005608	2.57e-07
1411005668	2.57e-07
1411005729	2.57e-07
1411005789	2.56e-07
1411005850	2.56e-07
1411005910	2.56e-07
1411005971	2.56e-07
1411006031	2.56e-07
1411006092	2.56e-07
1411006152	2.56e-07
1411006213	2.56e-07
1411006273	2.56e-07
1411006334	2.56e-07
1411006394	2.56e-07
1411006455	2.56e-07
1411006515	2.56e-07
1411006576	2.56e-07
1411006636	2.56e-07
1411006697	2.56e-07
1411006757	2.56e-07
1411006818	2.56e-07
1411006878	2.56e-07
1411006939	2.56e-07
1411006999	2.56e-07
1411007060	2.56e-07
1411007120	2.56e-07
1411007181	2.55e-07
1411007241	2.55e-07
1411007302	2.55e-07
1411007362	2.55e-07
1411007423	2.55e-07
1411007483	2.55e-07
1411007544	2.55e-07
1411007604	2.55e-07
1411007665	2.55e-07
1411007725	2.55e-07
1411007785	2.55e-07
1411007846	2.55e-07
1411007906	2.55e-07
1411007967	2.55e-07
1411008027	2.55e-07
1411008088	2.55e-07
1411008148	2.55e-07
1411008209	2.55e-07
1411008269	2.55e-07
1411008330	2.55e-07
1411008390	2.55e-07
1411008451	2.55e-07
1411008511	2.55e-07
1411008572	2.55e-07
1411008632	2.55e-07
1411008693	2.55e-07
1411008753	2.55e-07
1411008814	2.55e-07
1411008874	2.55e-07
1411008935	2.55e-07
1411008995	2.55e-07
1411009056	2.55e-07
1411009116	2.54e-07
1411009177	2.54e-07
1411009237	2.54e-07
1411009298	2.54e-07
1411009358	2.54e-07
1411009419	2.54e-07
1411009479	2.54e-07
1411009540	2.54e-07
1411009600	2.54e-07
1411009661	2.54e-07
1411009721	2.54e-07
1411009782	2.54e-07
1411009842	2.54e-07
1411009902	2.54e-07
1411009963	2.54e-07
1411010023	2.54e-07
1411010084	2.54e-07
1411010144	2.54e-07
1411010205	2.54e-07
1411010266	2.54e-07
1411010326	2.54e-07
1411010386	2.54e-07
1411010447	2.54e-07
1411010507	2.54e-07
1411010568	2.54e-07
1411010628	2.54e-07
1411010689	2.54e-07
1411010749	2.54e-07
1411010810	2.54e-07
1411010870	2.54e-07
1411010931	2.54e-07
1411010991	2.53e-07
1411011052	2.53e-07
1411011112	2.53e-07
1411011173	2.53e-07
1411011233	2.53e-07
1411011294	2.53e-07
1411011354	2.53e-07
1411011415	2.53e-07
1411011475	2.53e-07
1411011536	2.53e-07
1411011596	2.53e-07
1411011656	2.53e-07
1411011717	2.53e-07
1411011777	2.53e-07
1411011838	2.53e-07
1411011898	2.53e-07
1411011959	2.53e-07
1411012019	2.53e-07
1411012080	2.53e-07
1411012140	2.53e-07
1411012201	2.53e-07
1411012261	2.53e-07
1411012322	2.53e-07
1411012382	2.53e-07
1411012443	2.53e-07
1411012503	2.53e-07
1411012564	2.53e-07
1411012624	2.53e-07
1411012685	2.53e-07
1411012745	2.53e-07
1411012806	2.53e-07
1411012866	2.53e-07
1411012926	2.53e-07
1411012987	2.53e-07
1411013047	2.53e-07
1411013108	2.53e-07
1411013168	2.52e-07
1411013229	2.52e-07
1411013289	2.52e-07
1411013350	2.52e-07
1411013410	2.52e-07
1411013471	2.52e-07
1411013531	2.52e-07
1411013592	2.52e-07
1411013653	2.52e-07
1411013713	2.52e-07
1411013773	2.52e-07
1411013834	2.52e-07
1411013894	2.52e-07
1411013955	2.52e-07
1411014015	2.52e-07
1411014076	2.52e-07
1411014136	2.52e-07
1411014197	2.52e-07
1411014257	2.52e-07
1411014318	2.52e-07
1411014378	2.52e-07
1411014439	2.52e-07
1411014499	2.52e-07
1411014560	2.52e-07
1411014620	2.52e-07
1411014681	2.52e-07
1411014741	2.52e-07
1411014801	2.52e-07
1411014862	2.52e-07
1411014922	2.52e-07
1411014983	2.52e-07
1411015043	2.52e-07
1411015104	2.52e-07
1411015164	2.52e-07
1411015225	2.51e-07
1411015285	2.51e-07
1411015346	2.51e-07
1411015406	2.51e-07
1411015467	2.51e-07
1411015527	2.51e-07
1411015588	2.51e-07
1411015648	2.51e-07
1411015709	2.51e-07
1411015769	2.51e-07
1411015829	2.51e-07
1411015890	2.51e-07
1411015950	2.51e-07
1411016011	2.51e-07
1411016071	2.51e-07
1411016132	2.51e-07
1411016192	2.51e-07
1411016253	2.51e-07
1411016313	2.51e-07
1411016374	2.51e-07
1411016434	2.51e-07
1411016495	2.51e-07
1411016555	2.51e-07
1411016616	2.51e-07
1411016677	2.51e-07
1411016737	2.51e-07
1411016798	2.51e-07
1411016858	2.51e-07
1411016919	2.51e-07
1411016979	2.51e-07
1411017040	2.51e-07
1411017100	2.51e-07
1411017161	2.51e-07
1411017221	2.51e-07
1411017282	2.5e-07
1411017342	2.5e-07
1411017403	2.5e-07
1411017463	2.5e-07
1411017523	2.5e-07
1411017584	2.5e-07
1411017644	2.5e-07
1411017705	2.5e-07
1411017765	2.5e-07
1411017826	2.5e-07
1411017886	2.5e-07
1411017947	2.5e-07
1411018007	2.5e-07
1411018068	2.5e-07
1411018128	2.5e-07
1411018189	2.5e-07
1411018249	2.5e-07
1411018310	2.5e-07
1411018370	2.5e-07
1411018431	2.5e-07
1411018491	2.5e-07
1411018552	2.5e-07
1411018612	2.5e-07
1411018673	2.5e-07
1411018733	2.5e-07
1411018794	2.5e-07
1411018854	2.5e-07
1411018915	2.5e-07
1411018975	2.5e-07
1411019036	2.5e-07
1411019096	2.5e-07
1411019157	2.5e-07
1411019217	2.5e-07
1411019278	2.5e-07
1411019338	2.49e-07
1411019398	2.49e-07
1411019459	2.49e-07
1411019519	2.49e-07
1411019580	2.49e-07
1411019640	2.49e-07
1411019701	2.49e-07
1411019761	2.49e-07
1411019822	2.49e-07
1411019882	2.49e-07
1411019943	2.49e-07
1411020003	2.49e-07
1411020064	2.49e-07
1411020124	2.49e-07
1411020185	2.49e-07
1411020245	2.49e-07
1411020306	2.49e-07
1411020366	2.49e-07
1411020427	2.49e-07
1411020487	2.49e-07
1411020548	2.49e-07
1411020608	2.49e-07
1411020669	2.49e-07
1411020729	2.49e-07
1411020790	2.49e-07
1411020850	2.49e-07
1411020911	2.49e-07
1411020971	2.49e-07
1411021032	2.49e-07
1411021092	2.49e-07
1411021153	2.49e-07
1411021213	2.49e-07
1411021274	2.49e-07
1411021334	2.49e-07
1411021395	2.49e-07
1411021455	2.49e-07
1411021516	2.49e-07
1411021576	2.49e-07
1411021637	2.49e-07
1411021697	2.49e-07
1411021758	2.48e-07
1411021818	2.48e-07
1411021879	2.48e-07
1411021939	2.48e-07
1411022000	2.48e-07
1411022060	2.48e-07
1411022121	2.48e-07
1411022181	2.48e-07
1411022242	2.48e-07
1411022302	2.48e-07
1411022362	2.48e-07
1411022423	2.48e-07
1411022483	2.48e-07
1411022544	2.48e-07
1411022604	2.48e-07
1411022665	2.48e-07
1411022725	2.48e-07
1411022786	2.48e-07
1411022846	2.48e-07
1411022907	2.48e-07
1411022967	2.48e-07
1411023028	2.48e-07
1411023088	2.48e-07
1411023149	2.48e-07
1411023209	2.48e-07
1411023270	2.48e-07
1411023330	2.48e-07
1411023391	2.48e-07
1411023451	2.48e-07
1411023511	2.48e-07
1411023572	2.48e-07
1411023633	2.48e-07
1411023693	2.48e-07
1411023754	2.48e-07
1411023814	2.48e-07
1411023874	2.48e-07
1411023935	2.48e-07
1411023995	2.48e-07
1411024056	2.48e-07
1411024116	2.48e-07
1411024177	2.48e-07
1411024237	2.48e-07
1411024298	2.48e-07
1411024359	2.48e-07
1411024419	2.48e-07
1411024480	2.47e-07
1411024540	2.47e-07
1411024601	2.47e-07
1411024661	2.47e-07
1411024721	2.47e-07
1411024782	2.47e-07
1411024842	2.47e-07
1411024903	2.47e-07
1411024963	2.47e-07
1411025024	2.47e-07
1411025084	2.47e-07
1411025145	2.47e-07
1411025205	2.47e-07
1411025266	2.47e-07
1411025326	2.47e-07
1411025387	2.47e-07
1411025447	2.47e-07
1411025508	2.47e-07
1411025568	2.47e-07
1411025629	2.47e-07
1411025690	2.47e-07
1411025750	2.47e-07
1411025810	2.47e-07
1411025871	2.47e-07
1411025931	2.47e-07
1411025992	2.47e-07
1411026052	2.47e-07
1411026113	2.47e-07
1411026173	2.47e-07
1411026234	2.47e-07
1411026294	2.47e-07
1411026355	2.47e-07
1411026416	2.47e-07
1411026476	2.47e-07
1411026537	2.47e-07
1411026597	2.47e-07
1411026658	2.47e-07
1411026718	2.47e-07
1411026778	2.47e-07
1411026839	2.47e-07
1411026899	2.47e-07
1411026960	2.46e-07
1411027020	2.46e-07
1411027081	2.46e-07
1411027141	2.46e-07
1411027202	2.46e-07
1411027262	2.46e-07
1411027323	2.46e-07
1411027383	2.46e-07
1411027444	2.46e-07
1411027504	2.46e-07
1411027565	2.46e-07
1411027625	2.46e-07
1411027686	2.46e-07
1411027746	2.46e-07
1411027807	2.46e-07
1411027867	2.46e-07
1411027928	2.46e-07
1411027988	2.46e-07
1411028049	2.46e-07
1411028109	2.46e-07
1411028170	2.46e-07
1411028230	2.46e-07
1411028291	2.46e-07
1411028351	2.46e-07
1411028412	2.46e-07
1411028472	2.46e-07
1411028533	2.46e-07
1411028593	2.46e-07
1411028654	2.46e-07
1411028714	2.46e-07
1411028775	2.46e-07
1411028835	2.46e-07
1411028896	2.46e-07
1411028957	2.46e-07
1411029017	2.46e-07
1411029078	2.46e-07
1411029138	2.46e-07
1411029199	2.46e-07
1411029259	2.46e-07
1411029320	2.46e-07
1411029380	2.46e-07
1411029441	2.46e-07
1411029501	2.46e-07
1411029562	2.46e-07
1411029622	2.46e-07
1411029683	2.46e-07
1411029743	2.46e-07
1411029804	2.46e-07
1411029864	2.45e-07
1411029925	2.45e-07
1411029985	2.46e-07
1411030045	2.45e-07
1411030106	2.45e-07
1411030167	2.45e-07
1411030227	2.45e-07
1411030288	2.45e-07
1411030348	2.45e-07
1411030409	2.45e-07
1411030469	2.45e-07
1411030529	2.45e-07
1411030590	2.45e-07
1411030650	2.45e-07
1411030711	2.45e-07
1411030771	2.45e-07
1411030832	2.45e-07
1411030892	2.45e-07
1411030953	2.45e-07
1411031013	2.45e-07
1411031074	2.45e-07
1411031134	2.45e-07
1411031195	2.45e-07
1411031255	2.45e-07
1411031316	2.45e-07
1411031376	2.45e-07
1411031437	2.45e-07
1411031497	2.45e-07
1411031558	2.45e-07
1411031618	2.45e-07
1411031679	2.45e-07
1411031739	2.45e-07
1411031800	2.45e-07
1411031860	2.45e-07
1411031921	2.45e-07
1411031981	2.45e-07
1411032042	2.45e-07
1411032102	2.45e-07
1411032163	2.45e-07
1411032223	2.45e-07
1411032284	2.45e-07
1411032344	2.45e-07
1411032405	2.45e-07
1411032465	2.45e-07
1411032526	2.45e-07
1411032586	2.45e-07
1411032647	2.45e-07
1411032707	2.45e-07
1411032768	2.45e-07
1411032828	2.45e-07
1411032889	2.45e-07
1411032949	2.45e-07
1411033010	2.45e-07
1411033070	2.45e-07
1411033131	2.44e-07
1411033191	2.44e-07
1411033252	2.44e-07
1411033312	2.44e-07
1411033373	2.44e-07
1411033433	2.44e-07
1411033494	2.44e-07
1411033555	2.44e-07
1411033615	2.44e-07
1411033676	2.44e-07
1411033736	2.44e-07
1411033797	2.44e-07
1411033857	2.44e-07
1411033917	2.44e-07
1411033978	2.44e-07
1411034038	2.44e-07
1411034099	2.44e-07
1411034159	2.44e-07
1411034220	2.44e-07
1411034281	2.44e-07
1411034341	2.44e-07
1411034401	2.44e-07
1411034462	2.44e-07
1411034522	2.44e-07
1411034583	2.44e-07
1411034643	2.44e-07
1411034704	2.44e-07
1411034765	2.44e-07
1411034825	2.44e-07
1411034886	2.44e-07
1411034946	2.44e-07
1411035007	2.44e-07
1411035067	2.44e-07
1411035128	2.44e-07
1411035188	2.44e-07
1411035249	2.44e-07
1411035309	2.44e-07
1411035370	2.44e-07
1411035430	2.44e-07
1411035491	2.44e-07
1411035551	2.44e-07
1411035612	2.44e-07
1411035672	2.44e-07
1411035732	2.44e-07
1411035793	2.44e-07
1411035854	2.44e-07
1411035914	2.44e-07
1411035974	2.44e-07
1411036035	2.44e-07
1411036095	2.44e-07
1411036156	2.44e-07
1411036217	2.44e-07
1411036277	2.44e-07
1411036338	2.44e-07
1411036398	2.44e-07
1411036459	2.44e-07
1411036519	2.44e-07
1411036580	2.44e-07
1411036640	2.44e-07
1411036701	2.44e-07
1411036761	2.43e-07
1411036822	2.43e-07
1411036882	2.43e-07
1411036943	2.43e-07
1411037003	2.44e-07
1411037064	2.43e-07
1411037124	2.43e-07
1411037185	2.43e-07
1411037245	2.43e-07
1411037306	2.44e-07
1411037366	2.44e-07
1411037427	2.43e-07
1411037487	2.43e-07
1411037548	2.43e-07
1411037608	2.43e-07
1411037669	2.43e-07
1411037729	2.43e-07
1411037790	2.43e-07
1411037850	2.43e-07
1411037911	2.43e-07
1411037971	2.43e-07
1411038032	2.43e-07
1411038092	2.43e-07
1411038153	2.43e-07
1411038213	2.43e-07
1411038274	2.43e-07
1411038334	2.43e-07
1411038395	2.43e-07
1411038455	2.43e-07
1411038516	2.43e-07
1411038576	2.43e-07
1411038637	2.43e-07
1411038697	2.43e-07
1411038758	2.43e-07
1411038818	2.43e-07
1411038879	2.43e-07
1411038939	2.43e-07
1411039000	2.43e-07
1411039060	2.43e-07
1411039121	2.43e-07
1411039181	2.43e-07
1411039242	2.43e-07
1411039302	2.43e-07
1411039363	2.43e-07
1411039423	2.43e-07
1411039484	2.43e-07
1411039544	2.43e-07
1411039605	2.43e-07
1411039665	2.43e-07
1411039726	2.43e-07
1411039786	2.43e-07
1411039846	2.43e-07
1411039907	2.43e-07
1411039967	2.43e-07
1411040028	2.43e-07
1411040089	2.43e-07
1411040149	2.43e-07
1411040210	2.43e-07
1411040270	2.43e-07
1411040331	2.43e-07
1411040391	2.43e-07
1411040451	2.42e-07
1411040512	2.42e-07
1411040572	2.42e-07
1411040633	2.42e-07
1411040693	2.42e-07
1411040754	2.42e-07
1411040815	2.42e-07
1411040875	2.42e-07
1411040935	2.42e-07
1411040996	2.42e-07
1411041056	2.42e-07
1411041117	2.42e-07
1411041177	2.42e-07
1411041238	2.42e-07
1411041298	2.42e-07
1411041359	2.42e-07
1411041419	2.42e-07
1411041480	2.42e-07
1411041540	2.42e-07
1411041601	2.42e-07
1411041661	2.42e-07
1411041722	2.42e-07
1411041782	2.42e-07
1411041843	2.42e-07
1411041903	2.42e-07
1411041964	2.42e-07
1411042024	2.42e-07
1411042085	2.42e-07
1411042145	2.42e-07
1411042206	2.42e-07
1411042266	2.42e-07
1411042327	2.42e-07
1411042387	2.42e-07
1411042448	2.42e-07
1411042508	2.42e-07
1411042569	2.42e-07
1411042629	2.42e-07
1411042690	2.42e-07
1411042750	2.42e-07
1411042811	2.42e-07
1411042871	2.42e-07
1411042932	2.42e-07
1411042992	2.42e-07
1411043053	2.42e-07
1411043113	2.42e-07
1411043173	2.42e-07
1411043234	2.42e-07
1411043294	2.42e-07
1411043355	2.42e-07
1411043416	2.42e-07
1411043476	2.42e-07
1411043537	2.42e-07
1411043597	2.42e-07
1411043658	2.42e-07
1411043718	2.42e-07
1411043778	2.42e-07
1411043839	2.42e-07
1411043899	2.42e-07
1411043960	2.41e-07
1411044020	2.41e-07
1411044081	2.41e-07
1411044141	2.41e-07
1411044202	2.41e-07
1411044263	2.41e-07
1411044323	2.41e-07
1411044384	2.41e-07
1411044444	2.41e-07
1411044505	2.41e-07
1411044565	2.41e-07
1411044626	2.41e-07
1411044686	2.41e-07
1411044747	2.41e-07
1411044807	2.41e-07
1411044867	2.41e-07
1411044928	2.41e-07
1411044988	2.41e-07
1411045049	2.41e-07
1411045109	2.41e-07
1411045170	2.41e-07
1411045230	2.41e-07
1411045291	2.41e-07
1411045351	2.41e-07
1411045412	2.41e-07
1411045472	2.41e-07
1411045533	2.41e-07
1411045594	2.41e-07
1411045654	2.41e-07
1411045714	2.41e-07
1411045775	2.41e-07
1411045835	2.41e-07
1411045896	2.41e-07
1411045956	2.41e-07
1411046017	2.41e-07
1411046078	2.41e-07
1411046138	2.41e-07
1411046198	2.41e-07
1411046259	2.41e-07
1411046319	2.41e-07
1411046380	2.41e-07
1411046440	2.41e-07
1411046501	2.41e-07
1411046561	2.41e-07
1411046622	2.41e-07
1411046682	2.41e-07
1411046743	2.41e-07
1411046803	2.41e-07
1411046864	2.41e-07
1411046924	2.41e-07
1411046985	2.41e-07
1411047045	2.41e-07
1411047106	2.41e-07
1411047166	2.41e-07
1411047227	2.41e-07
1411047287	2.41e-07
1411047348	2.41e-07
1411047408	2.41e-07
1411047469	2.41e-07
1411047529	2.41e-07
1411047590	2.41e-07
1411047650	2.41e-07
1411047711	2.41e-07
1411047771	2.41e-07
1411047832	2.41e-07
1411047892	2.41e-07
1411047953	2.41e-07
1411048013	2.41e-07
1411048074	2.41e-07
1411048135	2.41e-07
1411048195	2.41e-07
1411048256	2.41e-07
1411048316	2.41e-07
1411048377	2.41e-07
1411048437	2.41e-07
1411048498	2.41e-07
1411048558	2.41e-07
1411048619	2.41e-07
1411048679	2.41e-07
1411048740	2.41e-07
1411048800	2.41e-07
1411048861	2.41e-07
1411048921	2.41e-07
1411048982	2.41e-07
1411049042	2.41e-07
1411049103	2.41e-07
1411049163	2.41e-07
1411049224	2.41e-07
1411049284	2.41e-07
1411049345	2.41e-07
1411049405	2.41e-07
1411049466	2.41e-07
1411049526	2.41e-07
1411049587	2.41e-07
1411049647	2.41e-07
1411049708	2.41e-07
1411049768	2.41e-07
1411049829	2.41e-07
1411049889	2.41e-07
1411049950	2.41e-07
1411050010	2.41e-07
1411050071	2.41e-07
1411050131	2.41e-07
1411050192	2.4e-07
1411050252	2.41e-07
1411050313	2.4e-07
1411050373	2.4e-07
1411050434	2.4e-07
1411050494	2.4e-07
1411050555	2.4e-07
1411050615	2.4e-07
1411050676	2.4e-07
1411050736	2.4e-07
1411050797	2.4e-07
1411050857	2.4e-07
1411050918	2.4e-07
1411050978	2.4e-07
1411051039	2.4e-07
1411051099	2.4e-07
1411051159	2.4e-07
1411051220	2.4e-07
1411051280	2.4e-07
1411051341	2.4e-07
1411051401	2.4e-07
1411051462	2.4e-07
1411051522	2.4e-07
1411051583	2.4e-07
1411051643	2.4e-07
1411051704	2.4e-07
1411051764	2.4e-07
1411051825	2.4e-07
1411051885	2.4e-07
1411051946	2.4e-07
1411052006	2.4e-07
1411052067	2.4e-07
1411052127	2.4e-07
1411052188	2.4e-07
1411052248	2.4e-07
1411052309	2.4e-07
1411052369	2.4e-07
1411052430	2.4e-07
1411052490	2.4e-07
1411052551	2.4e-07
1411052611	2.4e-07
1411052672	2.4e-07
1411052732	2.4e-07
1411052793	2.4e-07
1411052853	2.4e-07
1411052914	2.4e-07
1411052975	2.4e-07
1411053035	2.4e-07
1411053096	2.4e-07
1411053156	2.4e-07
1411053217	2.4e-07
1411053277	2.4e-07
1411053338	2.4e-07
1411053398	2.4e-07
1411053459	2.4e-07
1411053519	2.4e-07
1411053580	2.4e-07
1411053640	2.4e-07
1411053701	4.08e-07
1411053761	4.91e-07
1411053822	5.43e-07
1411053882	5.84e-07
1411053943	6.21e-07
1411054003	6.53e-07
1411054063	6.82e-07
1411054124	7.1e-07
1411054184	7.35e-07
1411054245	7.59e-07
1411054305	7.81e-07
1411054366	8.02e-07
1411054427	8.22e-07
1411054487	8.42e-07
1411054548	8.6e-07
1411054608	8.78e-07
1411054669	8.95e-07
1411054729	9.11e-07
1411054790	9.27e-07
1411054850	9.42e-07
1411054911	9.57e-07
1411054971	9.72e-07
1411055032	9.85e-07
1411055092	9.98e-07
1411055153	1.01e-06
1411055213	1.02e-06
1411055274	1.03e-06
1411055334	1.05e-06
1411055395	1.06e-06
1411055455	1.07e-06
1411055516	1.08e-06
1411055576	1.09e-06
1411055637	1.1e-06
1411055697	1.11e-06
1411055758	1.12e-06
1411055818	1.13e-06
1411055879	1.13e-06
1411055939	1.14e-06
1411056940	0.0
1411057000	5.63e-07
1411057061	4.78e-07
1411057121	4.35e-07
1411057182	4.07e-07
1411057242	3.88e-07
1411057303	3.72e-07
1411057363	3.6e-07
1411057424	3.5e-07
1411057484	3.41e-07
1411057545	3.34e-07
1411057605	3.28e-07
1411057666	3.22e-07
1411057726	3.17e-07
1411057787	3.13e-07
1411057847	3.09e-07
1411057908	3.05e-07
1411057968	3.02e-07
1411058028	2.99e-07
1411058089	2.96e-07
1411058149	2.94e-07
1411058210	2.91e-07
1411058270	2.89e-07
1411058331	2.87e-07
1411058391	2.85e-07
1411058452	2.84e-07
1411058512	2.82e-07
1411058573	2.8e-07
1411058633	2.79e-07
1411058694	2.78e-07
1411058754	2.76e-07
1411058815	2.75e-07
1411058875	2.74e-07
1411058936	2.73e-07
1411058996	2.72e-07
1411059057	2.71e-07
1411059118	2.7e-07
1411059178	2.69e-07
1411059239	2.69e-07
1411059299	2.68e-07
1411059360	2.67e-07
1411059420	2.66e-07
1411059480	2.66e-07
1411059541	2.65e-07
1411059601	2.65e-07
1411059662	2.64e-07
1411059722	2.63e-07
1411059783	2.63e-07
1411059843	2.62e-07
1411059904	2.62e-07
1411059964	2.62e-07
1411060025	2.61e-07
1411060085	2.61e-07
1411060146	2.6e-07
1411060206	2.6e-07
1411060267	2.59e-07
1411060327	2.59e-07
1411060388	2.59e-07
1411060448	2.58e-07
1411060509	2.58e-07
1411060569	2.58e-07
1411060630	2.57e-07
1411060690	2.57e-07
1411060751	2.57e-07
1411060811	2.56e-07
1411060872	2.56e-07
1411060932	2.56e-07
1411060993	2.56e-07
1411061053	2.55e-07
1411061113	2.55e-07
1411061174	2.55e-07
1411061234	2.55e-07
1411061295	2.54e-07
1411061355	2.54e-07
1411061416	2.54e-07
1411061476	2.54e-07
1411061537	2.54e-07
1411061597	2.53e-07
1411061658	2.53e-07
1411061718	2.53e-07
1411061779	2.53e-07
1411061839	2.53e-07
1411061900	2.53e-07
1411061960	2.52e-07
1411062021	2.52e-07
1411062081	2.52e-07
1411062142	2.52e-07
1411062202	2.52e-07
1411062263	2.52e-07
1411062323	2.51e-07
1411062384	2.51e-07
1411062444	2.51e-07
1411062505	2.51e-07
1411062565	2.51e-07
1411062626	2.51e-07
1411062686	2.51e-07
1411062747	2.51e-07
1411062807	2.5e-07
1411062868	2.5e-07
1411062928	2.5e-07
1411062989	2.5e-07
1411063049	2.5e-07
1411063110	2.5e-07
1411063170	2.5e-07
1411063231	2.5e-07
1411063291	2.5e-07
1411063352	2.5e-07
1411063412	2.5e-07
1411063473	2.49e-07
1411063533	2.49e-07
1411063594	2.49e-07
1411063654	2.49e-07
1411063715	2.49e-07
1411063775	2.49e-07
1411063836	2.49e-07
1411063896	2.49e-07
1411063957	2.49e-07
1411064017	2.49e-07
1411064078	2.49e-07
1411064138	2.49e-07
1411064199	2.48e-07
1411064259	2.48e-07
1411064320	2.48e-07
1411064380	2.48e-07
1411064441	2.48e-07
1411064502	2.48e-07
1411064562	2.48e-07
1411064623	2.48e-07
1411064683	2.48e-07
1411064744	3.79e-09
1411064804	2.48e-07
1411064865	2.47e-07
1411064925	2.47e-07
1411064986	2.47e-07
1411065046	2.47e-07
1411065107	2.47e-07
1411065167	2.47e-07
1411065228	2.47e-07
1411065288	2.46e-07
1411065349	2.46e-07
1411065409	2.46e-07
1411065470	2.46e-07
1411065530	2.46e-07
1411065591	2.46e-07
1411065651	2.46e-07
1411065712	2.46e-07
1411065772	2.46e-07
1411065833	2.46e-07
1411065893	2.46e-07
1411065954	2.46e-07
1411066014	2.46e-07
1411066075	2.46e-07
1411066135	2.46e-07
1411066196	2.46e-07
1411066256	2.46e-07
1411066317	2.46e-07
1411066377	2.46e-07
1411066438	2.46e-07
1411066498	2.46e-07
1411066559	2.46e-07
1411066619	2.46e-07
1411066680	2.46e-07
1411066740	2.46e-07
1411066801	2.46e-07
1411066861	2.46e-07
1411066922	2.46e-07
1411066982	2.46e-07
1411067042	2.45e-07
1411067103	2.45e-07
1411067163	2.45e-07
1411067224	2.45e-07
1411067284	2.45e-07
1411067345	2.45e-07
1411067405	2.45e-07
1411067466	2.45e-07
1411067526	2.45e-07
1411067587	2.45e-07
1411067647	2.45e-07
1411067708	2.45e-07
1411067768	2.45e-07
1411067829	2.45e-07
1411067889	2.45e-07
1411067950	2.45e-07
1411068010	2.45e-07
1411068071	2.45e-07
1411068131	2.45e-07
1411068192	2.45e-07
1411068252	2.45e-07
1411068313	2.44e-07
1411068373	2.44e-07
1411068434	2.44e-07
1411068494	2.44e-07
1411068555	2.44e-07
1411068615	2.44e-07
1411068676	2.45e-07
1411068736	2.44e-07
1411068797	2.44e-07
1411068857	2.44e-07
1411068918	2.45e-07
1411068978	2.44e-07
1411069039	2.44e-07
1411069099	2.44e-07
1411069160	2.44e-07
1411069220	2.44e-07
1411069281	2.44e-07
1411069341	2.44e-07
1411069402	2.44e-07
1411069462	2.44e-07
1411069523	2.44e-07
1411069583	2.44e-07
1411069644	2.44e-07
1411069704	2.44e-07
1411069765	2.44e-07
1411069826	2.44e-07
1411069886	2.44e-07
1411069946	2.44e-07
1411070007	2.44e-07
1411070067	2.44e-07
1411070128	2.44e-07
1411070188	2.44e-07
1411070249	2.44e-07
1411070309	2.44e-07
1411070370	2.44e-07
1411070430	2.44e-07
1411070491	2.44e-07
1411070551	2.44e-07
1411070612	2.44e-07
1411070672	2.44e-07
1411070733	2.44e-07
1411070793	2.44e-07
1411070854	2.44e-07
1411070914	2.44e-07
1411070975	2.44e-07
1411071035	2.44e-07
1411071096	2.44e-07
1411071156	2.44e-07
1411071217	2.45e-07
1411071277	2.44e-07
1411071338	2.45e-07
1411071398	2.45e-07
1411071459	2.45e-07
1411071519	2.45e-07
1411071579	2.45e-07
1411071640	2.45e-07
1411071701	2.45e-07
1411071761	2.45e-07
1411071822	2.45e-07
1411071882	2.45e-07
1411071943	2.45e-07
1411072003	2.45e-07
1411072064	2.45e-07
1411072124	2.45e-07
1411072185	2.45e-07
1411072245	2.45e-07
1411072306	2.45e-07
1411072366	2.45e-07
1411072427	2.45e-07
1411072487	2.45e-07
1411072548	2.45e-07
1411072608	2.45e-07
1411072669	2.45e-07
1411072729	2.45e-07
1411072790	2.45e-07
1411072850	2.45e-07
1411072911	2.45e-07
1411072971	2.45e-07
1411073032	2.45e-07
1411073092	2.45e-07
1411073153	2.45e-07
1411073213	2.45e-07
1411073274	2.45e-07
1411073334	2.45e-07
1411073395	2.45e-07
1411073455	2.45e-07
1411073516	2.45e-07
1411073576	2.45e-07
1411073637	2.45e-07
1411073697	2.45e-07
1411073758	2.45e-07
1411073818	2.45e-07
1411073879	2.45e-07
1411073939	2.45e-07
1411073999	2.45e-07
1411074060	2.45e-07
1411074121	2.45e-07
1411074181	2.45e-07
1411074242	2.45e-07
1411074302	2.45e-07
1411074363	2.45e-07
1411074423	2.45e-07
1411074484	2.45e-07
1411074544	2.45e-07
1411074604	2.45e-07
1411074665	2.45e-07
1411074726	2.45e-07
1411074786	4.03e-07
1411074846	4.98e-07
1411074907	5.53e-07
1411074967	5.97e-07
1411075028	6.36e-07
1411075089	6.71e-07
1411075149	7.02e-07
1411075210	7.31e-07
1411075270	7.58e-07
1411075330	7.84e-07
1411075391	8.07e-07
1411075451	8.3e-07
1411075512	8.52e-07
1411075572	8.72e-07
1411075633	8.91e-07
1411075693	9.1e-07
1411075754	9.28e-07
1411075814	9.45e-07
1411075875	9.62e-07
1411075935	9.78e-07
1411075996	9.93e-07
1411076056	1.01e-06
1411076979	0.0
1411077039	4.64e-07
1411077100	4.39e-07
1411077160	4.03e-07
1411077221	3.8e-07
1411077281	3.64e-07
1411077342	3.51e-07
1411077402	3.41e-07
1411077462	3.32e-07
1411077523	3.25e-07
1411077583	3.19e-07
1411077644	3.14e-07
1411077704	3.1e-07
1411077765	3.06e-07
1411077825	3.02e-07
1411077886	2.99e-07
1411077946	2.96e-07
1411078007	2.93e-07
1411078067	2.91e-07
1411078128	2.88e-07
1411078188	2.86e-07
1411078249	2.85e-07
1411078309	2.83e-07
1411078370	2.81e-07
1411078430	2.8e-07
1411078491	2.78e-07
1411078551	2.77e-07
1411078612	2.76e-07
1411078672	2.75e-07
1411078733	2.73e-07
1411078793	2.72e-07
1411078854	2.71e-07
1411078914	2.71e-07
1411078975	2.7e-07
1411079035	2.69e-07
1411079096	2.68e-07
1411079156	2.67e-07
1411079216	2.67e-07
1411079277	2.66e-07
1411079337	2.65e-07
1411079398	2.65e-07
1411079458	2.64e-07
1411079519	2.64e-07
1411079579	2.63e-07
1411079640	2.63e-07
1411079700	2.62e-07
1411079761	2.62e-07
1411079822	2.61e-07
1411079882	2.61e-07
1411079942	2.61e-07
1411080003	2.6e-07
1411080064	2.6e-07
1411080124	2.6e-07
1411080185	2.59e-07
1411080245	2.59e-07
1411080306	2.59e-07
1411080366	2.58e-07
1411080426	2.58e-07
1411080487	2.58e-07
1411080548	2.57e-07
1411080608	2.57e-07
1411080668	2.57e-07
1411080729	2.57e-07
1411080790	2.56e-07
1411080850	2.56e-07
1411080911	2.56e-07
1411080971	2.56e-07
1411081032	2.56e-07
1411081092	2.55e-07
1411081153	2.55e-07
1411081213	2.55e-07
1411081274	2.55e-07
1411081334	2.55e-07
1411081395	2.55e-07
1411081455	2.54e-07
1411081516	2.54e-07
1411081576	2.54e-07
1411081637	2.54e-07
1411081697	2.54e-07
1411081758	2.54e-07
1411081818	2.53e-07
1411081879	2.53e-07
1411081939	2.53e-07
1411082000	2.53e-07
1411082060	2.53e-07
1411082120	2.53e-07
1411082181	2.53e-07
1411082241	2.53e-07
1411082302	2.53e-07
1411082363	2.52e-07
1411082423	2.52e-07
1411082483	2.52e-07
1411082544	2.52e-07
1411082604	2.52e-07
1411082665	2.52e-07
1411082725	2.52e-07
1411082786	2.52e-07
1411082846	2.52e-07
1411082907	2.52e-07
1411082968	2.51e-07
1411083028	2.51e-07
1411083089	2.51e-07
1411083149	2.51e-07
1411083210	2.51e-07
1411083270	2.51e-07
1411083331	2.51e-07
1411083391	2.51e-07
1411083452	2.51e-07
1411083512	2.51e-07
1411083573	2.51e-07
1411083633	2.51e-07
1411083694	2.5e-07
1411083754	2.5e-07
1411083815	2.5e-07
1411083875	2.5e-07
1411083936	2.5e-07
1411083996	2.5e-07
1411084057	2.5e-07
1411084117	2.5e-07
1411084178	2.5e-07
1411084238	2.5e-07
1411084299	2.5e-07
1411084359	2.5e-07
1411084420	2.5e-07
1411084480	2.5e-07
1411084541	2.49e-07
1411084601	2.49e-07
1411084662	2.49e-07
1411084722	2.49e-07
1411084783	2.49e-07
1411084843	2.49e-07
1411084904	2.49e-07
1411084964	2.49e-07
1411085025	2.49e-07
1411085085	2.49e-07
1411085146	2.49e-07
1411085206	2.49e-07
1411085267	2.49e-07
1411085327	2.49e-07
1411085388	2.49e-07
1411085448	2.49e-07
1411085509	2.49e-07
1411085570	2.49e-07
1411085630	2.49e-07
1411085690	2.48e-07
1411085751	2.48e-07
1411085811	2.48e-07
1411085872	2.48e-07
1411085932	2.48e-07
1411085993	2.48e-07
1411086053	2.5e-07
1411086114	2.49e-07
1411086174	2.48e-07
1411086235	2.48e-07
1411086295	2.48e-07
1411086356	2.48e-07
1411086416	2.48e-07
1411086477	2.48e-07
1411086537	2.48e-07
1411086598	2.48e-07
1411086658	2.48e-07
1411086719	2.48e-07
1411086779	2.48e-07
1411086840	2.47e-07
1411086900	2.47e-07
1411086961	2.47e-07
1411087021	2.47e-07
1411087082	2.47e-07
1411087142	2.47e-07
1411087203	2.47e-07
1411087263	2.47e-07
1411087324	2.47e-07
1411087384	2.47e-07
1411087444	2.47e-07
1411087505	2.47e-07
1411087566	2.47e-07
1411087626	2.47e-07
1411087686	2.47e-07
1411087747	2.47e-07
1411087807	2.47e-07
1411087868	2.47e-07
1411087928	2.47e-07
1411087989	2.47e-07
1411088049	2.47e-07
1411088110	2.47e-07
1411088170	2.47e-07
1411088231	2.47e-07
1411088292	2.47e-07
1411088352	2.47e-07
1411088413	2.46e-07
1411088473	2.46e-07
1411088534	2.46e-07
1411088594	2.46e-07
1411088655	2.46e-07
1411088715	2.46e-07
1411088776	2.46e-07
1411088836	2.46e-07
1411088897	2.46e-07
1411088957	2.46e-07
1411089018	2.46e-07
1411089078	2.46e-07
1411089139	2.46e-07
1411089199	2.46e-07
1411089260	2.46e-07
1411089320	2.46e-07
1411089381	2.46e-07
1411089441	2.46e-07
1411089502	2.46e-07
1411089562	2.46e-07
1411089623	2.46e-07
1411089683	2.46e-07
1411089744	2.46e-07
1411089804	2.46e-07
1411089865	2.46e-07
1411089925	2.46e-07
1411089986	2.46e-07
1411090046	2.46e-07
1411090107	2.46e-07
1411090167	2.46e-07
1411090228	2.46e-07
1411090288	2.45e-07
1411090349	2.46e-07
1411090409	2.45e-07
1411090470	2.45e-07
1411090530	2.45e-07
1411090591	2.45e-07
1411090651	2.45e-07
1411090712	2.45e-07
1411090772	2.45e-07
1411090833	2.45e-07
1411090893	2.45e-07
1411090954	2.45e-07
1411091014	2.45e-07
1411091075	2.45e-07
1411091135	2.45e-07
1411091196	2.45e-07
1411091256	2.45e-07
1411091317	2.45e-07
1411091377	2.45e-07
1411091438	2.45e-07
1411091498	2.45e-07
1411091559	2.45e-07
1411091619	2.45e-07
1411091680	2.45e-07
1411091740	2.45e-07
1411091801	2.45e-07
1411091861	2.45e-07
1411091922	2.45e-07
1411091982	2.45e-07
1411092043	2.45e-07
1411092103	2.45e-07
1411092164	2.45e-07
1411092224	2.45e-07
1411092285	2.45e-07
1411092345	2.45e-07
1411092406	2.45e-07
1411092466	2.44e-07
1411092527	2.44e-07
1411092587	2.44e-07
1411092648	2.44e-07
1411092708	2.44e-07
1411092769	2.44e-07
1411092829	2.44e-07
1411092890	2.44e-07
1411092950	2.44e-07
1411093011	2.44e-07
1411093071	2.44e-07
1411093132	2.44e-07
1411093192	2.44e-07
1411093252	2.44e-07
1411093313	2.44e-07
1411093373	2.44e-07
1411093434	2.44e-07
1411093494	2.44e-07
1411093555	2.44e-07
1411093615	2.44e-07
1411093676	2.44e-07
1411093736	2.44e-07
1411093797	2.44e-07
1411093857	2.44e-07
1411093918	2.44e-07
1411093978	2.44e-07
1411094039	2.44e-07
1411094099	2.44e-07
1411094159	2.44e-07
1411094220	2.44e-07
1411094280	2.44e-07
1411094341	2.44e-07
1411094401	2.44e-07
1411094462	2.44e-07
1411094523	2.44e-07
1411094583	2.44e-07
1411094643	2.44e-07
1411094704	2.44e-07
1411094764	2.44e-07
1411094825	2.44e-07
1411094885	2.44e-07
1411094946	2.44e-07
1411095006	2.44e-07
1411095067	2.44e-07
1411095127	2.44e-07
1411095188	2.43e-07
1411095248	2.43e-07
1411095309	2.43e-07
1411095369	2.43e-07
1411095430	2.43e-07
1411095490	2.43e-07
1411095551	2.43e-07
1411095611	2.43e-07
1411095672	2.43e-07
1411095732	2.43e-07
1411095793	2.43e-07
1411095853	2.43e-07
1411095914	2.43e-07
1411095974	2.43e-07
1411096035	2.43e-07
1411096095	2.43e-07
1411096156	2.43e-07
1411096216	2.43e-07
1411096277	2.43e-07
1411096337	2.43e-07
1411096398	2.43e-07
1411096458	2.43e-07
1411096519	2.43e-07
1411096579	2.43e-07
1411096640	2.43e-07
1411096700	2.43e-07
1411096761	2.43e-07
1411096821	2.43e-07
1411096882	2.43e-07
1411096942	2.43e-07
1411097003	2.43e-07
1411097063	2.43e-07
1411097124	2.43e-07
1411097184	2.43e-07
1411097245	2.43e-07
1411097305	2.43e-07
1411097366	2.43e-07
1411097426	2.43e-07
1411097487	2.43e-07
1411097547	2.43e-07
1411097608	2.43e-07
1411097668	2.43e-07
1411097729	2.43e-07
1411097789	2.43e-07
1411097850	2.43e-07
1411097910	2.43e-07
1411097970	2.42e-07
1411098031	2.43e-07
1411098091	2.43e-07
1411098152	2.42e-07
1411098212	2.42e-07
1411098273	2.42e-07
1411098334	2.42e-07
1411098394	2.42e-07
1411098455	2.42e-07
1411098515	2.42e-07
1411098576	2.42e-07
1411098636	2.42e-07
1411098697	2.42e-07
1411098757	2.42e-07
1411098818	2.42e-07
1411098878	2.42e-07
1411098939	2.42e-07
1411098999	2.42e-07
1411099059	2.42e-07
1411099120	2.42e-07
1411099180	2.42e-07
1411099241	2.42e-07
1411099301	2.42e-07
1411099362	2.42e-07
1411099422	2.42e-07
1411099483	2.42e-07
1411099543	2.42e-07
1411099604	2.42e-07
1411099664	2.42e-07
1411099725	2.42e-07
1411099785	2.42e-07
1411099846	2.42e-07
1411099906	2.41e-07
1411099967	2.41e-07
1411100027	2.41e-07
1411100088	2.41e-07
1411100148	2.41e-07
1411100209	2.41e-07
1411100269	2.41e-07
1411100330	2.41e-07
1411100390	2.41e-07
1411100451	2.41e-07
1411100511	2.41e-07
1411100572	2.41e-07
1411100632	2.41e-07
1411100693	2.41e-07
1411100753	2.41e-07
1411100814	2.41e-07
1411100874	2.41e-07
1411100935	2.41e-07
1411100995	2.41e-07
1411101056	2.41e-07
1411101116	2.41e-07
1411101177	2.41e-07
1411101237	2.41e-07
1411101297	2.41e-07
1411101358	2.41e-07
1411101418	2.41e-07
1411101479	2.41e-07
1411101539	2.41e-07
1411101600	2.41e-07
1411101660	2.41e-07
1411101721	2.41e-07
1411101781	2.41e-07
1411101842	2.41e-07
1411101902	2.41e-07
1411101963	2.41e-07
1411102023	2.41e-07
1411102084	2.41e-07
1411102144	2.41e-07
1411102205	2.41e-07
1411102265	2.41e-07
1411102326	2.41e-07
1411102386	2.41e-07
1411102447	2.4e-07
1411102507	2.41e-07
1411102568	2.4e-07
1411102628	2.4e-07
1411102689	2.4e-07
1411102749	2.41e-07
1411102810	2.4e-07
1411102870	2.4e-07
1411102931	2.4e-07
1411102991	2.4e-07
1411103052	2.4e-07
1411103112	2.4e-07
1411103173	2.4e-07
1411103233	2.4e-07
1411103294	2.4e-07
1411103354	2.4e-07
1411103415	2.4e-07
1411103475	2.4e-07
1411103536	2.4e-07
1411103596	2.4e-07
1411103657	2.4e-07
1411103717	2.4e-07
1411103778	2.4e-07
1411103838	2.4e-07
1411103899	2.4e-07
1411103959	2.4e-07
1411104020	2.4e-07
1411104080	2.4e-07
1411104141	2.4e-07
1411104201	2.4e-07
1411104262	2.4e-07
1411104322	2.4e-07
1411104383	2.4e-07
1411104443	2.4e-07
1411104504	2.4e-07
1411104564	2.4e-07
1411104625	2.4e-07
1411104685	2.4e-07
1411104746	2.4e-07
1411104806	2.4e-07
1411104867	2.4e-07
1411104927	2.4e-07
1411104988	2.4e-07
1411105048	2.4e-07
1411105109	2.4e-07
1411105169	2.4e-07
1411105230	2.4e-07
1411105290	2.4e-07
1411105351	2.4e-07
1411105411	2.4e-07
1411105472	2.4e-07
1411105532	2.4e-07
1411105593	2.4e-07
1411105654	2.4e-07
1411105714	2.4e-07
1411105775	2.4e-07
1411105835	2.4e-07
1411105896	2.39e-07
1411105956	2.4e-07
1411106017	2.39e-07
1411106077	2.39e-07
1411106138	2.39e-07
1411106198	2.39e-07
1411106259	2.4e-07
1411106319	2.39e-07
1411106380	2.39e-07
1411106440	2.39e-07
1411106501	2.39e-07
1411106561	2.39e-07
1411106622	2.39e-07
1411106682	2.39e-07
1411106743	2.39e-07
1411106803	2.39e-07
1411106864	2.39e-07
1411106925	2.39e-07
1411106985	2.39e-07
1411107046	2.39e-07
1411107106	2.39e-07
1411107167	2.39e-07
1411107227	2.39e-07
1411107288	2.39e-07
1411107348	2.39e-07
1411107409	2.39e-07
1411107469	2.39e-07
1411107530	2.39e-07
1411107590	2.39e-07
1411107651	2.39e-07
1411107712	2.39e-07
1411107772	2.39e-07
1411107833	2.39e-07
1411107893	2.39e-07
1411107954	2.39e-07
1411108014	2.39e-07
1411108075	2.39e-07
1411108135	2.39e-07
1411108196	2.39e-07
1411108256	2.39e-07
1411108317	2.39e-07
1411108377	2.39e-07
1411108438	2.39e-07
1411108498	2.39e-07
1411108559	2.39e-07
1411108619	2.39e-07
1411108680	2.39e-07
1411108740	2.39e-07
1411108800	2.39e-07
1411108861	2.39e-07
1411108921	2.39e-07
1411108982	2.39e-07
1411109043	2.39e-07
1411109103	2.39e-07
1411109163	2.39e-07
1411109224	2.39e-07
1411109284	2.39e-07
1411109345	2.39e-07
1411109405	2.39e-07
1411109466	2.39e-07
1411109526	2.38e-07
1411109587	2.39e-07
1411109647	2.39e-07
1411109708	2.38e-07
1411109768	2.38e-07
1411109829	2.38e-07
1411109889	2.38e-07
1411109950	2.38e-07
1411110010	2.38e-07
1411110071	2.38e-07
1411110131	2.38e-07
1411110192	2.38e-07
1411110252	2.38e-07
1411110313	2.38e-07
1411110373	2.38e-07
1411110434	2.38e-07
1411110494	2.38e-07
1411110555	2.38e-07
1411110615	2.38e-07
1411110675	2.38e-07
1411110736	2.38e-07
1411110796	2.38e-07
1411110857	2.38e-07
1411110917	2.38e-07
1411110978	2.38e-07
1411111038	2.38e-07
1411111099	2.38e-07
1411111159	2.38e-07
1411111220	2.38e-07
1411111280	2.38e-07
1411111341	2.38e-07
1411111401	2.38e-07
1411111462	2.38e-07
1411111522	2.38e-07
1411111583	2.38e-07
1411111643	2.38e-07
1411111704	2.38e-07
1411111764	2.38e-07
1411111825	2.38e-07
1411111885	2.38e-07
1411111946	2.38e-07
1411112006	2.38e-07
1411112067	2.38e-07
1411112127	2.38e-07
1411112188	2.38e-07
1411112248	2.38e-07
1411112309	2.38e-07
1411112370	2.38e-07
1411112430	2.38e-07
1411112491	2.38e-07
1411112551	2.38e-07
1411112612	2.38e-07
1411112672	2.38e-07
1411112733	2.38e-07
1411112793	2.38e-07
1411112854	2.38e-07
1411112914	2.38e-07
1411112975	2.38e-07
1411113035	2.38e-07
1411113096	2.37e-07
1411113156	2.37e-07
1411113217	2.37e-07
1411113277	2.37e-07
1411113338	2.37e-07
1411113398	2.37e-07
1411113459	2.37e-07
1411113519	2.37e-07
1411113580	2.37e-07
1411113640	2.37e-07
1411113701	2.37e-07
1411113761	2.37e-07
1411113822	2.37e-07
1411113882	2.37e-07
1411113943	2.37e-07
1411114003	2.37e-07
1411114064	2.37e-07
1411114124	2.37e-07
1411114185	2.37e-07
1411114245	2.37e-07
1411114306	2.37e-07
1411114366	2.37e-07
1411114427	2.37e-07
1411114487	2.37e-07
1411114548	2.37e-07
1411114609	2.37e-07
1411114669	2.37e-07
1411114729	2.37e-07
1411114790	2.37e-07
1411114850	2.37e-07
1411114911	2.37e-07
1411114971	2.37e-07
1411115032	2.37e-07
1411115092	2.37e-07
1411115153	2.37e-07
1411115213	2.37e-07
1411115274	2.37e-07
1411115334	2.37e-07
1411115395	2.37e-07
1411115455	2.37e-07
1411115516	2.37e-07
1411115576	2.37e-07
1411115637	2.37e-07
1411115697	2.37e-07
1411115758	2.37e-07
1411115818	2.37e-07
1411115879	2.37e-07
1411115939	2.37e-07
1411116000	2.37e-07
1411116060	2.37e-07
1411116121	2.37e-07
1411116181	2.37e-07
1411116242	2.37e-07
1411116302	2.37e-07
1411116363	2.37e-07
1411116423	2.37e-07
1411116484	2.37e-07
1411116544	2.37e-07
1411116605	2.37e-07
1411116665	2.37e-07
1411116726	2.37e-07
1411116786	2.37e-07
1411116847	2.36e-07
1411116907	2.36e-07
1411116967	2.36e-07
1411117028	2.36e-07
1411117089	2.36e-07
1411117149	2.36e-07
1411117210	2.36e-07
1411117270	2.36e-07
1411117331	2.36e-07
1411117391	2.36e-07
1411117452	2.36e-07
1411117512	2.36e-07
1411117573	2.36e-07
1411117633	2.36e-07
1411117694	2.36e-07
1411117754	2.36e-07
1411117815	2.36e-07
1411117875	2.36e-07
1411117936	2.36e-07
1411117996	2.36e-07
1411118057	2.36e-07
1411118117	2.36e-07
1411118178	2.36e-07
1411118238	2.36e-07
1411118299	2.36e-07
1411118359	2.36e-07
1411118420	2.36e-07
1411118480	2.36e-07
1411118541	2.36e-07
1411118601	2.36e-07
1411118662	2.36e-07
1411118722	2.36e-07
1411118783	2.36e-07
1411118843	2.36e-07
1411118904	2.36e-07
1411118964	2.36e-07
1411119025	2.36e-07
1411119085	2.36e-07
1411119146	2.36e-07
1411119206	2.36e-07
1411119267	2.36e-07
1411119327	2.36e-07
1411119388	2.36e-07
1411119448	2.36e-07
1411119509	2.36e-07
1411119570	2.36e-07
1411119630	2.36e-07
1411119691	2.36e-07
1411119751	2.36e-07
1411119812	2.36e-07
1411119872	2.36e-07
1411119933	2.36e-07
1411119993	2.36e-07
1411120054	2.36e-07
1411120114	2.36e-07
1411120175	2.36e-07
1411120235	2.36e-07
1411120295	2.36e-07
1411120356	2.36e-07
1411120416	2.35e-07
1411120477	2.35e-07
1411120537	2.35e-07
1411120598	2.35e-07
1411120658	2.35e-07
1411120719	2.35e-07
1411120779	2.35e-07
1411120840	2.35e-07
1411120900	2.35e-07
1411120961	2.35e-07
1411121021	2.35e-07
1411121082	2.35e-07
1411121142	2.35e-07
1411121203	2.35e-07
1411121263	2.35e-07
1411121324	2.35e-07
1411121384	2.35e-07
1411121445	2.35e-07
1411121505	2.35e-07
1411121566	2.35e-07
1411121626	2.35e-07
1411121687	2.35e-07
1411121747	2.35e-07
1411121808	2.35e-07
1411121868	2.35e-07
1411121929	2.35e-07
1411121989	2.35e-07
1411122050	2.35e-07
1411122110	2.35e-07
1411122170	2.35e-07
1411122231	2.35e-07
1411122291	2.35e-07
1411122352	2.35e-07
1411122412	2.35e-07
1411122473	2.35e-07
1411122533	2.35e-07
1411122594	2.35e-07
1411122654	2.35e-07
1411122715	2.35e-07
1411122775	2.35e-07
1411122836	2.35e-07
1411122896	2.35e-07
1411122957	2.35e-07
1411123017	2.35e-07
1411123078	2.35e-07
1411123138	2.35e-07
1411123199	2.35e-07
1411123259	2.35e-07
1411123320	2.35e-07
1411123380	2.35e-07
1411123441	2.35e-07
1411123501	2.35e-07
1411123562	2.35e-07
1411123622	2.35e-07
1411123683	2.35e-07
1411123743	2.35e-07
1411123804	2.35e-07
1411123864	2.35e-07
1411123925	2.35e-07
1411123985	2.35e-07
1411124046	2.35e-07
1411124106	2.35e-07
1411124167	2.35e-07
1411124227	2.35e-07
1411124288	2.35e-07
1411124349	2.34e-07
1411124409	2.34e-07
1411124470	2.34e-07
1411124530	2.34e-07
1411124591	2.34e-07
1411124651	2.34e-07
1411124712	2.34e-07
1411124772	2.34e-07
1411124833	2.34e-07
1411124893	2.34e-07
1411124954	2.34e-07
1411125014	2.34e-07
1411125075	2.34e-07
1411125135	2.34e-07
1411125196	2.34e-07
1411125256	2.34e-07
1411125317	2.34e-07
1411125377	2.34e-07
1411125438	2.34e-07
1411125498	2.34e-07
1411125559	2.34e-07
1411125619	2.34e-07
1411125680	2.34e-07
1411125740	2.34e-07
1411125801	2.34e-07
1411125861	2.34e-07
1411125922	2.34e-07
1411125982	2.34e-07
1411126042	2.34e-07
1411126103	2.34e-07
1411126163	2.34e-07
1411126224	2.34e-07
1411126285	2.34e-07
1411126345	2.34e-07
1411126406	2.34e-07
1411126466	2.34e-07
1411126527	2.34e-07
1411126587	2.34e-07
1411126648	2.34e-07
1411126708	2.34e-07
1411126769	2.34e-07
1411126829	2.34e-07
1411126889	2.34e-07
1411126950	2.34e-07
1411127011	2.34e-07
1411127071	2.34e-07
1411127132	2.34e-07
1411127192	2.34e-07
1411127253	2.34e-07
1411127313	2.34e-07
1411127373	2.34e-07
1411127434	2.34e-07
1411127494	2.34e-07
1411127555	2.34e-07
1411127615	2.34e-07
1411127676	2.34e-07
1411127736	2.34e-07
1411127797	2.34e-07
1411127857	2.34e-07
1411127918	2.34e-07
1411127978	2.34e-07
1411128039	2.34e-07
1411128099	2.34e-07
1411128160	2.34e-07
1411128220	2.34e-07
1411128281	2.34e-07
1411128341	2.33e-07
1411128402	2.34e-07
1411128462	2.33e-07
1411128523	2.34e-07
1411128583	2.33e-07
1411128644	2.33e-07
1411128704	2.33e-07
1411128765	2.33e-07
1411128825	2.33e-07
1411128886	2.33e-07
1411128946	2.33e-07
1411129007	2.33e-07
1411129067	2.33e-07
1411129128	2.33e-07
1411129188	2.34e-07
1411129249	2.34e-07
1411129309	2.34e-07
1411129370	2.33e-07
1411129430	2.33e-07
1411129491	2.33e-07
1411129551	2.33e-07
1411129612	2.33e-07
1411129672	2.33e-07
1411129733	2.33e-07
1411129793	2.33e-07
1411129854	2.33e-07
1411129914	2.33e-07
1411129975	2.33e-07
1411130036	2.33e-07
1411130096	2.33e-07
1411130157	2.33e-07
1411130217	2.33e-07
1411130278	2.33e-07
1411130338	2.33e-07
1411130399	2.33e-07
1411130459	2.33e-07
1411130520	2.33e-07
1411130580	2.33e-07
1411130641	2.33e-07
1411130701	2.33e-07
1411130762	2.33e-07
1411130822	2.33e-07
1411130883	2.33e-07
1411130943	2.33e-07
1411131004	2.33e-07
1411131064	2.33e-07
1411131125	2.33e-07
1411131185	2.33e-07
1411131246	2.33e-07
1411131306	2.33e-07
1411131366	2.33e-07
1411131427	2.33e-07
1411131488	2.33e-07
1411131548	2.33e-07
1411131609	2.33e-07
1411131669	2.33e-07
1411131730	2.33e-07
1411131790	2.33e-07
1411131850	2.33e-07
1411131911	2.33e-07
1411131971	2.33e-07
1411132032	2.33e-07
1411132092	2.33e-07
1411132153	2.33e-07
1411132213	2.33e-07
1411132274	2.33e-07
1411132334	2.33e-07
1411132395	2.33e-07
1411132455	2.33e-07
1411132516	2.33e-07
1411132576	2.33e-07
1411132637	2.33e-07
1411132697	2.33e-07
1411132758	2.33e-07
1411132818	2.33e-07
1411132879	2.33e-07
1411132939	2.33e-07
1411133000	2.33e-07
1411133061	2.33e-07
1411133121	2.33e-07
1411133182	2.33e-07
1411133242	2.33e-07
1411133302	2.33e-07
1411133363	2.33e-07
1411133423	2.33e-07
1411133484	2.33e-07
1411133544	2.33e-07
1411133605	2.33e-07
1411133665	2.33e-07
1411133726	2.33e-07
1411133786	2.33e-07
1411133847	2.33e-07
1411133908	2.33e-07
1411133968	2.33e-07
1411134028	2.33e-07
1411134089	2.33e-07
1411134149	2.33e-07
1411134210	2.33e-07
1411134270	2.33e-07
1411134331	2.33e-07
1411134391	2.33e-07
1411134452	2.33e-07
1411134512	2.33e-07
1411134573	2.33e-07
1411134633	2.33e-07
1411134694	2.33e-07
1411134754	2.33e-07
1411134815	2.33e-07
1411134875	2.33e-07
1411134936	2.33e-07
1411134996	2.33e-07
1411135057	2.33e-07
1411135117	2.33e-07
1411135178	2.33e-07
1411135238	2.33e-07
1411135299	2.33e-07
1411135359	2.33e-07
1411135420	2.33e-07
1411135480	2.33e-07
1411135541	2.33e-07
1411135601	2.33e-07
1411135662	2.33e-07
1411135722	2.33e-07
1411135783	2.33e-07
1411135843	2.33e-07
1411135904	2.33e-07
1411135964	2.33e-07
1411136025	2.33e-07
1411136085	2.33e-07
1411136146	2.32e-07
1411136206	2.33e-07
1411136267	2.33e-07
1411136327	2.32e-07
1411136388	2.32e-07
1411136448	2.32e-07
1411136509	2.32e-07
1411136569	2.32e-07
1411136630	2.32e-07
1411136690	2.32e-07
1411136751	2.32e-07
1411136811	2.32e-07
1411136872	2.32e-07
1411136932	2.32e-07
1411136993	2.32e-07
1411137053	2.32e-07
1411137114	2.32e-07
1411137174	2.32e-07
1411137234	2.32e-07
1411137295	2.32e-07
1411137355	2.32e-07
1411137416	2.32e-07
1411137476	2.32e-07
1411137537	2.32e-07
1411137597	2.32e-07
1411137658	2.32e-07
1411137719	2.32e-07
1411137779	2.32e-07
1411137840	2.32e-07
1411137900	2.32e-07
1411137961	2.32e-07
1411138021	2.32e-07
1411138081	2.32e-07
1411138142	2.32e-07
1411138202	2.32e-07
1411138263	2.32e-07
1411138323	2.32e-07
1411138384	2.32e-07
1411138444	2.32e-07
1411138505	2.32e-07
1411138565	2.32e-07
1411138626	2.32e-07
1411138686	2.32e-07
1411138747	2.32e-07
1411138807	2.32e-07
1411138868	2.32e-07
1411138928	2.32e-07
1411138989	2.32e-07
1411139049	2.32e-07
1411139110	2.32e-07
1411139170	2.32e-07
1411139231	2.32e-07
1411139291	2.32e-07
1411139352	2.32e-07
1411139412	2.32e-07
1411139473	2.32e-07
1411139533	2.32e-07
1411139594	2.32e-07
1411139654	2.32e-07
1411139715	2.32e-07
1411139775	2.32e-07
1411139836	2.32e-07
1411139896	2.32e-07
1411139957	2.32e-07
1411140017	2.32e-07
1411140078	2.32e-07
1411140139	2.32e-07
1411140199	2.32e-07
1411140259	2.32e-07
1411140320	2.32e-07
1411140381	2.32e-07
1411140441	2.32e-07
1411140502	2.32e-07
1411140562	2.32e-07
1411140623	2.32e-07
1411140683	2.32e-07
1411140744	2.32e-07
1411140804	2.32e-07
1411140864	2.32e-07
1411140925	2.32e-07
1411140985	2.32e-07
1411141046	3.83e-07
1411141106	4.74e-07
1411141167	5.26e-07
1411141227	5.68e-07
1411141288	6.04e-07
1411141348	6.34e-07
1411141409	6.62e-07
1411141469	6.88e-07
1411141530	7.12e-07
1411141590	7.35e-07
1411141651	7.57e-07
1411141711	7.78e-07
1411141772	7.97e-07
1411141832	8.16e-07
1411141893	8.33e-07
1411141953	8.5e-07
1411142014	8.66e-07
1411142074	8.82e-07
1411142135	8.96e-07
1411142195	9.1e-07
1411142256	9.24e-07
1411142316	9.37e-07
1411142377	9.49e-07
1411143415	0.0
1411143475	5.05e-07
1411143536	4.29e-07
1411143596	3.92e-07
1411143657	3.69e-07
1411143717	3.86e-07
1411143778	3.37e-07
1411143838	3.26e-07
1411143899	3.18e-07
1411143959	3.11e-07
1411144020	3.05e-07
1411144080	3e-07
1411144141	2.95e-07
1411144201	2.91e-07
1411144262	2.87e-07
1411144322	2.84e-07
1411144383	2.81e-07
1411144443	2.79e-07
1411144504	2.76e-07
1411144564	2.74e-07
1411144625	2.72e-07
1411144686	2.7e-07
1411144746	2.68e-07
1411144807	2.67e-07
1411144867	2.66e-07
1411144928	2.64e-07
1411144988	2.63e-07
1411145049	2.61e-07
1411145109	2.6e-07
1411145170	2.59e-07
1411145230	2.58e-07
1411145291	2.57e-07
1411145351	2.56e-07
1411145412	2.56e-07
1411145472	2.55e-07
1411145533	2.54e-07
1411145593	2.53e-07
1411145654	2.53e-07
1411145714	2.52e-07
1411145775	2.51e-07
1411145835	2.51e-07
1411145896	2.5e-07
1411145956	2.5e-07
1411146017	2.49e-07
1411146077	2.49e-07
1411146138	2.48e-07
1411146198	2.48e-07
1411146259	2.47e-07
1411146319	2.47e-07
1411146380	2.47e-07
1411146440	2.46e-07
1411146501	2.46e-07
1411146561	2.46e-07
1411146622	2.45e-07
1411146682	2.45e-07
1411146743	2.45e-07
1411146803	2.45e-07
1411146864	2.44e-07
1411146924	2.44e-07
1411146985	2.44e-07
1411147045	2.44e-07
1411147106	2.43e-07
1411147166	2.43e-07
1411147227	2.43e-07
1411147287	2.43e-07
1411147348	2.42e-07
1411147408	2.42e-07
1411147469	2.42e-07
1411147529	2.42e-07
1411147590	2.42e-07
1411147650	2.41e-07
1411147711	2.41e-07
1411147771	2.41e-07
1411147832	2.41e-07
1411147892	2.41e-07
1411147953	2.41e-07
1411148013	2.4e-07
1411148073	2.41e-07
1411148134	2.4e-07
1411148194	2.4e-07
1411148255	2.4e-07
1411148315	2.4e-07
1411148376	2.4e-07
1411148437	2.39e-07
1411148497	2.39e-07
1411148557	2.39e-07
1411148618	2.39e-07
1411148678	2.39e-07
1411148739	2.39e-07
1411148799	2.39e-07
1411148860	2.39e-07
1411148920	2.38e-07
1411148981	2.38e-07
1411149041	2.38e-07
1411149102	2.38e-07
1411149162	2.38e-07
1411149223	2.38e-07
1411149283	2.38e-07
1411149344	2.38e-07
1411149404	2.38e-07
1411149465	2.38e-07
1411149526	2.37e-07
1411149586	2.37e-07
1411149647	2.37e-07
1411149707	2.37e-07
1411149768	2.37e-07
1411149828	2.37e-07
1411149889	2.37e-07
1411149949	2.37e-07
1411150009	2.37e-07
1411150070	2.37e-07
1411150130	2.37e-07
1411150191	2.37e-07
1411150251	2.37e-07
1411150312	2.37e-07
1411150372	2.37e-07
1411150433	2.37e-07
1411150493	2.36e-07
1411150554	2.36e-07
1411150614	2.36e-07
1411150675	2.36e-07
1411150735	2.36e-07
1411150796	2.36e-07
1411150856	2.36e-07
1411150917	2.36e-07
1411150977	2.36e-07
1411151038	2.36e-07
1411151098	2.36e-07
1411151159	2.36e-07
1411151219	2.36e-07
1411151279	2.36e-07
1411151340	2.36e-07
1411151400	2.36e-07
1411151461	2.36e-07
1411151521	2.36e-07
1411151582	2.36e-07
1411151642	2.36e-07
1411151703	2.36e-07
1411151763	2.36e-07
1411151824	2.36e-07
1411151884	2.36e-07
1411151945	2.36e-07
1411152005	2.36e-07
1411152066	2.35e-07
1411152126	2.36e-07