1410295960	0.000603
1410296020	0.000318
1410296081	0.000272
1410296141	0.000244
1410296202	0.000224
1410296262	0.000208
1410296323	0.000193
1410296383	0.000182
1410296444	0.000174
1410296504	0.000165
1410296564	0.000158
1410296625	0.000151
1410296685	0.000146
1410296746	0.00014
1410296806	0.000136
1410296867	0.000131
1410296927	0.000127
1410296988	0.000123
1410297048	0.000119
1410297109	0.000116
1410297169	0.000113
1410297230	0.00011
1410297290	0.000107
1410297351	0.000104
1410297411	0.000102
1410297472	9.74e-05
1410297533	9.56e-05
1410297593	9.36e-05
1410297653	9.18e-05
1410297714	9e-05
1410297774	8.84e-05
1410297835	8.67e-05
1410297895	8.52e-05
1410297956	8.37e-05
1410298016	8.23e-05
1410298077	8.09e-05
1410298137	7.96e-05
1410298198	7.83e-05
1410298258	7.71e-05
1410298319	7.59e-05
1410298379	7.47e-05
1410298440	7.36e-05
1410298501	7.26e-05
1410298561	7.15e-05
1410298622	7.05e-05
1410298682	6.96e-05
1410298742	6.86e-05
1410298803	6.77e-05
1410298863	6.68e-05
1410298924	6.59e-05
1410298984	6.51e-05
1410299045	6.43e-05
1410299105	6.35e-05
1410299166	6.27e-05
1410299226	6.2e-05
1410299287	6.12e-05
1410299347	6.05e-05
1410299408	5.98e-05
1410299468	5.91e-05
1410299529	5.84e-05
1410299589	5.78e-05
1410299650	5.72e-05
1410299710	5.65e-05
1410299771	5.59e-05
1410299831	5.53e-05
1410299892	5.48e-05
1410299952	5.42e-05
1410300013	5.37e-05
1410300073	5.31e-05
1410300134	5.26e-05
1410300194	5.2e-05
1410300255	5.15e-05
1410300315	5.1e-05
1410300376	5.05e-05
1410300436	5.01e-05
1410300497	4.96e-05
1410300557	4.92e-05
1410300618	4.87e-05
1410300678	4.83e-05
1410300739	4.78e-05
1410300799	4.74e-05
1410300860	4.7e-05
1410300920	4.66e-05
1410300981	4.62e-05
1410301041	4.58e-05
1410301102	4.54e-05
1410301162	4.5e-05
1410301223	4.47e-05
1410301283	4.43e-05
1410301344	4.39e-05
1410301404	4.36e-05
1410301465	4.33e-05
1410301525	4.29e-05
1410301585	4.26e-05
1410301646	4.23e-05
1410301706	4.19e-05
1410301767	4.16e-05
1410301827	4.13e-05
1410301888	4.1e-05
1410301948	4.07e-05
1410302009	4.04e-05
1410302069	4.01e-05
1410302130	3.98e-05
1410302190	3.95e-05
1410302251	3.93e-05
1410302311	3.9e-05
1410302371	3.87e-05
1410302432	3.84e-05
1410302493	3.82e-05
1410302553	3.79e-05
1410302613	3.77e-05
1410302674	3.74e-05
1410302734	3.71e-05
1410302795	3.69e-05
1410302855	3.66e-05
1410302916	3.64e-05
1410302976	3.61e-05
1410303037	3.59e-05
1410303097	3.57e-05
1410303158	3.54e-05
1410303218	3.52e-05
1410303279	3.5e-05
1410303339	3.48e-05
1410303400	3.46e-05
1410303460	3.44e-05
1410303521	3.42e-05
1410303581	3.4e-05
1410303642	3.38e-05
1410303702	3.36e-05
1410303763	3.34e-05
1410303823	3.32e-05
1410303884	3.3e-05
1410303944	3.28e-05
1410304005	3.26e-05
1410304065	3.24e-05
1410304126	3.23e-05
1410304186	3.21e-05
1410304247	3.19e-05
1410304307	3.17e-05
1410304368	3.15e-05
1410304428	3.14e-05
1410304489	3.12e-05
1410304549	3.1e-05
1410304610	3.09e-05
1410304670	3.07e-05
1410304731	3.05e-05
1410304791	3.04e-05
1410304852	3.02e-05
1410304912	3e-05
1410304973	2.99e-05
1410305033	2.97e-05
1410305094	2.96e-05
1410305154	2.94e-05
1410305215	2.93e-05
1410305275	2.91e-05
1410305336	2.9e-05
1410305396	2.88e-05
1410305456	2.87e-05
1410305517	2.85e-05
1410305577	2.84e-05
1410305638	2.82e-05
1410305698	2.81e-05
1410305759	2.8e-05
1410305819	2.78e-05
1410305880	2.77e-05
1410305940	2.76e-05
1410306001	2.75e-05
1410306061	2.73e-05
1410306122	2.72e-05
1410306182	2.71e-05
1410306243	2.69e-05
1410306303	2.68e-05
1410306364	2.67e-05
1410306424	2.66e-05
1410306485	2.65e-05
1410306545	2.63e-05
1410306606	2.62e-05
1410306666	2.61e-05
1410306727	2.6e-05
1410306787	2.59e-05
1410306847	2.58e-05
1410306908	2.57e-05
1410306968	2.55e-05
1410307029	2.54e-05
1410307089	2.53e-05
1410307150	2.52e-05
1410307210	2.51e-05
1410307271	2.5e-05
1410307331	2.49e-05
1410307392	2.48e-05
1410307452	2.47e-05
1410307513	2.46e-05
1410307573	2.45e-05
1410307634	2.44e-05
1410307694	2.43e-05
1410307755	2.42e-05
1410307815	2.41e-05
1410307876	2.4e-05
1410307936	2.39e-05
1410307997	2.38e-05
1410308057	2.37e-05
1410308118	2.36e-05
1410308178	2.35e-05
1410308239	2.34e-05
1410308299	2.33e-05
1410308359	2.32e-05
1410308420	2.32e-05
1410308480	2.31e-05
1410308541	2.3e-05
1410308601	2.29e-05
1410308662	2.28e-05
1410308722	2.27e-05
1410308783	2.26e-05
1410308843	2.25e-05
1410308904	2.25e-05
1410308964	2.24e-05
1410309025	2.23e-05
1410309085	2.22e-05
1410309145	2.21e-05
1410309206	2.21e-05
1410309267	2.2e-05
1410309327	2.19e-05
1410309388	2.18e-05
1410309448	2.17e-05
1410309509	2.17e-05
1410309569	2.16e-05
1410309630	2.15e-05
1410309690	2.14e-05
1410309750	2.14e-05
1410309811	2.13e-05
1410309871	2.12e-05
1410309932	2.11e-05
1410309992	2.11e-05
1410310053	2.1e-05
1410310113	2.09e-05
1410310174	2.09e-05
1410310234	2.08e-05
1410310295	2.07e-05
1410310355	2.06e-05
1410310416	2.06e-05
1410310476	2.05e-05
1410310537	2.04e-05
1410310597	2.04e-05
1410310658	2.03e-05
1410310718	2.02e-05
1410310779	2.02e-05
1410310839	2.01e-05
1410310900	2e-05
1410310960	2e-05
1410311021	1.99e-05
1410311082	1.98e-05
1410311142	1.98e-05
1410311202	1.97e-05
1410311263	1.97e-05
1410311324	1.96e-05
1410311384	1.95e-05
1410311445	1.95e-05
1410311505	1.94e-05
1410311566	1.94e-05
1410311626	1.93e-05
1410311687	1.92e-05
1410311747	1.92e-05
1410311808	1.89e-05
1410311868	1.88e-05
1410311929	1.88e-05
1410311989	1.88e-05
1410312049	1.87e-05
1410312110	1.87e-05
1410312170	1.87e-05
1410312231	1.86e-05
1410312291	1.86e-05
1410312352	1.86e-05
1410312412	1.85e-05
1410312473	1.84e-05
1410312533	1.84e-05
1410312594	1.83e-05
1410312654	1.83e-05
1410312715	1.83e-05
1410312775	1.82e-05
1410312836	1.81e-05
1410312896	1.81e-05
1410312957	1.8e-05
1410313017	1.8e-05
1410313078	1.79e-05
1410313138	1.79e-05
1410313199	1.78e-05
1410313259	1.78e-05
1410313320	1.77e-05
1410313380	1.77e-05
1410313441	1.76e-05
1410313501	1.76e-05
1410313562	1.75e-05
1410313622	1.75e-05
1410313683	1.74e-05
1410313743	1.74e-05
1410313804	1.74e-05
1410313864	1.73e-05
1410313925	1.72e-05
1410313985	1.72e-05
1410314046	1.71e-05
1410314106	1.71e-05
1410314167	1.7e-05
1410314227	1.7e-05
1410314288	1.69e-05
1410314348	1.69e-05
1410314409	1.68e-05
1410314469	1.68e-05
1410314530	1.67e-05
1410314590	1.67e-05
1410314650	1.66e-05
1410314711	1.66e-05
1410314771	1.65e-05
1410314832	1.65e-05
1410314892	1.64e-05
1410314953	1.64e-05
1410315013	1.63e-05
1410315074	1.63e-05
1410315134	1.63e-05
1410315195	1.62e-05
1410315255	1.62e-05
1410315316	1.61e-05
1410315376	1.61e-05
1410315437	1.6e-05
1410315497	1.6e-05
1410315558	1.6e-05
1410315618	1.59e-05
1410315679	1.59e-05
1410315739	1.58e-05
1410315799	1.58e-05
1410315860	1.58e-05
1410315921	1.57e-05
1410315981	1.57e-05
1410316041	1.56e-05
1410316102	1.56e-05
1410316162	1.56e-05
1410316223	1.55e-05
1410316283	1.55e-05
1410316344	1.55e-05
1410316404	1.54e-05
1410316465	1.54e-05
1410316525	1.53e-05
1410316586	1.53e-05
1410316646	1.53e-05
1410316707	1.52e-05
1410316767	1.52e-05
1410316828	1.52e-05
1410316889	1.51e-05
1410316949	1.51e-05
1410317010	1.51e-05
1410317070	1.5e-05
1410317130	1.5e-05
1410317191	1.49e-05
1410317251	1.49e-05
1410317312	1.49e-05
1410317372	1.48e-05
1410317433	1.48e-05
1410317494	1.48e-05
1410317554	1.47e-05
1410317615	1.47e-05
1410317675	1.47e-05
1410317736	1.46e-05
1410317796	1.46e-05
1410317857	1.46e-05
1410317917	1.45e-05
1410317977	1.45e-05
1410318038	1.45e-05
1410318098	1.44e-05
1410318159	1.44e-05
1410318219	1.44e-05
1410318280	1.43e-05
1410318340	1.43e-05
1410318401	1.43e-05
1410318461	1.42e-05
1410318522	1.42e-05
1410318582	1.42e-05
1410318643	1.42e-05
1410318703	1.41e-05
1410318764	1.41e-05
1410318825	1.41e-05
1410318885	1.4e-05
1410318946	1.4e-05
1410319006	1.4e-05
1410319067	1.39e-05
1410319127	1.39e-05
1410319187	1.39e-05
1410319248	1.39e-05
1410319308	1.38e-05
1410319369	1.38e-05
1410319429	1.38e-05
1410319490	1.37e-05
1410319550	1.37e-05
1410319611	1.37e-05
1410319672	1.36e-05
1410319732	1.36e-05
1410319793	1.36e-05
1410319853	1.36e-05
1410319914	1.35e-05
1410319974	1.35e-05
1410320034	1.35e-05
1410320095	1.34e-05
1410320155	1.34e-05
1410320216	1.34e-05
1410320276	1.33e-05
1410320337	1.33e-05
1410320397	1.33e-05
1410320458	1.33e-05
1410320518	1.32e-05
1410320579	1.32e-05
1410320639	1.32e-05
1410320700	1.32e-05
1410320760	1.31e-05
1410320821	1.31e-05
1410320881	1.31e-05
1410320942	1.3e-05
1410321002	1.3e-05
1410321063	1.3e-05
1410321123	1.3e-05
1410321184	1.29e-05
1410321244	1.29e-05
1410321305	1.29e-05
1410321365	1.29e-05
1410321426	1.28e-05
1410321486	1.28e-05
1410321547	1.28e-05
1410321607	1.28e-05
1410321668	1.27e-05
1410321728	1.27e-05
1410321789	1.27e-05
1410321849	1.27e-05
1410321910	1.26e-05
1410321970	1.26e-05
1410322031	1.26e-05
1410322091	1.25e-05
1410322152	1.25e-05
1410322212	1.25e-05
1410322273	1.25e-05
1410322333	1.25e-05
1410322393	1.24e-05
1410322454	1.24e-05
1410322514	1.24e-05
1410322575	1.24e-05
1410322635	1.23e-05
1410322696	1.23e-05
1410322756	1.23e-05
1410322817	1.23e-05
1410322877	1.22e-05
1410322938	1.22e-05
1410322998	1.22e-05
1410323059	1.22e-05
1410323119	1.21e-05
1410323180	1.21e-05
1410323240	1.21e-05
1410323301	1.21e-05
1410323361	1.21e-05
1410323422	1.2e-05
1410323482	1.2e-05
1410323543	1.2e-05
1410323603	1.2e-05
1410323664	1.19e-05
1410323724	1.19e-05
1410323784	1.19e-05
1410323845	1.19e-05
1410323905	1.19e-05
1410323966	1.18e-05
1410324026	1.18e-05
1410324087	1.18e-05
1410324148	1.18e-05
1410324208	1.17e-05
1410324269	1.17e-05
1410324329	1.17e-05
1410324390	1.17e-05
1410324450	1.17e-05
1410324511	1.16e-05
1410324571	1.16e-05
1410324632	1.16e-05
1410324692	1.16e-05
1410324753	1.16e-05
1410324813	1.15e-05
1410324874	1.15e-05
1410324934	1.15e-05
1410324995	1.15e-05
1410325055	1.15e-05
1410325116	1.14e-05
1410325176	1.14e-05
1410325237	1.14e-05
1410325297	1.14e-05
1410325357	1.14e-05
1410325418	1.13e-05
1410325478	1.13e-05
1410325539	1.13e-05
1410325599	1.13e-05
1410325660	1.13e-05
1410325720	1.12e-05
1410325781	1.12e-05
1410325841	1.12e-05
1410325902	1.12e-05
1410325962	1.12e-05
1410326023	1.11e-05
1410326083	1.11e-05
1410326144	1.11e-05
1410326204	1.11e-05
1410326265	1.11e-05
1410326325	1.1e-05
1410326386	1.1e-05
1410326446	1.1e-05
1410326507	1.1e-05
1410326567	1.1e-05
1410326628	1.1e-05
1410326688	1.09e-05
1410326749	1.09e-05
1410326809	1.09e-05
1410326870	1.09e-05
1410326930	1.09e-05
1410326991	1.08e-05
1410327051	1.08e-05
1410327112	1.08e-05
1410327172	1.08e-05
1410327233	1.08e-05
1410327293	1.08e-05
1410327354	1.07e-05
1410327414	1.07e-05
1410327475	1.07e-05
1410327535	1.07e-05
1410327596	1.07e-05
1410327656	1.06e-05
1410327717	1.06e-05
1410327777	1.06e-05
1410327837	1.06e-05
1410327898	1.06e-05
1410327958	1.06e-05
1410328019	1.05e-05
1410328079	1.05e-05
1410328140	1.05e-05
1410328200	1.05e-05
1410328261	1.05e-05
1410328321	1.05e-05
1410328382	1.04e-05
1410328442	1.04e-05
1410328503	1.04e-05
1410328563	1.04e-05
1410328624	1.04e-05
1410328684	1.04e-05
1410328745	1.04e-05
1410328805	1.03e-05
1410328866	1.03e-05
1410328926	1.03e-05
1410328987	1.03e-05
1410329047	1.03e-05
1410329108	1.02e-05
1410329168	1.02e-05
1410329229	1.02e-05
1410329289	1.02e-05
1410329350	1.02e-05
1410329410	1.02e-05
1410329471	1.02e-05
1410329531	1.01e-05
1410329592	1.01e-05
1410329652	1.01e-05
1410329713	1.01e-05
1410329773	1.01e-05
1410329834	1.01e-05
1410329894	1e-05
1410329955	1e-05
1410330015	1e-05
1410330076	1e-05
1410330136	9.98e-06
1410330197	9.97e-06
1410330257	9.95e-06
1410330318	9.94e-06
1410330378	9.92e-06
1410330439	9.91e-06
1410330499	9.89e-06
1410330559	9.87e-06
1410330620	9.86e-06
1410330680	9.85e-06
1410330741	9.83e-06
1410330802	9.82e-06
1410330862	9.8e-06
1410330923	9.79e-06
1410330983	9.77e-06
1410331044	9.76e-06
1410331104	9.74e-06
1410331164	9.73e-06
1410331225	9.71e-06
1410331285	9.7e-06
1410331346	9.68e-06
1410331407	9.67e-06
1410331467	9.66e-06
1410331528	9.64e-06
1410331588	9.63e-06
1410331649	9.61e-06
1410331709	9.6e-06
1410331770	9.59e-06
1410331830	9.57e-06
1410331891	9.56e-06
1410331951	9.54e-06
1410332012	9.53e-06
1410332072	9.52e-06
1410332132	9.5e-06
1410332193	9.49e-06
1410332253	9.48e-06
1410332314	9.46e-06
1410332374	9.45e-06
1410332435	9.44e-06
1410332495	9.42e-06
1410332556	9.41e-06
1410332616	9.39e-06
1410332677	9.38e-06
1410332738	9.37e-06
1410332798	9.36e-06
1410332858	9.34e-06
1410332919	9.33e-06
1410332980	9.32e-06
1410333040	9.3e-06
1410333101	9.29e-06
1410333161	9.28e-06
1410333222	9.27e-06
1410333282	9.25e-06
1410333343	9.24e-06
1410333403	9.22e-06
1410333464	9.21e-06
1410333524	9.2e-06
1410333585	9.19e-06
1410333645	9.18e-06
1410333706	9.16e-06
1410333766	9.15e-06
1410333827	9.14e-06
1410333887	9.12e-06
1410333948	9.11e-06
1410334008	9.1e-06
1410334069	9.09e-06
1410334129	9.07e-06
1410334190	9.06e-06
1410334250	9.05e-06
1410334311	9.04e-06
1410334371	9.03e-06
1410334432	9.01e-06
1410334492	9e-06
1410334553	8.99e-06
1410334613	8.98e-06
1410334674	8.96e-06
1410334734	8.95e-06
1410334795	8.94e-06
1410334855	8.93e-06
1410334916	8.92e-06
1410334976	8.9e-06
1410335037	8.89e-06
1410335097	8.88e-06
1410335158	8.87e-06
1410335218	8.86e-06
1410335279	8.84e-06
1410335339	8.83e-06
1410335400	8.82e-06
1410335460	8.81e-06
1410335521	8.8e-06
1410335581	8.79e-06
1410335641	8.78e-06
1410335702	8.76e-06
1410335762	8.75e-06
1410335823	8.74e-06
1410335883	8.73e-06
1410335944	8.72e-06
1410336004	8.71e-06
1410336065	8.69e-06
1410336125	8.68e-06
1410336186	8.67e-06
1410336246	8.66e-06
1410336307	8.65e-06
1410336367	8.64e-06
1410336428	8.63e-06
1410336488	8.62e-06
1410336549	8.61e-06
1410336609	8.6e-06
1410336670	8.59e-06
1410336730	8.57e-06
1410336791	8.57e-06
1410336851	8.55e-06
1410336912	8.54e-06
1410336972	8.53e-06
1410337033	8.52e-06
1410337093	8.5e-06
1410337154	8.5e-06
1410337214	8.49e-06
1410337275	8.48e-06
1410337335	8.46e-06
1410337395	8.45e-06
1410337456	8.44e-06
1410337516	8.43e-06
1410337577	8.42e-06
1410337637	8.41e-06
1410337698	8.4e-06
1410337758	8.39e-06
1410337819	8.38e-06
1410337879	8.37e-06
1410337940	8.36e-06
1410338000	8.35e-06
1410338061	8.34e-06
1410338121	8.33e-06
1410338182	8.32e-06
1410338242	8.31e-06
1410338303	8.3e-06
1410338364	8.29e-06
1410338424	8.28e-06
1410338485	8.27e-06
1410338545	8.26e-06
1410338606	8.25e-06
1410338666	8.24e-06
1410338727	8.23e-06
1410338787	8.22e-06
1410338848	8.21e-06
1410338908	8.2e-06
1410338969	8.19e-06
1410339029	8.18e-06
1410339089	8.17e-06
1410339150	8.16e-06
1410339210	8.14e-06
1410339271	8.14e-06
1410339331	7.63e-06
1410339392	7.62e-06
1410339453	7.66e-06
1410339513	7.61e-06
1410339574	7.6e-06
1410339634	7.6e-06
1410339695	7.59e-06
1410339755	7.58e-06
1410339816	7.57e-06
1410339876	7.56e-06
1410339937	7.55e-06
1410339997	7.54e-06
1410340058	7.53e-06
1410340118	7.52e-06
1410340179	7.51e-06
1410340239	7.5e-06
1410340300	7.49e-06
1410340360	7.48e-06
1410340421	7.47e-06
1410340481	7.46e-06
1410340542	7.45e-06
1410340602	7.44e-06
1410340663	7.43e-06
1410340723	7.42e-06
1410340784	7.42e-06
1410340844	7.41e-06
1410340904	7.4e-06
1410340965	7.39e-06
1410341025	7.38e-06
1410341086	7.37e-06
1410341146	7.36e-06
1410341207	7.35e-06
1410341267	7.34e-06
1410341328	7.33e-06
1410341388	7.32e-06
1410341449	7.31e-06
1410341509	7.31e-06
1410341570	7.3e-06
1410341630	7.29e-06
1410341691	7.28e-06
1410341751	7.27e-06
1410341812	7.26e-06
1410341872	7.25e-06
1410341933	7.24e-06
1410341993	7.23e-06
1410342054	7.23e-06
1410342114	7.21e-06
1410342175	7.2e-06
1410342235	7.2e-06
1410342296	7.19e-06
1410342356	7.18e-06
1410342417	7.17e-06
1410342477	7.16e-06
1410342538	7.15e-06
1410342598	7.14e-06
1410342658	7.14e-06
1410342719	7.13e-06
1410342779	7.12e-06
1410342840	7.11e-06
1410342900	7.1e-06
1410342961	7.09e-06
1410343021	7.09e-06
1410343082	7.08e-06
1410343142	7.07e-06
1410343203	7.06e-06
1410343263	7.05e-06
1410343324	7.04e-06
1410343384	7.04e-06
1410343445	7.03e-06
1410343505	7.02e-06
1410343566	7.01e-06
1410343626	7e-06
1410343687	7e-06
1410343747	6.99e-06
1410343807	6.98e-06
1410343868	6.97e-06
1410343928	6.96e-06
1410343989	6.95e-06
1410344049	6.95e-06
1410344110	6.94e-06
1410344170	6.93e-06
1410344231	6.92e-06
1410344292	6.91e-06
1410344352	6.91e-06
1410344413	6.9e-06
1410344473	6.89e-06
1410344534	6.88e-06
1410344594	6.88e-06
1410344655	6.87e-06
1410344715	6.86e-06
1410344776	6.85e-06
1410344836	6.84e-06
1410344897	6.84e-06
1410344957	6.83e-06
1410345018	6.82e-06
1410345078	6.81e-06
1410345139	6.81e-06
1410345199	6.8e-06
1410345260	6.79e-06
1410345320	6.78e-06
1410345381	6.78e-06
1410345441	6.77e-06
1410345502	6.76e-06
1410345562	6.75e-06
1410345622	6.75e-06
1410345683	6.74e-06
1410345743	6.73e-06
1410345804	6.72e-06
1410345864	6.72e-06
1410345925	6.71e-06
1410345985	6.7e-06
1410346046	6.69e-06
1410346107	6.68e-06
1410346167	6.68e-06
1410346228	6.67e-06
1410346288	6.66e-06
1410346349	6.66e-06
1410346409	6.65e-06
1410346470	6.64e-06
1410346530	6.64e-06
1410346591	6.63e-06
1410346651	6.62e-06
1410346712	6.61e-06
1410346772	6.6e-06
1410346832	6.6e-06
1410346893	6.59e-06
1410346954	6.58e-06
1410347014	6.57e-06
1410347075	6.57e-06
1410347135	6.56e-06
1410347196	6.56e-06
1410347256	6.55e-06
1410347317	6.54e-06
1410347377	6.53e-06
1410347438	6.53e-06
1410347498	6.52e-06
1410347558	6.51e-06
1410347619	6.51e-06
1410347680	6.5e-06
1410347740	6.49e-06
1410347800	6.48e-06
1410347861	6.48e-06
1410347921	6.47e-06
1410347982	6.46e-06
1410348042	6.46e-06
1410348103	6.45e-06
1410348164	6.44e-06
1410348224	6.44e-06
1410348285	6.43e-06
1410348345	6.42e-06
1410348406	6.41e-06
1410348466	6.41e-06
1410348527	6.4e-06
1410348587	6.39e-06
1410348648	6.39e-06
1410348708	6.38e-06
1410348769	6.37e-06
1410348829	6.37e-06
1410348890	6.36e-06
1410348950	6.35e-06
1410349011	6.34e-06
1410349071	6.34e-06
1410349132	6.33e-06
1410349192	6.33e-06
1410349253	6.32e-06
1410349313	6.31e-06
1410349374	6.31e-06
1410349434	6.3e-06
1410349494	6.29e-06
1410349555	6.29e-06
1410349615	6.28e-06
1410349676	6.27e-06
1410349736	6.27e-06
1410349797	6.26e-06
1410349857	6.25e-06
1410349918	6.25e-06
1410349978	6.24e-06
1410350039	6.23e-06
1410350099	6.22e-06
1410350160	6.22e-06
1410350220	6.21e-06
1410350281	6.2e-06
1410350341	6.2e-06
1410350402	6.19e-06
1410350462	6.19e-06
1410350523	6.26e-06
1410350583	6.15e-06
1410350644	6.03e-06
1410350704	6.03e-06
1410350765	6.06e-06
1410350825	6.06e-06
1410350886	6.05e-06
1410350946	6.04e-06
1410351006	6.03e-06
1410351067	6.03e-06
1410351127	6.01e-06
1410351188	6e-06
1410351248	5.99e-06
1410351309	5.99e-06
1410351369	5.97e-06
1410351430	5.97e-06
1410351490	5.96e-06
1410351551	5.95e-06
1410351612	5.95e-06
1410351672	5.94e-06
1410351733	5.94e-06
1410351793	5.93e-06
1410351854	5.92e-06
1410351914	5.92e-06
1410351975	5.91e-06
1410352035	5.91e-06
1410352096	5.9e-06
1410352156	5.9e-06
1410352216	5.89e-06
1410352277	5.89e-06
1410352337	5.88e-06
1410352398	5.88e-06
1410352458	5.87e-06
1410352519	5.86e-06
1410352579	5.86e-06
1410352640	5.85e-06
1410352700	5.85e-06
1410352761	5.84e-06
1410352821	5.84e-06
1410352882	5.83e-06
1410352942	5.82e-06
1410353003	5.82e-06
1410353063	5.81e-06
1410353123	5.81e-06
1410353184	5.8e-06
1410353244	5.8e-06
1410353305	5.79e-06
1410353365	5.79e-06
1410353426	5.78e-06
1410353486	5.78e-06
1410353547	5.77e-06
1410353607	5.77e-06
1410353668	5.76e-06
1410353728	5.76e-06
1410353789	5.75e-06
1410353849	5.74e-06
1410353910	5.74e-06
1410353970	5.73e-06
1410354031	5.73e-06
1410354091	5.72e-06
1410354152	5.72e-06
1410354212	5.71e-06
1410354273	5.76e-06
1410354333	5.73e-06
1410354394	5.73e-06
1410354454	5.8e-06
1410354514	5.79e-06
1410354575	5.78e-06
1410354635	5.78e-06
1410354696	5.77e-06
1410354756	5.72e-06
1410354817	5.74e-06
1410354877	5.71e-06
1410354938	5.7e-06
1410354998	5.7e-06
1410355059	5.69e-06
1410355119	5.69e-06
1410355180	5.68e-06
1410355240	5.68e-06
1410355301	5.67e-06
1410355361	5.69e-06
1410355422	5.66e-06
1410355482	5.66e-06
1410355543	5.66e-06
1410355603	5.66e-06
1410355664	5.65e-06
1410355724	5.65e-06
1410355785	5.64e-06
1410355845	5.63e-06
1410355906	5.63e-06
1410355966	5.62e-06
1410356027	5.62e-06
1410356087	5.61e-06
1410356148	5.79e-06
1410356208	3.95e-05
1410356269	4.27e-05
1410356329	4.33e-05
1410356390	4.34e-05
1410356450	4.34e-05
1410356511	4.33e-05
1410356571	4.32e-05
1410356632	4.32e-05
1410356692	4.31e-05
1410356753	4.31e-05
1410356813	4.31e-05
1410356874	4.3e-05
1410356934	4.3e-05
1410356995	4.29e-05
1410357055	4.29e-05
1410357116	4.28e-05
1410357176	4.28e-05
1410357237	4.27e-05
1410357297	4.27e-05
1410357358	4.27e-05
1410357418	4.26e-05
1410357479	4.26e-05
1410357539	4.25e-05
1410357600	4.25e-05
1410357660	4.24e-05
1410357721	4.24e-05
1410357781	4.23e-05
1410357842	4.23e-05
1410357902	4.24e-05
1410357963	4.23e-05
1410358023	4.21e-05
1410358084	4.23e-05
1410358144	4.21e-05
1410358204	4.2e-05
1410358265	4.22e-05
1410358325	4.21e-05
1410358386	4.2e-05
1410358446	4.2e-05
1410358507	4.19e-05
1410358567	4.19e-05
1410358628	4.18e-05
1410358688	4.18e-05
1410358749	4.17e-05
1410361300	0.0
1410361361	5.84e-06
1410361421	5.83e-06
