1416262957	1.69
1416263017	1.06
1416263078	0.618
1416263138	0.000355
1416263199	0.000263
1416263259	0.00023
1416263320	0.00021
1416263380	0.000192
1416263441	0.00018
1416263501	0.000169
1416263562	0.000158
1416263622	0.000149
1416263683	0.000142
1416263743	0.000136
1416263804	0.00013
1416263864	0.000125
1416263925	0.000121
1416263985	0.000116
1416264046	0.000112
1416264106	0.000108
1416264167	0.000105
1416264227	0.000102
1416264288	9.96e-05
1416264348	9.73e-05
1416264409	9.51e-05
1416264469	9.3e-05
1416264530	9.1e-05
1416264590	8.91e-05
1416264651	8.73e-05
1416264711	8.56e-05
1416264772	8.39e-05
1416264832	8.24e-05
1416264893	8.09e-05
1416264953	7.94e-05
1416265014	7.8e-05
1416265074	7.67e-05
1416265135	7.54e-05
1416265195	7.42e-05
1416265256	7.3e-05
1416265316	7.19e-05
1416265377	7.08e-05
1416265437	6.97e-05
1416265498	6.87e-05
1416265558	6.77e-05
1416265619	6.67e-05
1416265679	6.58e-05
1416265739	6.49e-05
1416265800	6.41e-05
1416265861	6.32e-05
1416265921	6.24e-05
1416265982	6.16e-05
1416266042	6.08e-05
1416266103	6.01e-05
1416266163	5.93e-05
1416266224	5.86e-05
1416266284	5.79e-05
1416266345	5.73e-05
1416266405	5.66e-05
1416266466	5.6e-05
1416266526	5.53e-05
1416266587	5.47e-05
1416266647	5.41e-05
1416266707	5.35e-05
1416266768	5.3e-05
1416266828	5.24e-05
1416266889	5.19e-05
1416266949	5.13e-05
1416267010	5.08e-05
1416267070	5.03e-05
1416267131	4.98e-05
1416267191	4.93e-05
1416267252	4.88e-05
1416267312	4.84e-05
1416267373	4.79e-05
1416267433	4.75e-05
1416267494	4.7e-05
1416267554	4.66e-05
1416267615	4.61e-05
1416267675	4.57e-05
1416267735	4.53e-05
1416267796	4.49e-05
1416267856	4.45e-05
1416267917	4.41e-05
1416267977	4.38e-05
1416268038	4.34e-05
1416268098	4.32e-05
1416268159	4.29e-05
1416268219	4.25e-05
1416268280	4.22e-05
1416268340	4.18e-05
1416268401	4.15e-05
1416268461	4.11e-05
1416268522	4.08e-05
1416268582	4.05e-05
1416268643	4.02e-05
1416268703	3.98e-05
1416268764	3.95e-05
1416268824	3.92e-05
1416268884	3.89e-05
1416268945	3.86e-05
1416269005	3.83e-05
1416269066	3.8e-05
1416269126	3.78e-05
1416269187	3.74e-05
1416269247	3.71e-05
1416269308	3.68e-05
1416269368	3.65e-05
1416269429	3.63e-05
1416269490	3.6e-05
1416269550	3.58e-05
1416269610	3.55e-05
1416269671	3.53e-05
1416269731	3.5e-05
1416269792	3.48e-05
1416269852	3.45e-05
1416269913	3.43e-05
1416269973	3.41e-05
1416270034	3.38e-05
1416270094	3.36e-05
1416270155	3.34e-05
1416270215	3.32e-05
1416270276	3.29e-05
1416270336	3.27e-05
1416270397	3.25e-05
1416270457	3.23e-05
1416270518	3.21e-05
1416270578	3.19e-05
1416270639	3.17e-05
1416270699	3.15e-05
1416270760	3.13e-05
1416270820	3.11e-05
1416270881	3.09e-05
1416270941	3.07e-05
1416271002	3.05e-05
1416271062	3.04e-05
1416271123	3.02e-05
1416271183	3e-05
1416271244	2.98e-05
1416271304	2.97e-05
1416271365	2.95e-05
1416271425	2.93e-05
1416271486	2.91e-05
1416271546	2.9e-05
1416271607	2.88e-05
1416271667	2.86e-05
1416271728	2.85e-05
1416271788	2.83e-05
1416271849	2.82e-05
1416271909	2.8e-05
1416271970	2.78e-05
1416272030	2.77e-05
1416272091	2.75e-05
1416272151	2.74e-05
1416272212	2.72e-05
1416272272	2.71e-05
1416272333	2.69e-05
1416272393	2.68e-05
1416272454	2.67e-05
1416272514	2.65e-05
1416272575	2.64e-05
1416272635	2.62e-05
1416272696	2.61e-05
1416272756	2.6e-05
1416272817	2.58e-05
1416272877	2.57e-05
1416272938	2.56e-05
1416272998	2.54e-05
1416273059	2.53e-05
1416273119	2.52e-05
1416273180	2.5e-05
1416273240	2.49e-05
1416273301	2.48e-05
1416273361	2.46e-05
1416273422	2.45e-05
1416273482	2.44e-05
1416273543	2.43e-05
1416273603	2.41e-05
1416273664	2.4e-05
1416273724	2.39e-05
1416273785	2.38e-05
1416273845	2.37e-05
1416273905	2.35e-05
1416273966	2.34e-05
1416274026	2.33e-05
1416274087	2.32e-05
1416274147	2.31e-05
1416274208	2.3e-05
1416274268	2.29e-05
1416274329	2.27e-05
1416274389	2.26e-05
1416274450	2.25e-05
1416274510	2.24e-05
1416274570	2.23e-05
1416274631	2.22e-05
1416274691	2.21e-05
1416274752	2.2e-05
1416274812	2.19e-05
1416274873	2.18e-05
1416274933	2.16e-05
1416274994	2.15e-05
1416275054	2.14e-05
1416275115	2.13e-05
1416275175	2.12e-05
1416275236	2.11e-05
1416275296	2.1e-05
1416275357	2.09e-05
1416275417	2.08e-05
1416275478	2.08e-05
1416275538	2.07e-05
1416275598	2.06e-05
1416275659	2.05e-05
1416275719	2.04e-05
1416275780	2.03e-05
1416275840	2.02e-05
1416275901	2.01e-05
1416275961	2e-05
1416276022	1.99e-05
1416276082	1.98e-05
1416276143	1.97e-05
1416276203	1.96e-05
1416276264	1.95e-05
1416276324	1.94e-05
1416276385	1.94e-05
1416276445	1.93e-05
1416276506	1.92e-05
1416276566	1.91e-05
1416276627	1.9e-05
1416276687	1.89e-05
1416276747	1.88e-05
1416276808	1.87e-05
1416276868	1.87e-05
1416276929	1.86e-05
1416276989	1.85e-05
1416277050	1.84e-05
1416277110	1.83e-05
1416277171	1.82e-05
1416277231	1.82e-05
1416277292	1.81e-05
1416277352	1.8e-05
1416277413	1.79e-05
1416277473	1.78e-05
1416277534	1.78e-05
1416277594	1.77e-05
1416277655	1.76e-05
1416277715	1.75e-05
1416277776	1.74e-05
1416277836	1.74e-05
1416277896	1.73e-05
1416277957	1.72e-05
1416278017	1.71e-05
1416278078	1.7e-05
1416278138	1.7e-05
1416278199	1.69e-05
1416278259	1.68e-05
1416278320	1.67e-05
1416278380	1.67e-05
1416278441	1.66e-05
1416278501	1.65e-05
1416278562	1.64e-05
1416278622	1.64e-05
1416278683	1.63e-05
1416278743	1.62e-05
1416278804	1.62e-05
1416278864	1.61e-05
1416278925	1.6e-05
1416278985	1.59e-05
1416279045	1.59e-05
1416279106	1.58e-05
1416279166	1.57e-05
1416279227	1.57e-05
1416279287	1.56e-05
1416279348	1.55e-05
1416279408	1.55e-05
1416279469	1.54e-05
1416279529	1.54e-05
1416279590	1.53e-05
1416279650	1.52e-05
1416279711	1.52e-05
1416279771	1.51e-05
1416279832	1.5e-05
1416279892	1.5e-05
1416279953	1.49e-05
1416280013	1.48e-05
1416280074	1.48e-05
1416280134	1.47e-05
1416280195	1.47e-05
1416280255	1.46e-05
1416280316	1.45e-05
1416280376	1.45e-05
1416280437	1.44e-05
1416280497	1.44e-05
1416280558	1.43e-05
1416280618	1.42e-05
1416280679	1.42e-05
1416280739	1.41e-05
1416280800	1.41e-05
1416280860	1.4e-05
1416280921	1.4e-05
1416280981	1.39e-05
1416281042	1.38e-05
1416281102	1.38e-05
1416281163	1.37e-05
1416281223	1.37e-05
1416281284	1.36e-05
1416281344	1.36e-05
1416281405	1.34e-05
1416281465	1.33e-05
1416281525	1.33e-05
1416281586	1.32e-05
1416281646	1.31e-05
1416281707	1.31e-05
1416281767	1.3e-05
1416281828	1.3e-05
1416281888	1.29e-05
1416281949	1.29e-05
1416282009	1.28e-05
1416282070	1.28e-05
1416282130	1.27e-05
1416282191	1.27e-05
1416282251	1.26e-05
1416282312	1.26e-05
1416282372	1.25e-05
1416282433	1.25e-05
1416282493	1.24e-05
1416282554	1.18e-05
1416282614	1.18e-05
1416282674	1.18e-05
1416282735	1.17e-05
1416282796	1.17e-05
1416282856	1.17e-05
1416282917	1.16e-05
1416282977	1.16e-05
1416283038	1.15e-05
1416283098	1.15e-05
1416283159	1.14e-05
1416283219	1.14e-05
1416283280	1.14e-05
1416283340	1.13e-05
1416283400	1.13e-05
1416283461	1.12e-05
1416283521	1.12e-05
1416283582	1.11e-05
1416283642	1.11e-05
1416283703	1.11e-05
1416283763	1.1e-05
1416283824	1.1e-05
1416283884	1.09e-05
1416283945	1.09e-05
1416284005	1.09e-05
1416284066	1.08e-05
1416284126	1.08e-05
1416284186	1.07e-05
1416284247	1.07e-05
1416284307	1.06e-05
1416284368	1.06e-05
1416284428	1.06e-05
1416284489	1.05e-05
1416284549	1.05e-05
1416284610	1.05e-05
1416284670	1.04e-05
1416284731	1.04e-05
1416284791	1.03e-05
1416284852	1.03e-05
1416284912	1.03e-05
1416284973	1.02e-05
1416285033	1.02e-05
1416285094	1.01e-05
1416285154	1.01e-05
1416285215	1.01e-05
1416285275	1e-05
1416285336	9.99e-06
1416285396	9.96e-06
1416285457	9.92e-06
1416285517	9.88e-06
1416285577	9.84e-06
1416285638	9.81e-06
1416285698	9.77e-06
1416285759	9.74e-06
1416285819	9.7e-06
1416285880	9.67e-06
1416285940	9.63e-06
1416286001	9.6e-06
1416286061	9.56e-06
1416286122	9.53e-06
1416286182	9.49e-06
1416286243	9.46e-06
1416286303	9.42e-06
1416286364	9.39e-06
1416286424	9.35e-06
1416286485	9.32e-06
1416286545	9.28e-06
1416286606	9.25e-06
1416286666	9.22e-06
1416286727	9.19e-06
1416286787	9.15e-06
1416286848	9.12e-06
1416286908	9.08e-06
1416286969	9.05e-06
1416287029	9.02e-06
1416287090	8.99e-06
1416287150	8.95e-06
1416287211	8.92e-06
1416287271	8.89e-06
1416287332	8.86e-06
1416287392	8.82e-06
1416287453	8.8e-06
1416287513	8.76e-06
1416287574	8.73e-06
1416287634	8.7e-06
1416287695	8.67e-06
1416287755	8.64e-06
1416287816	8.6e-06
1416287876	8.58e-06
1416287937	8.54e-06
1416287997	8.51e-06
1416288058	8.48e-06
1416288118	8.45e-06
1416288179	8.42e-06
1416288239	8.39e-06
1416288300	8.36e-06
1416288360	8.33e-06
1416288421	8.3e-06
1416288481	8.27e-06
1416288542	8.24e-06
1416288602	8.21e-06
1416288663	8.18e-06
1416288723	8.15e-06
1416288783	8.12e-06
1416288844	8.09e-06
1416288905	8.06e-06
1416288965	8.03e-06
1416289026	7.98e-06
1416289086	7.95e-06
1416289147	7.92e-06
1416289207	7.89e-06
1416289268	7.86e-06
1416289328	7.83e-06
1416289389	7.8e-06
1416289449	7.77e-06
1416289510	7.74e-06
1416289570	7.72e-06
1416289631	7.69e-06
1416289691	7.66e-06
1416289752	7.63e-06
1416289812	7.61e-06
1416289873	7.58e-06
1416289933	7.55e-06
1416289993	7.52e-06
1416290054	7.5e-06
1416290114	7.47e-06
1416290175	7.44e-06
1416290235	7.42e-06
1416290296	7.39e-06
1416290356	7.37e-06
1416290417	7.34e-06
1416290477	7.31e-06
1416290538	7.29e-06
1416290598	7.26e-06
1416290659	7.24e-06
1416290719	7.21e-06
1416290780	7.19e-06
1416290840	7.16e-06
1416290900	7.13e-06
1416290961	7.11e-06
1416291021	7.09e-06
1416291082	7.06e-06
1416291142	7.04e-06
1416291203	7.01e-06
1416291263	6.99e-06
1416291324	6.96e-06
1416291384	6.94e-06
1416291445	6.91e-06
1416291505	6.89e-06
1416291566	6.87e-06
1416291626	6.84e-06
1416291687	6.82e-06
1416291747	6.79e-06
1416291808	6.77e-06
1416291868	6.75e-06
1416291929	6.72e-06
1416291989	6.7e-06
1416292050	6.67e-06
1416292110	6.65e-06
1416292171	6.63e-06
1416292231	6.6e-06
1416292291	6.58e-06
1416292352	6.56e-06
1416292412	6.53e-06
1416292473	6.51e-06
1416292533	6.48e-06
1416292594	6.46e-06
1416292654	6.44e-06
1416292715	6.41e-06
1416292775	6.39e-06
1416292836	6.37e-06
1416292896	6.34e-06
1416292957	6.32e-06
1416293017	6.3e-06
1416293078	6.27e-06
1416293138	6.24e-06
1416293199	6.22e-06
1416293260	6.2e-06
1416293320	6.17e-06
1416293380	6.11e-06
1416293441	5.92e-06
1416293501	5.89e-06
1416293562	5.87e-06
1416293622	5.84e-06
1416293683	5.82e-06
1416293743	5.79e-06
1416293804	5.77e-06
1416293864	5.74e-06
1416293924	5.72e-06
1416293985	5.7e-06
1416294045	5.68e-06
1416294106	5.66e-06
1416294166	5.71e-06
1416294227	5.73e-06
1416294287	5.64e-06
1416294348	5.61e-06
1416294408	5.58e-06
1416294469	5.55e-06
1416294529	5.53e-06
1416294590	5.51e-06
1416294650	5.49e-06
1416294711	5.46e-06
1416294771	5.44e-06
1416294832	5.42e-06
1416294892	5.4e-06
1416294953	5.37e-06
1416295013	5.35e-06
1416295074	5.33e-06
1416295134	5.31e-06
1416295195	5.29e-06
1416295255	5.27e-06
1416295316	5.24e-06
1416295376	5.22e-06
1416295437	5.21e-06
1416295497	5.19e-06
1416295558	5.17e-06
1416295618	5.15e-06
1416295679	5.14e-06
1416295739	5.12e-06
1416295800	5.11e-06
1416295860	5.1e-06
1416295920	5.08e-06
1416295981	5.07e-06
1416296041	5.05e-06
1416296102	5.04e-06
1416296162	5.02e-06
1416296223	5e-06
1416296284	4.98e-06
1416296344	4.96e-06
1416296404	4.95e-06
1416296465	4.93e-06
1416296525	4.91e-06
1416296586	4.89e-06
1416296646	4.87e-06
1416296707	4.85e-06
1416296767	4.83e-06
1416296828	4.81e-06
1416296888	4.8e-06
1416296949	4.78e-06
1416297009	4.76e-06
1416297070	4.74e-06
1416297130	4.72e-06
1416297191	4.7e-06
1416297251	4.69e-06
1416297312	4.67e-06
1416297372	4.65e-06
1416297432	4.63e-06
1416297493	4.61e-06
1416297553	4.6e-06
1416297614	4.58e-06
1416297674	4.56e-06
1416297735	4.54e-06
1416297795	4.53e-06
1416297856	4.51e-06
1416297916	4.49e-06
1416297977	4.47e-06
1416298037	4.45e-06
1416298098	4.44e-06
1416298158	4.42e-06
1416298219	4.4e-06
1416298279	4.39e-06
1416298340	4.37e-06
1416298400	4.35e-06
1416298461	4.34e-06
1416298521	4.32e-06
1416298582	4.31e-06
1416298642	4.29e-06
1416298703	4.28e-06
1416298763	4.26e-06
1416298823	4.24e-06
1416298884	4.23e-06
1416298945	4.21e-06
1416299005	4.2e-06
1416299065	4.18e-06
1416299126	4.17e-06
1416299186	4.15e-06
1416299247	4.14e-06
1416299307	4.12e-06
1416299368	4.1e-06
1416299428	4.09e-06
1416299489	4.07e-06
1416299549	4.06e-06
1416299610	4.04e-06
1416299670	4.03e-06
1416299731	4.01e-06
1416299791	4e-06
1416299851	3.99e-06
1416299912	3.97e-06
1416299973	3.96e-06
1416300033	3.94e-06
1416300094	3.93e-06
1416300154	3.91e-06
1416300215	3.9e-06
1416300275	3.89e-06
1416300335	3.87e-06
1416300396	3.86e-06
1416300456	3.84e-06
1416300517	3.83e-06
1416300577	3.82e-06
1416300638	3.81e-06
1416300698	3.79e-06
1416300759	3.78e-06
1416300819	3.76e-06
1416300880	3.75e-06
1416300940	3.74e-06
1416301001	3.73e-06
1416301061	3.71e-06
1416301121	3.7e-06
1416301182	3.69e-06
1416301242	3.67e-06
1416301303	3.66e-06
1416301363	3.65e-06
1416301424	3.64e-06
1416301484	3.62e-06
1416301545	3.61e-06
1416301605	3.6e-06
1416301666	3.59e-06
1416301726	3.57e-06
1416301787	3.56e-06
1416301847	3.55e-06
1416301908	3.54e-06
1416301968	3.53e-06
1416302029	3.51e-06
1416302089	3.5e-06
1416302150	3.49e-06
1416302210	3.48e-06
1416302271	3.47e-06
1416302331	3.46e-06
1416302391	3.44e-06
1416302452	3.43e-06
1416302512	3.42e-06
1416302573	3.41e-06
1416302633	3.4e-06
1416302694	3.39e-06
1416302754	3.37e-06
1416302815	3.36e-06
1416302875	3.35e-06
1416302936	3.34e-06
1416302996	3.33e-06
1416303057	3.32e-06
1416303117	3.31e-06
1416303177	3.3e-06
1416303238	3.29e-06
1416303298	3.28e-06
1416303359	3.26e-06
1416303419	3.25e-06
1416303480	3.24e-06
1416303540	3.23e-06
1416303601	3.22e-06
1416303661	3.21e-06
1416303722	3.2e-06
1416303782	3.19e-06
1416303843	3.18e-06
1416303903	3.17e-06
1416303964	3.16e-06
1416304024	3.15e-06
1416304085	3.14e-06
1416304145	3.13e-06
1416304206	3.12e-06
1416304266	3.1e-06
1416304327	3.09e-06
1416304387	3.08e-06
1416304447	3.07e-06
1416304508	3.06e-06
1416304568	3.05e-06
1416304629	3.04e-06
1416304689	3.03e-06
1416304750	3.02e-06
1416304810	3.01e-06
1416304871	3e-06
1416304931	2.99e-06
1416304992	2.98e-06
1416305052	2.97e-06
1416305112	2.96e-06
1416305173	2.94e-06
1416305233	2.93e-06
1416305294	2.92e-06
1416305354	2.91e-06
1416305415	2.9e-06
1416305475	2.89e-06
1416305536	2.88e-06
1416305596	2.87e-06
1416305657	2.86e-06
1416305717	2.85e-06
1416305778	2.84e-06
1416305838	2.83e-06
1416305899	2.82e-06
1416305959	2.81e-06
1416306020	2.8e-06
1416306081	2.79e-06
1416306141	2.78e-06
1416306202	2.77e-06
1416306262	2.76e-06
1416306323	2.75e-06
1416306383	2.74e-06
1416306444	2.73e-06
1416306504	2.73e-06
1416306565	2.72e-06
1416306625	2.71e-06
1416306685	2.7e-06
1416306746	2.69e-06
1416306806	2.68e-06
1416306867	2.68e-06
1416306927	2.67e-06
1416306988	2.66e-06
1416307048	2.65e-06
1416307109	2.64e-06
1416307169	2.64e-06
1416307230	2.63e-06
1416307290	2.62e-06
1416307351	2.61e-06
1416307411	2.6e-06
1416307472	2.6e-06
1416307532	2.59e-06
1416307593	2.58e-06
1416307653	2.57e-06
1416307713	2.57e-06
1416307774	2.56e-06
1416307834	2.55e-06
1416307895	2.54e-06
1416307955	2.54e-06
1416308016	2.53e-06
1416308076	2.52e-06
1416308137	2.51e-06
1416308197	2.51e-06
1416308258	2.5e-06
1416308318	2.49e-06
1416308379	2.48e-06
1416308439	2.48e-06
1416308500	2.47e-06
1416308560	2.46e-06
1416308621	2.45e-06
1416308681	2.45e-06
1416308741	2.44e-06
1416308802	2.43e-06
1416308862	2.42e-06
1416308923	2.42e-06
1416308983	2.41e-06
1416309044	2.4e-06
1416309104	2.4e-06
1416309165	2.39e-06
1416309225	2.38e-06
1416309286	2.37e-06
1416309346	2.37e-06
1416309407	2.36e-06
1416309467	2.35e-06
1416309528	2.35e-06
1416309588	2.34e-06
1416309649	2.33e-06
1416309709	2.33e-06
1416309770	2.32e-06
1416309830	2.31e-06
1416309890	2.31e-06
1416309951	2.3e-06
1416310011	2.29e-06
1416310072	2.29e-06
1416310132	2.28e-06
1416310193	2.27e-06
1416310253	2.26e-06
1416310314	2.26e-06
1416310374	2.25e-06
1416310435	2.24e-06
1416310495	2.24e-06
1416310556	2.23e-06
1416310616	2.22e-06
1416310677	2.22e-06
1416310737	2.21e-06
1416310798	2.2e-06
1416310858	2.2e-06
1416310919	2.19e-06
1416310979	2.18e-06
1416311040	2.18e-06
1416311100	2.17e-06
1416311161	2.16e-06
1416311221	2.15e-06
1416311282	2.15e-06
1416311342	2.14e-06
1416311403	2.13e-06
1416311463	2.13e-06
1416311524	2.12e-06
1416311584	2.11e-06
1416311645	2.11e-06
1416311705	2.1e-06
1416311766	2.09e-06
1416311826	2.09e-06
1416311887	2.08e-06
1416311947	2.07e-06
1416312008	2.07e-06
1416312068	2.06e-06
1416312128	2.05e-06
1416312189	2.05e-06
1416312249	2.04e-06
1416312310	2.03e-06
1416312370	2.03e-06
1416312431	2.02e-06
1416312491	2.01e-06
1416312552	2.01e-06
1416312612	2e-06
1416312673	1.99e-06
1416312733	1.99e-06
1416312794	1.98e-06
1416312854	1.98e-06
1416312914	1.97e-06
1416312975	1.96e-06
1416313035	1.96e-06
1416313096	1.95e-06
1416313156	1.95e-06
1416313217	1.94e-06
1416313277	1.93e-06
1416313338	1.93e-06
1416313398	1.92e-06
1416313459	1.92e-06
1416313519	1.91e-06
1416313580	1.91e-06
1416313640	1.9e-06
1416313701	1.9e-06
1416313761	1.89e-06
1416313822	1.89e-06
1416313883	1.88e-06
1416313943	1.88e-06
1416314004	1.87e-06
1416314064	1.87e-06
1416314125	1.86e-06
1416314185	1.86e-06
1416314246	1.85e-06
1416314306	1.85e-06
1416314366	1.84e-06
1416314427	1.84e-06
1416314487	1.83e-06
1416314548	1.83e-06
1416314608	1.82e-06
1416314669	1.82e-06
1416314729	1.81e-06
1416314790	1.8e-06
1416314850	1.8e-06
1416314911	1.79e-06
1416314971	1.79e-06
1416315032	1.78e-06
1416315092	1.78e-06
1416315153	1.77e-06
1416315213	1.77e-06
1416315274	1.76e-06
1416315334	1.76e-06
1416315395	1.75e-06
1416315455	1.75e-06
1416315516	1.74e-06
1416315576	1.74e-06
1416315637	1.73e-06
1416315697	1.73e-06
1416315758	1.72e-06
1416315818	1.72e-06
1416315878	1.71e-06
1416315939	1.71e-06
1416316000	1.7e-06
1416316060	1.7e-06
1416316120	1.69e-06
1416316181	1.69e-06
1416316242	1.69e-06
1416316302	1.68e-06
1416316363	1.68e-06
1416316423	1.67e-06
1416316483	1.67e-06
1416316544	1.66e-06
1416316604	1.66e-06
1416316665	1.65e-06
1416316725	1.65e-06
1416316786	1.65e-06
1416316846	1.64e-06
1416316907	1.64e-06
1416316967	1.63e-06
1416317028	1.63e-06
1416317088	1.62e-06
1416317149	1.62e-06
1416317209	1.62e-06
1416317270	1.61e-06
1416317330	1.61e-06
1416317391	1.6e-06
1416317451	1.6e-06
1416317512	1.59e-06
1416317572	1.59e-06
1416317633	1.59e-06
1416317693	1.58e-06
1416317754	1.58e-06
1416317814	1.57e-06
1416317875	1.57e-06
1416317935	1.56e-06
1416317996	1.56e-06
1416318056	1.55e-06
1416318117	1.55e-06
1416318177	1.54e-06
1416318238	1.54e-06
1416318298	1.54e-06
1416318359	1.53e-06
1416318419	1.53e-06
1416318480	1.52e-06
1416318540	1.52e-06
1416318601	1.51e-06
1416318661	1.51e-06
1416318722	1.5e-06
1416318782	1.5e-06
1416318843	1.5e-06
1416318903	1.49e-06
1416318964	1.49e-06
1416319024	1.48e-06
1416319085	1.48e-06
1416319145	1.47e-06
1416319206	1.47e-06
1416319266	1.46e-06
1416319327	1.46e-06
1416319387	1.46e-06
1416319448	1.45e-06
1416319508	1.45e-06
1416319569	1.44e-06
1416319629	1.44e-06
1416319690	1.43e-06
1416319751	1.43e-06
1416319811	1.43e-06
1416319872	1.42e-06
1416319932	1.42e-06
1416319993	1.41e-06
1416320053	1.41e-06
1416320114	1.4e-06
1416320174	1.4e-06
1416320235	1.4e-06
1416320295	1.39e-06
1416320356	1.39e-06
1416320416	1.38e-06
1416320477	1.38e-06
1416320537	1.37e-06
1416320598	1.37e-06
1416320658	1.37e-06
1416320719	1.36e-06
1416320779	1.36e-06
1416320840	1.35e-06
1416320900	1.35e-06
1416320961	1.34e-06
1416321021	1.34e-06
1416321082	1.34e-06
1416321142	1.33e-06
1416321203	1.33e-06
1416321263	1.32e-06
1416321324	1.32e-06
1416321384	1.31e-06
1416321445	1.31e-06
1416321505	1.31e-06
1416321566	1.3e-06
1416321626	1.3e-06
1416321687	1.29e-06
1416321747	1.29e-06
1416321808	1.29e-06
1416321868	1.28e-06
1416321929	1.28e-06
1416321989	1.27e-06
1416322050	1.27e-06
1416322110	1.27e-06
1416322171	1.26e-06
1416322231	1.26e-06
1416322292	1.25e-06
1416322352	1.25e-06
1416322413	1.25e-06
1416322473	1.24e-06
1416322534	1.24e-06
1416322594	1.23e-06
1416322655	1.23e-06
1416322715	1.23e-06
1416322776	1.22e-06
1416322836	1.22e-06
1416322897	1.21e-06
1416322957	1.21e-06
1416323018	1.2e-06
1416323078	1.2e-06
1416323139	1.2e-06
1416323199	1.19e-06
1416323260	1.19e-06
1416323320	1.18e-06
1416323381	1.18e-06
1416323441	1.18e-06
1416323502	1.17e-06
1416323562	6.35e-06
1416323622	1.97e-05
1416323683	2.07e-05
1416323743	2.05e-05
1416323804	2.04e-05
1416323864	2.03e-05
1416323925	2.02e-05
1416323986	2.01e-05
1416324046	2e-05
1416324106	2e-05
1416324167	1.99e-05
1416324227	1.98e-05
1416324288	1.97e-05
1416324348	1.97e-05
1416324409	1.96e-05
1416324469	1.95e-05
1416325427	0.0
1416325487	1.18e-06
1416325547	1.12e-06
1416325608	1.1e-06
1416325668	1.08e-06
1416325729	1.07e-06
1416325789	1.06e-06
1416325850	1.05e-06
1416325910	1.05e-06
1416325971	1.04e-06
1416326031	1.04e-06
1416326092	1.04e-06
1416326152	1.03e-06
1416326213	1.03e-06
1416326273	1.02e-06
1416326334	1.02e-06
1416326394	1.02e-06
1416326455	1.01e-06
1416326515	1.01e-06
1416326576	1.01e-06
1416326636	1e-06
1416326697	9.97e-07
1416326757	9.93e-07
1416326818	9.9e-07
1416326878	9.86e-07
1416326939	9.82e-07
1416326999	9.78e-07
1416327060	9.74e-07
1416327120	9.7e-07
1416327180	9.66e-07
1416327241	9.63e-07
1416327301	9.58e-07
1416327362	9.55e-07
1416327422	9.51e-07
1416327483	9.47e-07
1416327543	9.43e-07
1416327604	9.4e-07
1416327664	9.35e-07
1416327725	9.32e-07
1416327785	9.28e-07
1416327846	9.25e-07
1416327906	9.2e-07
1416327967	9.17e-07
1416328027	9.13e-07
1416328088	9.1e-07
1416328148	9.06e-07
1416328209	9.03e-07
1416328269	8.99e-07
1416328330	8.96e-07
1416328390	8.93e-07
1416328451	8.89e-07
1416328511	8.86e-07
1416328571	8.83e-07
1416328632	8.8e-07
1416328692	8.77e-07
1416328753	8.74e-07
1416328813	8.71e-07
1416328874	8.68e-07
1416328934	8.65e-07
1416328995	8.62e-07
1416329055	8.59e-07
1416329116	8.56e-07
1416329176	8.54e-07
1416329237	8.51e-07
1416329297	8.48e-07
1416329358	8.45e-07
1416329418	8.43e-07
1416329479	8.4e-07
1416329539	8.38e-07
1416329600	8.35e-07
1416329660	8.32e-07
1416329721	8.3e-07
1416329781	8.28e-07
1416329842	8.25e-07
1416329902	8.23e-07
1416329963	8.21e-07
1416330023	8.18e-07
1416330084	8.15e-07
1416330144	8.13e-07
1416330205	8.1e-07
1416330266	8.08e-07
1416330326	8.05e-07
1416330386	8.03e-07
1416330447	8.01e-07
1416330508	7.98e-07
1416330568	7.96e-07
1416330629	7.94e-07
1416330689	7.91e-07
1416330750	7.89e-07
1416330810	7.86e-07
1416330871	7.84e-07
1416330931	7.81e-07
1416330992	7.79e-07
1416331052	7.76e-07
1416331113	7.74e-07
1416331173	7.72e-07
1416331234	7.69e-07
1416331294	7.67e-07
1416331355	7.65e-07
1416331415	7.62e-07
1416331476	7.6e-07
1416331536	7.58e-07
1416331597	7.55e-07
1416331657	7.53e-07
1416331718	7.51e-07
1416331778	7.48e-07
1416331839	7.46e-07
1416331899	7.44e-07
1416331960	7.41e-07
1416332020	7.39e-07
1416332080	7.37e-07
1416332141	7.35e-07
1416332202	7.33e-07
1416332262	7.3e-07
1416332322	7.28e-07
1416332383	7.26e-07
1416332443	7.24e-07
1416332504	7.22e-07
1416332564	7.19e-07
1416332625	7.17e-07
1416332685	7.15e-07
1416332746	7.13e-07
1416332806	7.11e-07
1416332867	7.09e-07
1416332927	7.07e-07
1416332988	7.04e-07
1416333048	7.02e-07
1416333109	7e-07
1416333169	6.98e-07
1416333230	6.96e-07
1416333290	6.94e-07
1416333351	6.92e-07
1416333411	6.9e-07
1416333472	6.88e-07
1416333532	6.86e-07
1416333593	6.84e-07
1416333653	6.83e-07
1416333714	6.81e-07
1416333774	6.79e-07
1416333835	6.77e-07
1416333895	6.75e-07
1416333956	6.73e-07
1416334016	6.71e-07
1416334077	6.69e-07
1416334137	6.68e-07
1416334197	6.66e-07
1416334258	6.64e-07
1416334318	6.62e-07
1416334379	6.6e-07
1416334439	6.58e-07
1416334500	6.56e-07
1416334560	6.54e-07
1416334621	6.53e-07
1416334681	6.51e-07
1416334742	6.49e-07
1416334802	6.47e-07
1416334863	6.45e-07
1416334923	6.43e-07
1416334984	6.41e-07
1416335044	6.39e-07
1416335105	6.38e-07
1416335165	6.36e-07
1416335226	6.34e-07
1416335286	6.32e-07
1416335347	6.3e-07
1416335407	6.28e-07
1416335467	6.26e-07
1416335528	6.25e-07
1416335588	6.23e-07
1416335649	6.21e-07
1416335709	6.19e-07
1416335770	6.17e-07
1416335830	6.15e-07
1416335891	6.13e-07
1416335951	6.11e-07
1416336012	6.09e-07
1416336072	6.08e-07
1416336133	6.06e-07
1416336193	6.04e-07
1416336254	6.02e-07
1416336314	6e-07
1416336375	5.98e-07
1416336435	5.96e-07
1416336496	5.95e-07
1416336556	5.93e-07
1416336617	5.91e-07
1416336677	5.89e-07
1416336738	5.87e-07
1416336798	5.86e-07
1416336858	5.84e-07
1416336919	5.82e-07
1416336980	5.81e-07
1416337040	5.79e-07
1416337101	5.77e-07
1416337161	5.76e-07
1416337222	5.74e-07
1416337282	5.72e-07
1416337343	5.71e-07
1416337403	5.69e-07
1416337464	5.67e-07
1416337524	5.66e-07
1416337585	5.64e-07
1416337645	5.62e-07
1416337706	5.61e-07
1416337766	5.59e-07
1416337827	5.57e-07
1416337888	5.55e-07
1416337948	5.54e-07
1416338008	5.52e-07
1416338069	5.5e-07
1416338129	5.49e-07
1416338190	5.47e-07
1416338250	5.46e-07
1416338311	5.44e-07
1416338372	5.43e-07
1416338432	5.41e-07
1416338492	5.39e-07
1416338553	5.38e-07
1416338613	5.36e-07
1416338674	5.35e-07
1416338734	5.33e-07
1416338795	5.32e-07
1416338855	5.3e-07
1416338916	5.28e-07
1416338976	5.27e-07
1416339037	5.25e-07
1416339097	5.31e-07
1416339158	5.29e-07
1416339218	5.28e-07
1416339279	5.26e-07
1416339339	5.24e-07
1416339400	5.23e-07
1416339460	5.21e-07
1416339521	5.19e-07
1416339581	5.18e-07
1416339642	5.16e-07
1416339702	5.15e-07
1416339763	5.13e-07
1416339823	5.11e-07
1416339884	5.1e-07
1416339944	5.08e-07
1416340005	5.07e-07
1416340065	5.05e-07
1416340126	5.04e-07
1416340186	5.02e-07
1416340246	5.01e-07
1416340307	4.99e-07
1416340367	4.97e-07
1416340428	4.96e-07
1416340488	4.95e-07
1416340549	4.93e-07
1416340609	4.92e-07
1416340670	4.9e-07
1416340730	4.89e-07
1416340791	4.87e-07
1416340851	4.86e-07
1416340912	4.84e-07
1416340972	4.83e-07
1416341033	4.82e-07
1416341093	4.8e-07
1416341154	4.79e-07
1416341214	4.77e-07
1416341275	4.76e-07
1416341335	4.75e-07
1416341396	4.73e-07
1416341456	4.72e-07
1416341517	4.71e-07
1416341577	4.69e-07
1416341638	4.68e-07
1416341698	4.66e-07
1416341759	4.65e-07
1416341819	4.64e-07
1416341880	4.63e-07
1416341940	4.61e-07
1416342001	4.6e-07
1416342061	4.59e-07
1416342122	4.57e-07
1416342182	4.56e-07
1416342243	4.55e-07
1416342303	4.53e-07
1416342364	4.52e-07
1416342424	4.51e-07
1416342485	4.49e-07
1416342545	4.48e-07
1416342606	4.47e-07
1416342667	4.46e-07
1416342727	4.44e-07
1416342787	4.43e-07
1416342848	4.42e-07
1416342908	4.4e-07
1416342969	4.39e-07
1416343029	4.38e-07
1416343090	4.37e-07
1416343150	4.35e-07
1416343211	4.34e-07
1416343271	4.33e-07
1416343332	4.32e-07
1416343392	4.3e-07
1416343453	4.29e-07
1416343513	4.28e-07
1416343573	4.27e-07
1416343634	4.25e-07
1416343694	4.24e-07
1416343755	4.23e-07
1416343815	4.21e-07
1416343876	4.2e-07
1416343936	4.18e-07
1416343997	4.18e-07
1416344057	4.17e-07
1416344118	4.15e-07
1416344178	4.13e-07
1416344239	4.12e-07
1416344299	4.11e-07
1416344360	4.1e-07
1416344420	4.09e-07
1416344481	4.07e-07
1416344541	4.06e-07
1416344602	4.05e-07
1416344662	4.04e-07
1416344723	4.03e-07
1416344783	4.01e-07
1416344843	4e-07
1416344904	3.99e-07
1416344964	3.98e-07
1416345025	3.97e-07
1416345085	3.96e-07
1416345146	3.94e-07
1416345207	3.93e-07
1416345267	3.92e-07
1416345328	3.91e-07
1416345388	3.9e-07
1416345449	3.88e-07
1416345509	3.87e-07
1416345570	3.86e-07
1416345630	3.85e-07
1416345690	3.84e-07
1416345751	3.83e-07
1416345811	3.81e-07
1416345872	3.8e-07
1416345932	3.79e-07
1416345993	3.78e-07
1416346053	3.77e-07
1416346114	3.76e-07
1416346174	3.75e-07
1416346235	3.73e-07
1416346295	3.72e-07
1416346356	3.71e-07
1416346416	3.7e-07
1416346477	3.69e-07
1416346537	3.68e-07
1416346598	3.67e-07
1416346658	3.66e-07
1416346719	3.64e-07
1416346779	3.63e-07
1416346840	3.62e-07
1416346900	3.61e-07
1416346961	3.6e-07
1416347021	3.59e-07
1416347082	3.58e-07
1416347142	3.57e-07
1416347202	3.56e-07
1416347263	3.55e-07
1416347323	3.53e-07
1416347384	3.52e-07
1416347585	0.0
1416347645	3.48e-07
1416347706	3.47e-07
1416347766	3.46e-07
1416347827	3.44e-07
1416347887	3.43e-07
1416347948	3.42e-07
1416348008	3.41e-07
1416348069	3.4e-07
1416348129	3.39e-07
1416348190	3.38e-07
1416348250	3.37e-07
1416348311	3.36e-07
1416348372	3.35e-07
1416348432	3.34e-07
1416348493	3.33e-07
1416348553	3.32e-07
1416348614	3.31e-07
1416348674	3.3e-07
1416348735	3.29e-07
1416348795	3.28e-07
1416348856	3.27e-07
1416348916	3.26e-07
1416348977	3.25e-07
1416349037	3.24e-07
1416349098	3.23e-07
1416349158	3.22e-07
1416349219	3.21e-07
1416349279	3.2e-07
1416349340	3.19e-07
1416349400	3.18e-07
1416349461	3.18e-07
1416349522	3.17e-07
1416349582	3.16e-07
1416349643	3.15e-07
1416349703	3.14e-07
1416349764	3.13e-07
1416349824	3.12e-07
1416349885	3.11e-07
1416349945	3.1e-07
1416350006	3.09e-07
1416350066	3.08e-07
1416350127	3.07e-07
1416350187	3.07e-07
1416350248	3.06e-07
1416350308	3.05e-07
1416350369	3.04e-07
1416350429	3.03e-07
1416350490	3.02e-07
1416350550	3.01e-07
1416350611	3e-07
1416350671	2.99e-07
1416350732	2.98e-07
1416350792	2.97e-07
1416350853	2.97e-07
1416350913	2.96e-07
1416350974	2.95e-07
1416351034	2.94e-07
1416351095	2.93e-07
1416351155	2.92e-07
1416351216	2.91e-07
1416351276	2.9e-07
1416351337	2.9e-07
1416351397	2.89e-07
1416351458	2.88e-07
1416351518	2.87e-07
1416351579	2.86e-07
1416351639	2.85e-07
1416351700	2.85e-07
1416351761	2.84e-07
1416351821	2.83e-07
1416351882	2.82e-07
1416351942	2.81e-07
1416352003	2.81e-07
1416352063	2.8e-07
1416352124	2.79e-07
1416352184	2.78e-07
1416352245	2.77e-07
1416352305	2.76e-07
1416352366	2.76e-07
1416352427	2.75e-07
1416352487	2.74e-07
1416352548	2.73e-07
1416352608	2.72e-07
1416352669	2.72e-07
1416352729	2.71e-07
1416352790	2.7e-07
1416352850	2.69e-07
1416352911	2.69e-07
1416352971	2.68e-07
1416353032	2.67e-07
1416353092	2.66e-07
1416353153	2.66e-07
1416353213	2.65e-07
1416353274	2.64e-07
1416353334	2.63e-07
1416353395	2.63e-07
1416353455	2.62e-07
1416353516	2.61e-07
1416353576	2.6e-07
1416353637	2.6e-07
1416353697	2.59e-07
1416353758	2.58e-07
1416353818	2.57e-07
1416353879	2.57e-07
1416353939	2.56e-07
1416354000	2.55e-07
1416354060	2.55e-07
1416354121	2.54e-07
1416354181	2.53e-07
1416354242	2.52e-07
1416354302	2.52e-07
1416354363	2.51e-07
1416354423	2.5e-07
1416354484	2.5e-07
1416354544	2.49e-07
1416354605	2.48e-07
1416354665	2.47e-07
1416354726	2.47e-07
1416354786	2.46e-07
1416354847	2.45e-07
1416354907	2.45e-07
1416354968	2.44e-07
1416355029	2.43e-07
1416355089	2.42e-07
1416355150	2.42e-07
1416355210	2.41e-07
1416355271	2.4e-07
1416355331	2.4e-07
1416355392	2.39e-07
1416355452	2.38e-07
1416355513	2.38e-07
1416355573	2.37e-07
1416355634	2.36e-07
1416355694	2.36e-07
1416355755	2.35e-07
1416355816	2.34e-07
1416355876	2.34e-07
1416355936	2.33e-07
1416355997	3.2e-06
1416356057	4.3e-06
1416356118	4.42e-06
1416356178	4.4e-06
1416356239	4.36e-06
1416356300	4.33e-06
1416356360	4.29e-06
1416356421	4.26e-06
1416356481	4.23e-06
1416356542	4.21e-06
1416356602	4.18e-06
1416356663	4.16e-06
1416356723	4.14e-06
1416357699	0.0
1416357759	2.57e-07
1416357820	2.44e-07
1416357881	2.38e-07
1416357941	2.34e-07
1416358002	2.32e-07
1416358062	2.29e-07
1416358123	2.27e-07
1416358183	2.25e-07
1416358244	2.24e-07
1416358304	2.22e-07
1416358365	2.21e-07
1416358425	2.2e-07
1416358486	2.18e-07
1416358546	2.17e-07
1416358607	2.16e-07
1416358667	2.15e-07
1416358728	2.14e-07
1416358789	2.13e-07
1416358849	2.12e-07
1416358910	2.11e-07
1416358970	2.1e-07
1416359031	2.09e-07
1416359091	2.08e-07
1416359152	2.07e-07
1416359212	2.06e-07
1416359273	2.05e-07
1416359333	2.04e-07
1416359394	2.04e-07
1416359455	2.03e-07
1416359515	2.02e-07
1416359576	2.02e-07
1416359636	2.01e-07
1416359697	2e-07
1416359757	1.99e-07
1416359818	1.99e-07
1416359878	1.98e-07
1416359939	1.97e-07
1416359999	1.97e-07
1416360060	1.96e-07
1416360120	1.95e-07
1416360181	1.95e-07
1416360242	1.94e-07
1416360302	1.93e-07
1416360363	1.93e-07
1416360423	1.92e-07
1416360484	1.91e-07
1416360544	1.91e-07
1416360605	1.9e-07
1416360665	1.89e-07
1416360726	1.89e-07
1416360786	1.88e-07
1416360846	1.88e-07
1416360907	1.87e-07
1416360967	1.87e-07
1416361028	1.86e-07
1416361088	1.86e-07
1416361149	1.85e-07
1416361209	1.84e-07
1416361270	1.84e-07
1416361330	1.83e-07
1416361391	1.83e-07
1416361451	1.82e-07
1416361512	1.82e-07
1416361572	1.81e-07
1416361633	1.81e-07
1416361693	1.8e-07
1416361754	1.8e-07
1416361815	1.79e-07
1416361875	1.79e-07
1416361936	1.78e-07
1416361996	1.78e-07
1416362057	1.77e-07
1416362117	1.77e-07
1416362178	1.76e-07
1416362238	1.76e-07
1416362299	1.75e-07
1416362359	1.75e-07
1416362420	1.74e-07
1416362480	1.74e-07
1416362541	1.74e-07
1416362601	1.73e-07
1416362662	1.73e-07
1416362722	1.72e-07
1416362783	1.72e-07
1416362843	1.71e-07
1416362904	1.71e-07
1416362964	1.7e-07
1416363025	1.7e-07
1416363085	1.7e-07
1416363146	1.69e-07
1416363206	1.69e-07
1416363267	1.68e-07
1416363327	1.68e-07
1416363388	1.67e-07
1416363448	1.67e-07
1416363509	1.67e-07
1416363569	1.66e-07
1416363630	1.66e-07
1416363690	1.65e-07
1416363751	1.65e-07
1416363811	1.64e-07
1416363872	1.64e-07
1416363932	1.64e-07
1416363993	1.63e-07
1416364053	1.63e-07
1416364114	1.62e-07
1416364174	1.62e-07
1416364235	1.61e-07
1416364295	1.61e-07
1416364356	1.61e-07
1416364416	1.6e-07
1416364477	1.6e-07
1416364537	1.6e-07
1416364598	1.59e-07
1416364658	1.59e-07
1416364719	1.58e-07
1416364780	1.58e-07
1416364840	1.58e-07
1416364901	1.57e-07
1416364961	1.57e-07
1416365022	1.56e-07
1416365082	1.56e-07
1416365143	1.56e-07
1416365203	1.55e-07
1416365264	1.55e-07
1416365325	1.55e-07
1416365385	1.54e-07
1416365446	1.54e-07
1416365506	1.53e-07
1416365567	1.53e-07
1416365627	1.53e-07
1416365688	1.52e-07
1416365748	1.52e-07
1416365809	1.52e-07
1416365869	1.51e-07
1416365929	1.51e-07
1416365990	1.5e-07
1416366051	1.5e-07
1416366111	1.5e-07
1416366172	1.49e-07
1416366232	1.49e-07
1416366293	1.49e-07
1416366353	1.48e-07
1416366414	1.48e-07
1416366474	1.48e-07
1416366535	1.47e-07
1416366595	1.47e-07
1416366656	1.47e-07
1416366716	1.46e-07
1416366777	1.46e-07
1416366837	1.46e-07
1416366898	1.45e-07
1416366958	1.45e-07
1416367019	1.45e-07
1416367079	1.44e-07
1416367140	1.44e-07
1416367200	1.44e-07
1416367261	1.43e-07
1416367321	1.43e-07
1416367382	1.42e-07
1416367442	1.42e-07
1416367503	1.42e-07
1416367564	1.41e-07
1416367624	1.41e-07
1416367685	1.41e-07
1416367745	1.4e-07
1416367806	1.4e-07
1416367866	1.4e-07
1416367927	1.39e-07
1416367987	1.39e-07
1416368048	1.39e-07
1416368108	1.38e-07
1416368169	1.38e-07
1416368229	1.38e-07
1416368290	1.37e-07
1416368350	1.37e-07
1416368411	1.37e-07
1416368471	1.37e-07
1416368532	1.36e-07
1416368592	1.36e-07
1416368652	1.36e-07
1416368713	1.35e-07
1416368773	1.35e-07
1416368834	1.35e-07
1416368894	1.34e-07
1416368955	1.34e-07
1416369015	1.34e-07
1416369076	1.33e-07
1416369136	1.33e-07
1416369197	1.33e-07
1416369257	1.32e-07
1416369318	1.32e-07
1416369378	1.32e-07
1416369439	1.32e-07
1416369500	1.31e-07
1416369560	1.31e-07
1416369621	1.31e-07
1416369681	1.3e-07
1416369742	1.3e-07
1416369802	1.3e-07
1416369863	1.3e-07
1416369923	1.29e-07
1416369984	1.29e-07
1416370044	1.29e-07
1416370105	1.28e-07
1416370165	1.28e-07
1416370226	1.28e-07
1416370287	1.27e-07
1416370347	1.27e-07
1416370408	1.27e-07
1416370468	1.26e-07
1416370529	1.26e-07
1416370589	1.26e-07
1416370650	1.26e-07
1416370710	1.25e-07
1416370771	1.25e-07
1416370831	1.25e-07
1416370892	1.24e-07
1416370952	1.24e-07
1416371013	1.24e-07
1416371073	1.24e-07
1416371134	1.23e-07
1416371195	1.23e-07
1416371255	1.23e-07
1416371316	1.22e-07
1416371376	1.22e-07
1416371437	1.22e-07
1416371497	1.22e-07
1416371558	1.21e-07
1416371618	1.21e-07
1416371679	1.21e-07
1416371739	1.21e-07
1416371800	1.2e-07
1416371860	1.2e-07
1416371921	1.2e-07
1416371981	1.19e-07
1416372042	1.19e-07
1416372102	1.19e-07
1416372163	1.19e-07
1416372223	1.18e-07
1416372284	1.18e-07
1416372345	1.18e-07
1416372405	1.18e-07
1416372466	1.17e-07
1416372526	1.17e-07
1416372587	1.17e-07
1416372647	1.17e-07
1416372708	1.16e-07
1416372768	1.16e-07
1416372829	1.16e-07
1416372889	1.15e-07
1416372950	1.15e-07
1416373010	1.15e-07
1416373071	1.15e-07
1416373132	1.14e-07
1416373192	1.14e-07
1416373253	1.14e-07
1416373313	1.14e-07
1416373374	1.13e-07
1416373434	1.13e-07
1416373495	1.13e-07
1416373555	1.13e-07
1416373616	1.12e-07
1416373676	1.12e-07
1416373737	1.12e-07
1416373797	1.12e-07
1416373858	1.11e-07
1416373918	1.11e-07
1416373979	1.11e-07
1416374039	1.11e-07
1416374100	1.1e-07
1416374160	1.1e-07
1416374221	1.1e-07
1416374281	1.1e-07
1416374342	1.09e-07
1416374402	1.09e-07
1416374462	1.09e-07
1416374523	1.09e-07
1416374584	1.08e-07
1416374644	1.08e-07
1416374705	1.08e-07
1416374765	1.08e-07
1416374825	1.08e-07
1416374886	1.07e-07
1416374947	1.07e-07
1416375007	1.07e-07
1416375068	1.07e-07
1416375128	1.06e-07
1416375188	1.06e-07
1416375249	1.06e-07
1416375309	1.06e-07
1416375370	1.05e-07
1416375430	1.05e-07
1416375491	1.05e-07
1416375551	1.05e-07
1416375612	1.04e-07
1416375672	1.04e-07
1416375733	1.04e-07
1416375793	1.04e-07
1416375854	1.03e-07
1416375914	1.03e-07
1416375975	1.03e-07
1416376035	1.03e-07
1416376096	1.02e-07
1416376156	1.02e-07
1416376217	1.02e-07
1416376278	1.02e-07
1416376338	1.02e-07
1416376399	1.01e-07
1416376459	1.01e-07
1416376520	1.01e-07
1416376580	1.01e-07
1416376641	1e-07
1416376701	1e-07
1416376762	1e-07
1416376822	9.98e-08
1416376883	9.96e-08
1416376944	9.94e-08
1416377004	9.92e-08
1416377065	9.89e-08
1416377125	9.87e-08
1416377186	9.85e-08
1416377246	9.83e-08
1416377307	9.81e-08
1416377367	9.79e-08
1416377428	9.77e-08
1416377488	9.75e-08
1416377549	9.73e-08
1416377609	9.7e-08
1416377670	9.68e-08
1416377730	9.66e-08
1416377791	9.64e-08
1416377851	9.62e-08
1416377912	9.6e-08
1416377972	9.58e-08
1416378033	9.56e-08
1416378093	9.54e-08
1416378154	9.51e-08
1416378214	9.49e-08
1416378275	9.47e-08
1416378335	9.45e-08
1416378396	9.43e-08
1416378456	9.41e-08
1416378517	9.39e-08
1416378577	9.37e-08
1416378638	9.35e-08
1416378698	9.33e-08
1416378759	9.31e-08
1416378819	9.29e-08
1416378880	9.27e-08
1416378940	9.25e-08
1416379001	9.23e-08
1416379061	9.21e-08
1416379122	9.2e-08
1416379182	9.18e-08
1416379243	9.16e-08
1416379303	9.14e-08
1416379364	9.12e-08
1416379425	9.1e-08
1416379485	9.08e-08
1416379546	9.06e-08
1416379606	9.04e-08
1416379667	9.02e-08
1416379727	9e-08
1416379788	8.98e-08
1416379848	8.96e-08
1416379909	8.94e-08
1416379969	8.93e-08
1416380030	8.91e-08
1416380091	8.89e-08
1416380151	8.87e-08
1416380212	8.85e-08
1416380272	8.83e-08
1416380333	8.81e-08
1416380393	8.79e-08
1416380454	8.77e-08
1416380514	8.75e-08
1416380575	8.73e-08
1416380635	8.72e-08
1416380696	8.7e-08
1416380756	8.68e-08
1416380817	8.66e-08
1416380878	8.64e-08
1416380938	8.62e-08
1416380999	8.6e-08
1416381059	8.59e-08
1416381120	8.57e-08
1416381180	8.55e-08
1416381241	8.53e-08
1416381301	8.51e-08
1416381362	8.5e-08
1416381422	8.48e-08
1416381483	8.46e-08
1416381544	8.44e-08
1416381604	8.43e-08
1416381665	8.41e-08
1416381725	8.39e-08
1416381786	8.37e-08
1416381846	8.36e-08
1416381907	8.34e-08
1416381967	8.32e-08
1416382028	8.3e-08
1416382088	8.29e-08
1416382149	8.27e-08
1416382210	8.25e-08
1416382270	8.23e-08
1416382331	8.22e-08
1416382391	8.2e-08
1416382452	8.18e-08
1416382512	8.16e-08
1416382573	8.15e-08
1416382633	8.13e-08
1416382694	8.11e-08
1416382754	8.1e-08
1416382815	8.08e-08
1416382876	8.06e-08
1416382936	8.04e-08
1416382997	8.03e-08
1416383057	8.01e-08
1416383118	8e-08
1416383178	7.98e-08
1416383239	7.96e-08
1416383299	7.94e-08
1416383360	7.93e-08
1416383420	7.91e-08
1416383481	7.89e-08
1416383541	7.88e-08
1416383602	7.86e-08
1416383662	7.85e-08
1416383723	7.83e-08
1416383783	7.82e-08
1416383844	7.8e-08
1416383905	7.78e-08
1416383965	7.77e-08
1416384026	7.75e-08
1416384086	7.74e-08
1416384147	7.72e-08
1416384207	7.71e-08
1416384268	7.69e-08
1416384328	7.67e-08
1416384389	7.66e-08
1416384449	7.64e-08
1416384510	7.63e-08
1416384571	7.61e-08
1416384631	7.6e-08
1416384692	7.58e-08
1416384752	7.57e-08
1416384813	7.55e-08
1416384873	7.54e-08
1416384934	7.52e-08
1416384994	7.51e-08
1416385055	7.49e-08
1416385115	7.48e-08
1416385176	7.46e-08
1416385236	7.44e-08
1416385297	7.43e-08
1416385357	7.42e-08
1416385418	7.4e-08
1416385479	7.39e-08
1416385539	7.37e-08
1416385600	7.36e-08
1416385660	7.34e-08
1416385721	7.33e-08
1416385781	7.31e-08
1416385842	7.3e-08
1416385902	7.28e-08
1416385963	7.27e-08
1416386023	7.25e-08
1416386084	7.24e-08
1416386145	7.23e-08
1416386205	7.21e-08
1416386266	7.2e-08
1416386326	7.18e-08
1416386387	7.17e-08
1416386447	7.15e-08
1416386508	7.14e-08
1416386568	7.13e-08
1416386629	7.11e-08
1416386689	7.1e-08
1416386750	7.08e-08
1416386810	7.07e-08
1416386871	7.06e-08
1416386932	7.04e-08
1416386992	7.03e-08
1416387053	7.01e-08
1416387113	7e-08
1416387174	6.99e-08
1416387234	6.97e-08
1416387295	6.96e-08
1416387355	6.94e-08
1416387416	6.93e-08
1416387476	6.92e-08
1416387537	6.9e-08
1416387597	6.89e-08
1416387658	6.88e-08
1416387718	6.87e-08
1416387779	6.85e-08
1416387839	6.84e-08
1416387900	6.83e-08
1416387960	6.81e-08
1416388021	6.8e-08
1416388081	6.79e-08
1416388142	6.77e-08
1416388202	6.76e-08
1416388263	6.75e-08
1416388324	6.74e-08
1416388384	6.72e-08
1416388444	6.71e-08
1416388505	6.7e-08
1416388566	6.68e-08
1416388626	6.67e-08
1416388687	6.66e-08
1416388747	6.65e-08
1416388807	6.63e-08
1416388868	6.62e-08
1416388929	6.61e-08
1416388989	6.6e-08
1416389050	6.59e-08
1416389110	6.57e-08
1416389171	6.56e-08
1416389231	6.55e-08
1416389292	6.53e-08
1416389352	6.52e-08
1416389413	6.51e-08
1416389473	6.5e-08
1416389534	6.48e-08
1416389594	6.47e-08
1416389655	6.46e-08
1416389715	6.45e-08
1416389776	6.43e-08
1416389836	6.42e-08
1416389897	6.41e-08
1416389957	6.39e-08
1416390018	6.38e-08
1416390078	6.37e-08
1416390139	6.36e-08
1416390199	6.35e-08
1416390260	6.34e-08
1416390320	6.33e-08
1416390381	6.32e-08
1416390441	6.3e-08
1416390502	6.29e-08
1416390563	6.28e-08
1416390623	6.27e-08
1416390684	6.25e-08
1416390744	6.24e-08
1416390805	6.23e-08
1416390865	6.22e-08
1416390926	6.21e-08
1416390986	6.2e-08
1416391047	6.18e-08
1416391108	6.17e-08
1416391168	6.16e-08
1416391228	6.15e-08
1416391289	6.14e-08
1416391350	6.13e-08
1416391410	6.12e-08
1416391471	6.1e-08
1416391531	6.09e-08
1416391592	6.08e-08
1416391652	6.07e-08
1416391713	6.06e-08
1416391773	6.05e-08
1416391834	6.04e-08
1416391894	6.03e-08
1416391955	6.01e-08
1416392015	6e-08
1416392076	5.99e-08
1416392137	5.98e-08
1416392197	5.97e-08
1416392258	5.96e-08
1416392318	5.95e-08
1416392379	5.94e-08
1416392439	5.93e-08
1416392500	5.92e-08
1416392560	5.91e-08
1416392621	5.89e-08
1416392681	5.88e-08
1416392742	5.87e-08
1416392802	5.86e-08
1416392863	5.85e-08
1416392924	5.84e-08
1416392984	5.83e-08
1416393045	5.82e-08
1416393105	5.81e-08
1416393166	5.8e-08
1416393226	5.79e-08
1416393287	5.78e-08
1416393347	5.77e-08
1416393408	5.76e-08
1416393468	5.75e-08
1416393529	5.74e-08
1416393589	5.73e-08
1416393650	5.72e-08
1416393710	5.7e-08
1416393771	5.7e-08
1416393831	5.68e-08
1416393892	5.67e-08
1416393952	5.66e-08
1416394013	5.65e-08
1416394073	5.64e-08
1416394134	5.63e-08
1416394194	5.62e-08
1416394255	5.61e-08
1416394316	5.6e-08
1416394376	5.59e-08
1416394437	5.58e-08
1416394497	5.57e-08
1416394558	5.56e-08
1416394618	5.55e-08
1416394679	5.54e-08
1416394739	5.53e-08
1416394800	5.52e-08
1416394860	5.51e-08
1416394921	5.5e-08
1416394982	5.49e-08
1416395042	5.48e-08
1416395103	5.47e-08
1416395163	5.46e-08
1416395224	5.45e-08
1416395284	5.44e-08
1416395345	5.44e-08
1416395405	5.43e-08
1416395466	5.42e-08
1416395526	5.41e-08
1416395587	5.4e-08
1416395647	5.39e-08
1416395708	5.38e-08
1416395768	5.37e-08
1416395829	5.36e-08
1416395889	5.35e-08
1416395950	5.34e-08
1416396011	5.33e-08
1416396071	5.32e-08
1416396132	5.31e-08
1416396192	5.3e-08
1416396253	5.29e-08
1416396313	5.28e-08
1416396374	5.27e-08
1416396434	5.26e-08
1416396495	5.26e-08
1416396555	5.25e-08
1416396616	5.24e-08
1416396676	5.23e-08
1416396737	5.22e-08
1416396797	5.21e-08
1416396858	5.2e-08
1416396918	5.19e-08
1416396979	5.18e-08
1416397040	5.17e-08
1416397100	5.17e-08
1416397161	5.16e-08
1416397221	5.15e-08
1416397282	5.14e-08
1416397342	5.13e-08
1416397403	5.12e-08
1416397463	5.11e-08
1416397524	5.1e-08
1416397584	5.1e-08
1416397645	5.09e-08
1416397705	5.08e-08
1416397766	5.07e-08
1416397826	5.06e-08
1416397887	5.05e-08
1416397947	5.04e-08
1416398008	5.03e-08
1416398068	5.03e-08
1416398129	5.02e-08
1416398189	5.01e-08
1416398250	5e-08
1416398310	4.99e-08
1416398371	4.98e-08
1416398431	4.98e-08
1416398492	4.97e-08
1416398552	4.96e-08
1416398613	4.95e-08
1416398673	4.94e-08
1416398734	4.94e-08
1416398795	4.93e-08
1416398855	4.92e-08
1416398915	4.91e-08
1416398976	4.9e-08
1416399036	4.9e-08
1416399097	4.89e-08
1416399157	4.88e-08
1416399218	4.87e-08
1416399278	4.86e-08
1416399339	4.85e-08
1416399399	4.85e-08
1416399460	4.84e-08
1416399520	4.83e-08
1416399581	4.82e-08
1416399641	4.82e-08
1416399702	4.81e-08
1416399762	4.8e-08
1416399823	4.79e-08
1416399883	4.78e-08
1416399944	4.78e-08
1416400004	4.77e-08
1416400065	4.76e-08
1416400125	4.75e-08
1416400186	4.74e-08
1416400247	4.74e-08
1416400307	4.73e-08
1416400368	4.72e-08
1416400428	4.71e-08
1416400489	4.71e-08
1416400549	4.7e-08
1416400610	4.69e-08
1416400670	4.68e-08
1416400731	4.68e-08
1416400791	4.67e-08
1416400852	4.66e-08
1416400913	4.65e-08
1416400973	4.65e-08
1416401034	4.64e-08
1416401094	4.63e-08
1416401155	4.62e-08
1416401215	4.62e-08
1416401276	4.61e-08
1416401336	4.6e-08
1416401397	4.59e-08
1416401458	4.59e-08
1416401518	4.58e-08
1416401579	4.57e-08
1416401639	4.57e-08
1416401700	4.56e-08
1416401760	4.55e-08
1416401821	4.54e-08
1416401881	4.54e-08
1416401942	4.53e-08
1416402002	4.52e-08
1416402063	4.52e-08
1416402124	4.51e-08
1416402184	4.5e-08
1416402245	4.49e-08
1416402305	4.49e-08
1416402366	4.48e-08
1416402426	4.47e-08
1416402487	4.47e-08
1416402547	4.46e-08
1416402608	4.45e-08
1416402668	4.44e-08
1416402729	4.44e-08
1416402789	4.43e-08
1416402850	4.42e-08
1416402910	4.42e-08
1416402971	4.41e-08
1416403032	4.4e-08
1416403092	4.4e-08
1416403153	4.39e-08
1416403213	4.38e-08
1416403274	4.38e-08
1416403334	4.37e-08
1416403395	4.36e-08
1416403455	4.36e-08
1416403516	4.35e-08
1416403576	4.34e-08
1416403637	4.34e-08
1416403697	4.33e-08
1416403758	4.32e-08
1416403819	4.32e-08
1416403879	4.31e-08
1416403940	4.3e-08
1416404000	4.3e-08
1416404061	4.29e-08
1416404121	4.28e-08
1416404182	4.28e-08
1416404242	4.27e-08
1416404303	4.26e-08
1416404363	4.26e-08
1416404424	4.25e-08
1416404485	4.24e-08
1416404545	4.24e-08
1416404606	4.23e-08
1416404666	4.23e-08
1416404727	4.22e-08
1416404787	4.21e-08
1416404848	4.21e-08
1416404908	4.2e-08
1416404969	4.2e-08
1416405029	4.19e-08
1416405090	4.18e-08
1416405151	4.18e-08
1416405211	4.17e-08
1416405272	4.16e-08
1416405332	4.16e-08
1416405393	4.15e-08
1416405453	4.15e-08
1416405514	4.14e-08
1416405574	4.13e-08
1416405635	4.13e-08
1416405695	4.12e-08
1416405756	4.12e-08
1416405816	4.11e-08
1416405877	4.11e-08
1416405937	4.1e-08
1416405998	4.09e-08
1416406058	4.09e-08
1416406119	4.08e-08
1416406179	4.08e-08
1416406240	4.07e-08
1416406300	4.07e-08
1416406361	4.06e-08
1416406421	4.06e-08
1416406482	4.05e-08
1416406543	4.05e-08
1416406603	4.04e-08
1416406664	4.04e-08
1416406724	4.03e-08
1416406785	4.03e-08
1416406845	4.02e-08
1416406906	4.01e-08
1416406966	4.01e-08
1416407027	4.01e-08
1416407088	4e-08
1416407148	3.99e-08
1416407208	3.99e-08
1416407269	3.99e-08
1416407330	3.98e-08
1416407390	3.98e-08
1416407451	3.97e-08
1416407511	3.97e-08
1416407571	3.96e-08
1416407632	3.96e-08
1416407692	3.95e-08
1416407753	3.95e-08
1416407813	3.94e-08
1416407874	3.94e-08
1416407935	3.93e-08
1416407995	3.93e-08
1416408056	3.92e-08
1416408116	3.92e-08
1416408177	3.91e-08
1416408237	3.91e-08
1416408298	3.9e-08
1416408358	3.9e-08
1416408418	3.89e-08
1416408479	3.89e-08
1416408540	3.88e-08
1416408600	3.88e-08
1416408661	3.87e-08
1416408721	3.87e-08
1416408782	3.86e-08
1416408842	3.85e-08
1416408903	3.85e-08
1416408963	3.85e-08
1416409024	3.84e-08
1416409084	3.83e-08
1416409145	3.83e-08
1416409205	3.82e-08
1416409266	3.82e-08
1416409327	3.81e-08
1416409387	3.81e-08
1416409448	3.8e-08
1416409508	3.8e-08
1416409569	3.79e-08
1416409629	3.79e-08
1416409690	3.78e-08
1416409750	3.78e-08
1416409811	3.77e-08
1416409871	3.77e-08
1416409932	3.76e-08
1416409992	3.76e-08
1416410053	3.75e-08
1416410113	3.75e-08
1416410174	3.74e-08
1416410234	3.74e-08
1416410295	3.73e-08
1416410355	3.73e-08
1416410416	3.72e-08
1416410476	3.72e-08
1416410537	3.71e-08
1416410597	3.71e-08
1416410658	3.7e-08
1416410718	3.7e-08
1416410779	3.69e-08
1416410839	3.69e-08
1416410900	3.68e-08
1416410960	3.68e-08
1416411021	3.67e-08
1416411081	3.67e-08
1416411142	3.66e-08
1416411202	3.66e-08
1416411263	3.65e-08
1416411323	3.65e-08
1416411384	3.65e-08
1416411444	3.64e-08
1416411505	3.64e-08
1416411565	3.63e-08
1416411626	3.63e-08
1416411686	3.62e-08
1416411747	3.62e-08
1416411808	3.61e-08
1416411868	3.61e-08
1416411929	3.6e-08
1416411989	3.6e-08
1416412050	2.9e-07
1416412110	3.68e-07
1416412171	4.05e-07
1416412231	4.13e-07
1416412292	4.16e-07
1416412352	4.17e-07
1416412413	4.17e-07
1416412473	4.17e-07
1416412534	4.16e-07
1416412594	4.16e-07
1416412655	4.15e-07
1416413594	0.0
1416413655	1.11e-07
1416413715	1.03e-07
1416413776	9.91e-08
1416413837	9.68e-08
1416413897	9.49e-08
1416413958	9.36e-08
1416414018	9.24e-08
1416414079	9.15e-08
1416414139	9.08e-08
1416414200	9e-08
1416414260	8.94e-08
1416414321	8.86e-08
1416414381	8.81e-08
1416414442	8.75e-08
1416414502	8.69e-08
1416414563	8.66e-08
1416414623	8.6e-08
1416414684	8.56e-08
1416414744	8.52e-08
1416414805	8.48e-08
1416414865	8.44e-08
