1412364993	2.26e-06
1412365054	2.13e-06
1412365114	2.02e-06
1412365175	1.92e-06
1412365235	1.83e-06
1412365296	1.75e-06
1412365356	1.68e-06
1412365417	1.61e-06
1412365477	1.55e-06
1412365538	1.5e-06
1412365598	1.45e-06
1412365659	1.42e-06
1412365719	1.38e-06
1412365780	1.34e-06
1412365840	1.3e-06
1412365901	1.27e-06
1412365961	1.23e-06
1412366022	1.2e-06
1412366082	1.17e-06
1412366143	1.15e-06
1412366203	1.12e-06
1412366264	1.1e-06
1412366324	1.07e-06
1412366385	1.05e-06
1412366445	1.03e-06
1412366506	1.01e-06
1412366566	9.91e-07
1412366627	9.73e-07
1412366688	9.56e-07
1412366748	9.39e-07
1412366809	9.23e-07
1412366869	9.08e-07
1412366930	8.93e-07
1412366990	8.79e-07
1412367051	8.65e-07
1412367111	8.52e-07
1412367172	8.4e-07
1412367232	8.27e-07
1412367293	8.16e-07
1412367353	8.04e-07
1412367414	7.93e-07
1412367474	7.83e-07
1412367535	7.72e-07
1412367595	7.63e-07
1412367656	7.53e-07
1412367716	7.42e-07
1412367777	7.33e-07
1412367837	7.24e-07
1412367898	7.16e-07
1412367958	7.08e-07
1412368018	7e-07
1412368079	6.92e-07
1412368139	6.84e-07
1412368200	6.76e-07
1412368261	6.7e-07
1412368321	6.63e-07
1412368381	6.56e-07
1412368442	6.5e-07
1412368502	6.44e-07
1412368563	6.38e-07
1412368623	6.31e-07
1412368684	6.26e-07
1412368744	6.2e-07
1412368805	6.14e-07
1412368865	6.08e-07
1412368926	6.03e-07
1412368986	5.98e-07
1412369047	5.93e-07
1412369107	5.87e-07
1412369168	5.82e-07
1412369228	5.77e-07
1412369289	5.73e-07
1412369349	5.68e-07
1412369410	5.63e-07
1412369470	5.59e-07
1412369531	5.55e-07
1412369591	5.51e-07
1412369652	5.46e-07
1412369712	5.42e-07
1412369773	5.37e-07
1412369834	5.33e-07
1412369894	5.3e-07
1412369954	5.26e-07
1412370015	5.22e-07
1412370076	5.19e-07
1412370136	5.15e-07
1412370196	5.12e-07
1412370257	5.09e-07
1412370317	5.05e-07
1412370378	5.02e-07
1412370438	4.99e-07
1412370499	4.96e-07
1412370559	4.93e-07
1412370620	4.9e-07
1412370681	4.87e-07
1412370741	4.84e-07
1412370802	4.82e-07
1412370862	4.79e-07
1412370923	4.76e-07
1412370983	4.74e-07
1412371044	4.71e-07
1412371104	4.69e-07
1412371165	4.66e-07
1412371225	4.64e-07
1412371286	4.61e-07
1412371346	4.59e-07
1412371407	4.57e-07
1412371467	4.54e-07
1412371528	4.52e-07
1412371588	4.5e-07
1412371649	4.48e-07
1412371709	4.46e-07
1412371770	4.44e-07
1412371830	4.42e-07
1412371891	4.4e-07
1412371951	4.37e-07
1412372012	4.35e-07
1412372072	4.33e-07
1412372133	4.32e-07
1412372193	4.3e-07
1412372254	4.28e-07
1412372314	4.26e-07
1412372375	4.24e-07
1412372435	4.23e-07
1412372496	4.21e-07
1412372556	4.19e-07
1412372617	4.18e-07
1412372677	4.16e-07
1412372738	4.14e-07
1412372798	4.13e-07
1412372859	4.11e-07
1412372920	4.1e-07
1412372980	4.09e-07
1412373040	4.07e-07
1412373101	4.05e-07
1412373162	4.04e-07
1412373222	4.02e-07
1412373282	4.01e-07
1412373343	4e-07
1412373403	3.98e-07
1412373464	3.97e-07
1412373525	3.95e-07
1412373585	3.94e-07
1412373646	3.93e-07
1412373706	3.92e-07
1412373767	3.9e-07
1412373827	3.89e-07
1412373888	3.88e-07
1412373948	3.87e-07
1412374009	3.85e-07
1412374069	3.84e-07
1412374130	3.83e-07
1412374190	3.82e-07
1412374251	3.81e-07
1412374311	3.79e-07
1412374372	3.78e-07
1412374432	3.77e-07
1412374493	3.76e-07
1412374553	3.75e-07
1412374614	3.74e-07
1412374674	3.73e-07
1412374735	3.72e-07
1412374795	3.71e-07
1412374856	3.7e-07
1412374916	3.69e-07
1412374977	3.68e-07
1412375037	3.67e-07
1412375098	3.66e-07
1412375158	3.65e-07
1412375219	3.64e-07
1412375279	3.63e-07
1412375340	3.62e-07
1412375400	3.62e-07
1412375461	3.61e-07
1412375521	3.6e-07
1412375582	3.59e-07
1412375642	3.58e-07
1412375703	3.58e-07
1412375763	3.57e-07
1412375824	3.56e-07
1412375884	3.55e-07
1412375945	3.54e-07
1412376005	3.53e-07
1412376066	3.53e-07
1412376126	3.52e-07
1412376187	3.51e-07
1412376247	3.5e-07
1412376308	3.5e-07
1412376368	3.48e-07
1412376429	3.48e-07
1412376489	3.47e-07
1412376550	3.46e-07
1412376610	3.45e-07
1412376671	3.45e-07
1412376731	3.44e-07
1412376792	3.43e-07
1412376852	3.43e-07
1412376913	3.42e-07
1412376973	3.41e-07
1412377034	3.41e-07
1412377094	3.4e-07
1412377155	3.4e-07
1412377215	3.39e-07
1412377276	3.39e-07
1412377336	3.38e-07
1412377397	3.37e-07
1412377457	3.35e-07
1412377518	3.35e-07
1412377578	3.34e-07
1412377639	3.33e-07
1412377699	3.33e-07
1412377760	3.32e-07
1412377820	3.32e-07
1412377881	3.31e-07
1412377941	3.31e-07
1412378002	3.3e-07
1412378062	3.3e-07
1412378123	3.29e-07
1412378183	3.29e-07
1412378244	3.28e-07
1412378304	3.27e-07
1412378364	3.27e-07
1412378425	3.26e-07
1412378485	3.26e-07
1412378546	3.25e-07
1412378606	3.25e-07
1412378667	3.24e-07
1412378727	3.24e-07
1412378788	3.23e-07
1412378848	3.23e-07
1412378909	3.22e-07
1412378969	3.22e-07
1412379030	3.21e-07
1412379090	3.21e-07
1412379151	3.2e-07
1412379211	3.2e-07
1412379272	3.2e-07
1412379332	3.19e-07
1412379393	3.19e-07
1412379453	3.18e-07
1412379514	3.18e-07
1412379574	3.18e-07
1412379635	3.17e-07
1412379695	3.17e-07
1412379756	3.16e-07
1412379816	3.16e-07
1412379877	3.15e-07
1412379937	3.15e-07
1412379998	3.15e-07
1412380058	3.14e-07
1412380119	3.13e-07
1412380179	3.13e-07
1412380240	3.13e-07
1412380300	3.12e-07
1412380361	3.12e-07
1412380421	3.12e-07
1412380482	3.11e-07
1412380542	3.11e-07
1412380603	3.1e-07
1412380663	3.1e-07
1412380724	3.09e-07
1412380784	3.09e-07
1412380845	3.08e-07
1412380906	3.08e-07
1412380966	3.08e-07
1412381027	3.07e-07
1412381087	3.07e-07
1412381148	3.07e-07
1412381208	3.06e-07
1412381268	3.06e-07
1412381329	3.05e-07
1412381389	3.05e-07
1412381450	3.05e-07
1412381510	3.04e-07
1412381571	3.04e-07
1412381631	3.03e-07
1412381692	3.03e-07
1412381753	3.03e-07
1412381813	3.02e-07
1412381874	3.02e-07
1412381934	3.02e-07
1412381995	3.01e-07
1412382055	3.01e-07
1412382116	3.01e-07
1412382176	3e-07
1412382237	3e-07
1412382297	2.99e-07
1412382358	2.99e-07
1412382418	2.99e-07
1412382479	2.98e-07
1412382539	2.98e-07
1412382600	2.98e-07
1412382660	2.97e-07
1412382721	2.97e-07
1412382781	2.97e-07
1412382842	2.96e-07
1412382903	2.96e-07
1412382963	2.96e-07
1412383024	2.95e-07
1412383084	2.95e-07
1412383145	2.95e-07
1412383205	2.94e-07
1412383266	2.94e-07
1412383326	2.94e-07
1412383386	2.94e-07
1412383447	2.93e-07
1412383507	2.93e-07
1412383568	2.93e-07
1412383628	2.92e-07
1412383689	2.92e-07
1412383749	2.92e-07
1412383810	2.92e-07
1412383871	2.91e-07
1412383931	2.91e-07
1412383992	2.91e-07
1412384052	2.91e-07
1412384113	2.9e-07
1412384173	2.9e-07
1412384234	2.9e-07
1412384294	2.89e-07
1412384355	2.89e-07
1412384415	2.89e-07
1412384476	2.89e-07
1412384536	2.88e-07
1412384597	2.88e-07
1412384657	2.88e-07
1412384718	2.88e-07
1412384778	2.87e-07
1412384839	2.87e-07
1412384899	2.87e-07
1412384960	2.87e-07
1412385020	2.86e-07
1412385081	2.86e-07
1412385141	2.86e-07
1412385202	2.86e-07
1412385262	2.85e-07
1412385322	2.85e-07
1412385383	2.85e-07
1412385443	2.84e-07
1412385504	2.84e-07
1412385564	2.84e-07
1412385625	2.84e-07
1412385685	2.84e-07
1412385746	2.83e-07
1412385806	2.83e-07
1412385867	2.83e-07
1412385927	2.83e-07
1412385988	2.82e-07
1412386048	2.82e-07
1412386109	2.82e-07
1412386170	2.81e-07
1412386230	2.81e-07
1412386290	2.81e-07
1412386351	2.81e-07
1412386411	2.8e-07
1412386472	2.8e-07
1412386532	2.8e-07
1412386593	2.8e-07
1412386653	2.8e-07
1412386714	2.8e-07
1412386774	2.79e-07
1412386835	2.79e-07
1412386895	2.79e-07
1412386956	2.79e-07
1412387016	2.78e-07
1412387077	2.78e-07
1412387137	2.78e-07
1412387198	2.78e-07
1412387258	2.77e-07
1412387319	2.77e-07
1412387380	2.77e-07
1412387440	2.77e-07
1412387501	2.77e-07
1412387561	2.76e-07
1412387622	2.76e-07
1412387682	2.76e-07
1412387743	2.76e-07
1412387803	2.76e-07
1412387864	2.75e-07
1412387924	2.75e-07
1412387985	2.75e-07
1412388045	2.75e-07
1412388106	2.74e-07
1412388166	2.74e-07
1412388227	2.74e-07
1412388287	2.74e-07
1412388348	2.74e-07
1412388408	2.73e-07
1412388469	2.73e-07
1412388529	2.73e-07
1412388590	2.73e-07
1412388650	2.73e-07
1412388711	2.73e-07
1412388771	2.72e-07
1412388832	2.72e-07
1412388892	2.72e-07
1412388952	2.72e-07
1412389013	2.72e-07
1412389073	2.71e-07
1412389134	2.71e-07
1412389194	2.71e-07
1412389255	2.71e-07
1412389316	2.71e-07
1412389376	2.71e-07
1412389437	2.71e-07
1412389497	1.14e-06
1412389558	2.55e-07
1412389618	2.4e-07
1412389678	2.35e-07
1412389739	2.32e-07
1412389799	2.3e-07
1412389860	2.29e-07
1412389920	2.28e-07
1412389981	2.27e-07
1412390041	2.26e-07
1412390102	2.26e-07
1412390162	2.25e-07
1412390223	2.25e-07
1412390283	2.25e-07
1412390344	2.24e-07
1412390404	2.24e-07
1412390465	2.24e-07
1412390525	2.24e-07
1412390586	2.23e-07
1412390646	2.23e-07
1412390707	2.23e-07
1412390767	2.23e-07
1412390828	2.23e-07
1412390888	2.23e-07
1412390949	2.22e-07
1412391009	3.79e-09
1412391070	2.22e-07
1412391130	2.22e-07
1412391191	2.22e-07
1412391251	2.21e-07
1412391312	2.21e-07
1412391372	2.21e-07
1412391433	2.21e-07
1412391493	2.21e-07
1412391554	2.21e-07
1412391614	2.21e-07
1412391674	2.21e-07
1412391735	2.2e-07
1412391795	2.2e-07
1412391856	2.2e-07
1412391916	2.2e-07
1412391977	2.2e-07
1412392037	2.2e-07
1412392098	2.19e-07
1412392158	2.19e-07
1412392219	2.19e-07
1412392279	2.19e-07
1412392340	2.19e-07
1412392400	2.19e-07
1412392461	2.19e-07
1412392521	2.19e-07
1412392582	2.18e-07
1412392642	2.18e-07
1412392703	2.18e-07
1412392763	2.18e-07
1412392824	2.18e-07
1412392884	2.18e-07
1412392945	2.18e-07
1412393006	2.18e-07
1412393066	2.17e-07
1412393127	2.17e-07
1412393187	2.17e-07
1412393248	2.17e-07
1412393308	2.17e-07
1412393369	2.17e-07
1412393429	2.17e-07
1412393490	2.17e-07
1412393550	2.17e-07
1412393611	2.16e-07
1412393671	2.16e-07
1412393732	2.16e-07
1412393792	2.16e-07
1412393853	2.16e-07
1412393913	2.16e-07
1412393974	2.16e-07
1412394034	2.16e-07
1412394095	2.15e-07
1412394155	2.15e-07
1412394216	2.15e-07
1412394276	2.15e-07
1412394337	2.15e-07
1412394397	3.79e-09
1412394458	2.63e-07
1412394518	2.62e-07
1412394579	2.61e-07
1412394639	2.61e-07
1412394700	3.79e-09
1412394760	3.79e-09
1412394821	3.79e-09
1412394881	2.58e-07
1412394942	2.58e-07
1412395002	2.58e-07
1412395062	2.58e-07
1412395123	2.58e-07
1412395183	2.57e-07
1412395244	2.57e-07
1412395304	2.57e-07
1412395365	2.57e-07
1412395425	2.56e-07
1412395486	2.56e-07
1412395546	2.56e-07
1412395607	2.56e-07
1412395667	2.56e-07
1412395728	2.55e-07
1412395788	2.55e-07
1412395849	2.55e-07
1412395909	2.55e-07
1412395970	2.55e-07
1412396030	2.55e-07
1412396091	2.55e-07
1412396151	2.55e-07
1412396212	2.54e-07
1412396272	2.54e-07
1412396333	2.54e-07
1412396393	2.54e-07
1412396454	2.54e-07
1412396514	2.53e-07
1412396575	2.53e-07
1412396635	2.53e-07
1412396696	2.53e-07
1412396756	2.53e-07
1412396817	2.53e-07
1412396877	2.53e-07
1412396938	2.53e-07
1412396998	2.53e-07
1412397059	2.53e-07
1412397119	2.52e-07
1412397180	2.52e-07
1412397240	2.52e-07
1412397301	2.52e-07
1412397361	2.52e-07
1412397421	2.52e-07
1412397482	2.52e-07
1412397542	2.52e-07
1412397603	2.51e-07
1412397663	2.51e-07
1412397724	2.51e-07
1412397784	2.51e-07
1412397845	2.52e-07
1412397905	2.51e-07
1412397966	2.51e-07
1412398027	2.51e-07
1412398087	2.51e-07
1412398148	2.51e-07
1412398208	2.51e-07
1412398269	2.51e-07
1412398329	2.51e-07
1412398390	2.51e-07
1412398450	2.5e-07
1412398511	2.5e-07
1412398571	2.5e-07
1412398632	2.5e-07
1412398692	2.5e-07
1412398753	2.5e-07
1412398813	2.5e-07
1412398874	2.5e-07
1412398934	2.5e-07
1412398995	2.5e-07
1412399055	2.5e-07
1412399116	2.49e-07
1412399176	2.49e-07
1412399237	2.49e-07
1412399297	2.49e-07
1412399358	2.49e-07
1412399418	2.49e-07
1412399479	2.49e-07
1412399539	2.49e-07
1412399600	2.49e-07
1412399661	2.49e-07
1412399721	2.49e-07
1412399782	2.48e-07
1412399842	2.48e-07
1412399903	2.48e-07
1412399963	2.48e-07
1412400024	2.48e-07
1412400084	2.48e-07
1412400145	2.48e-07
1412400205	2.48e-07
1412400266	2.48e-07
1412400326	2.48e-07
1412400387	2.48e-07
1412400447	2.47e-07
1412400508	2.47e-07
1412400568	2.47e-07
1412400629	2.47e-07
1412400689	2.47e-07
1412400750	2.47e-07
1412400810	2.47e-07
1412400871	2.47e-07
1412400931	2.47e-07
1412400992	2.47e-07
1412401052	2.47e-07
1412401113	2.47e-07
1412401173	2.47e-07
1412401234	2.46e-07
1412401294	2.46e-07
1412401355	2.46e-07
1412401415	2.46e-07
1412401476	2.46e-07
1412401536	2.46e-07
1412401597	2.46e-07
1412401657	2.46e-07
1412401718	2.46e-07
1412401778	2.46e-07
1412401839	2.46e-07
1412401899	2.46e-07
1412401960	2.46e-07
1412402020	2.45e-07
1412402081	2.45e-07
1412402141	2.45e-07
1412402202	2.45e-07
1412402262	2.45e-07
1412402323	2.45e-07
1412402384	2.45e-07
1412402444	2.45e-07
1412402505	2.45e-07
1412402565	2.45e-07
1412402626	2.45e-07
1412402686	2.45e-07
1412402746	2.45e-07
1412402807	2.44e-07
1412402867	2.44e-07
1412402928	2.44e-07
1412402988	2.44e-07
1412403049	2.44e-07
1412403110	2.44e-07
1412403170	2.44e-07
1412403230	2.44e-07
1412403291	2.44e-07
1412403351	2.44e-07
1412403412	2.44e-07
1412403472	2.44e-07
1412403533	2.44e-07
1412403593	2.44e-07
1412403654	2.44e-07
1412403715	2.44e-07
1412403775	2.43e-07
1412403835	2.43e-07
1412403896	2.43e-07
1412403956	2.43e-07
1412404017	2.43e-07
1412404077	2.43e-07
1412404138	2.43e-07
1412404198	2.43e-07
1412404259	2.43e-07
1412404319	2.43e-07
1412404380	2.43e-07
1412404440	2.43e-07
1412404501	2.43e-07
1412404562	2.42e-07
1412404622	2.42e-07
1412404682	2.42e-07
1412404743	2.42e-07
1412404804	2.42e-07
1412404864	2.42e-07
1412404925	2.42e-07
1412404985	2.42e-07
1412405045	2.42e-07
1412405106	2.42e-07
1412405166	2.42e-07
1412405227	2.42e-07
1412405287	2.42e-07
1412405348	2.42e-07
1412405409	2.42e-07
1412405469	2.42e-07
1412405530	2.42e-07
1412405590	2.42e-07
1412405651	2.41e-07
1412405711	2.41e-07
1412405772	2.41e-07
1412405832	2.41e-07
1412405893	2.41e-07
1412405953	2.41e-07
1412406014	2.41e-07
1412406074	2.41e-07
1412406135	2.41e-07
1412406195	2.41e-07
1412406256	2.41e-07
1412406316	2.41e-07
1412406377	2.41e-07
1412406437	2.41e-07
1412406498	2.41e-07
1412406558	2.41e-07
1412406619	2.4e-07
1412406679	2.4e-07
1412406740	2.4e-07
1412406800	2.4e-07
1412406860	2.4e-07
1412406921	2.4e-07
1412406981	2.4e-07
1412407042	2.4e-07
1412407102	2.4e-07
1412407163	2.4e-07
1412407224	2.4e-07
1412407284	2.4e-07
1412407344	2.4e-07
1412407405	2.4e-07
1412407466	2.4e-07
1412407526	2.4e-07
1412407586	2.4e-07
1412407647	2.4e-07
1412407707	2.4e-07
1412407768	2.4e-07
1412407829	2.39e-07
1412407889	2.4e-07
1412407949	2.39e-07
1412408010	2.39e-07
1412408070	2.39e-07
1412408131	2.39e-07
1412408191	2.39e-07
1412408252	2.39e-07
1412408312	2.39e-07
1412408373	2.39e-07
1412408433	2.39e-07
1412408494	2.39e-07
1412408554	2.39e-07
1412408615	2.39e-07
1412408675	2.39e-07
1412408736	2.39e-07
1412408796	2.39e-07
1412408857	2.39e-07
1412408917	2.39e-07
1412408978	2.38e-07
1412409038	2.38e-07
1412409099	2.38e-07
1412409160	2.38e-07
1412409220	2.38e-07
1412409281	2.38e-07
1412409341	2.38e-07
1412409402	2.38e-07
1412409462	2.38e-07
1412409523	2.38e-07
1412409583	2.38e-07
1412409644	2.38e-07
1412409704	2.38e-07
1412409765	2.38e-07
1412409825	2.38e-07
1412409886	2.38e-07
1412409946	2.38e-07
1412410007	2.37e-07
1412410067	2.38e-07
1412410127	2.38e-07
1412410188	2.38e-07
1412410248	2.37e-07
1412410309	2.37e-07
1412410369	2.37e-07
1412410430	2.37e-07
1412410490	2.37e-07
1412410551	2.37e-07
1412410611	2.37e-07
1412410672	2.37e-07
1412410732	2.37e-07
1412410793	2.37e-07
1412410853	2.37e-07
1412410914	2.37e-07
1412410974	2.37e-07
1412411035	2.37e-07
1412411095	2.37e-07
1412411156	2.37e-07
1412411216	2.36e-07
1412411277	2.36e-07
1412411337	2.36e-07
1412411398	2.36e-07
1412411458	2.36e-07
1412411519	2.36e-07
1412411579	2.36e-07
1412411640	2.36e-07
1412411700	2.36e-07
1412411761	2.36e-07
1412411821	2.36e-07
1412411882	2.36e-07
1412411942	2.36e-07
1412412003	2.36e-07
1412412063	2.36e-07
1412412124	2.36e-07
1412412184	2.36e-07
1412412245	2.36e-07
1412412305	2.36e-07
1412412366	2.36e-07
1412412426	2.36e-07
1412412486	2.36e-07
1412412547	2.36e-07
1412412607	2.36e-07
1412412668	2.36e-07
1412412728	2.36e-07
1412412789	2.35e-07
1412412849	2.35e-07
1412412910	2.35e-07
1412412971	2.35e-07
1412413031	2.35e-07
1412413092	2.35e-07
1412413152	2.35e-07
1412413213	2.35e-07
1412413273	2.35e-07
1412413334	2.35e-07
1412413394	2.35e-07
1412413455	2.35e-07
1412413515	2.35e-07
1412413576	2.35e-07
1412413636	2.35e-07
1412413697	2.35e-07
1412413757	2.35e-07
1412413818	2.35e-07
1412413878	2.35e-07
1412413939	2.35e-07
1412413999	2.35e-07
1412414060	2.35e-07
1412414120	2.35e-07
1412414181	2.35e-07
1412414241	2.35e-07
1412414302	2.34e-07
1412414362	2.34e-07
1412414422	2.34e-07
1412414483	2.34e-07
1412414543	2.34e-07
1412414604	2.34e-07
1412414664	2.34e-07
1412414725	2.34e-07
1412414785	2.34e-07
1412414846	2.34e-07
1412414906	2.34e-07
1412414967	2.34e-07
1412415027	2.34e-07
1412415088	2.34e-07
1412415148	2.34e-07
1412415209	2.34e-07
1412415269	2.34e-07
1412415330	2.34e-07
1412415390	2.34e-07
1412415451	2.34e-07
1412415511	2.34e-07
1412415572	2.34e-07
1412415632	2.34e-07
1412415693	2.34e-07
1412415753	2.34e-07
1412415813	2.34e-07
1412415874	2.33e-07
1412415935	2.33e-07
1412415995	2.33e-07
1412416055	2.33e-07
1412416116	2.33e-07
1412416176	2.33e-07
1412416237	2.33e-07
1412416297	2.33e-07
1412416358	2.33e-07
1412416418	2.33e-07
1412416479	2.33e-07
1412416539	2.33e-07
1412416600	2.33e-07
1412416660	2.33e-07
1412416721	2.33e-07
1412416781	2.33e-07
1412416842	2.33e-07
1412416903	2.33e-07
1412416963	2.33e-07
1412417024	2.33e-07
1412417084	2.33e-07
1412417145	2.33e-07
1412417205	2.33e-07
1412417266	2.32e-07
1412417326	2.32e-07
1412417387	2.33e-07
1412417447	2.32e-07
1412417508	2.32e-07
1412417568	2.32e-07
1412417628	2.32e-07
1412417689	2.32e-07
1412417750	2.32e-07
1412417810	2.32e-07
1412417870	2.32e-07
1412417931	2.32e-07
1412417991	2.32e-07
1412418052	2.32e-07
1412418112	2.32e-07
1412418173	2.32e-07
1412418234	2.32e-07
1412418294	2.32e-07
1412418355	2.32e-07
1412418415	2.32e-07
1412418476	2.32e-07
1412418536	2.32e-07
1412418597	2.32e-07
1412418657	2.32e-07
1412418717	2.32e-07
1412418778	2.32e-07
1412418838	2.32e-07
1412418899	2.32e-07
1412418959	2.32e-07
1412419020	2.32e-07
1412419080	2.32e-07
1412419141	2.31e-07
1412419201	2.31e-07
1412419262	2.31e-07
1412419322	2.31e-07
1412419383	2.31e-07
1412419443	2.31e-07
1412419504	2.31e-07
1412419564	2.31e-07
1412419625	2.31e-07
1412419685	2.31e-07
1412419746	2.31e-07
1412419806	2.31e-07
1412419867	2.31e-07
1412419927	2.31e-07
1412419988	2.31e-07
1412420048	2.31e-07
1412420109	2.31e-07
1412420169	2.31e-07
1412420229	2.31e-07
1412420290	2.31e-07
1412420350	2.31e-07
1412420411	2.31e-07
1412420472	2.31e-07
1412420532	2.31e-07
1412420592	2.31e-07
1412420653	2.31e-07
1412420713	2.31e-07
1412420774	2.31e-07
1412420834	2.31e-07
1412420895	2.31e-07
1412420955	2.31e-07
1412421016	2.31e-07
1412421076	2.31e-07
1412421137	2.31e-07
1412421197	2.31e-07
1412421258	2.3e-07
1412421318	2.3e-07
1412421379	2.3e-07
1412421440	2.3e-07
1412421500	2.3e-07
1412421561	2.3e-07
1412421621	2.3e-07
1412421682	2.3e-07
1412421742	2.3e-07
1412421803	2.3e-07
1412421863	2.3e-07
1412421924	2.3e-07
1412421984	2.3e-07
1412422045	2.3e-07
1412422105	2.3e-07
1412422165	2.3e-07
1412422226	2.3e-07
1412422286	2.3e-07
1412422347	2.3e-07
1412422407	2.3e-07
1412422468	2.3e-07
1412422528	2.3e-07
1412422589	2.3e-07
1412422650	2.3e-07
1412422710	2.3e-07
1412422771	2.3e-07
1412422831	2.3e-07
1412422892	2.3e-07
1412422952	2.3e-07
1412423013	2.3e-07
1412423073	2.3e-07
1412423134	2.3e-07
1412423194	2.3e-07
1412423255	2.3e-07
1412423315	2.3e-07
1412423376	2.29e-07
1412423436	2.29e-07
1412423497	2.29e-07
1412423557	2.29e-07
1412423618	2.29e-07
1412423678	2.29e-07
1412423738	2.29e-07
1412423799	2.29e-07
1412423859	2.29e-07
1412423920	2.29e-07
1412423980	2.29e-07
1412424041	2.3e-07
1412424101	2.3e-07
1412424162	2.3e-07
1412424222	2.29e-07
1412424283	2.29e-07
1412424343	2.29e-07
1412424404	2.29e-07
1412424464	2.29e-07
1412424525	2.29e-07
1412424585	2.29e-07
1412424646	2.29e-07
1412424706	2.29e-07
1412424767	2.29e-07
1412424827	2.29e-07
1412424888	2.29e-07
1412424948	2.29e-07
1412425009	2.29e-07
1412425069	2.29e-07
1412425130	2.29e-07
1412425190	2.29e-07
1412425251	2.29e-07
1412425311	2.29e-07
1412425371	2.29e-07
1412425432	2.29e-07
1412425493	2.29e-07
1412425553	2.29e-07
1412425614	2.29e-07
1412425674	2.29e-07
1412425734	2.29e-07
1412425795	2.29e-07
1412425855	2.29e-07
1412425916	2.29e-07
1412425977	2.29e-07
1412426037	2.29e-07
1412426098	2.29e-07
1412426158	2.29e-07
1412426219	2.29e-07
1412426279	2.29e-07
1412426339	2.29e-07
1412426400	2.29e-07
1412426460	2.29e-07
1412426521	2.28e-07
1412426581	2.28e-07
1412426642	2.28e-07
1412426702	2.28e-07
1412426763	2.28e-07
1412426823	2.28e-07
1412426884	2.28e-07
1412426944	2.28e-07
1412427005	2.28e-07
1412427065	2.28e-07
1412427126	2.28e-07
1412427186	2.28e-07
1412427247	2.28e-07
1412427307	2.28e-07
1412427368	2.28e-07
1412427428	2.28e-07
1412427489	2.28e-07
1412427549	2.28e-07
1412427610	2.28e-07
1412427670	2.28e-07
1412427731	2.28e-07
1412427791	2.28e-07
1412427852	2.28e-07
1412427912	2.28e-07
1412427973	2.28e-07
1412428033	2.28e-07
1412428094	2.28e-07
1412428154	2.28e-07
1412428215	2.28e-07
1412428275	2.28e-07
1412428336	2.28e-07
1412428396	2.28e-07
1412428457	2.28e-07
1412428517	2.28e-07
1412428577	2.28e-07
1412428638	2.28e-07
1412428699	2.28e-07
1412428759	2.28e-07
1412428819	2.28e-07
1412428880	2.28e-07
1412428940	2.28e-07
1412429001	2.28e-07
1412429061	2.28e-07
1412429122	2.28e-07
1412429183	2.27e-07
1412429243	2.27e-07
1412429303	2.27e-07
1412429364	2.27e-07
1412429424	2.27e-07
1412429485	2.27e-07
1412429545	2.27e-07
1412429606	2.27e-07
1412429666	2.27e-07
1412429727	2.27e-07
1412429787	2.27e-07
1412429848	2.27e-07
1412429908	2.27e-07
1412429969	2.27e-07
1412430029	2.27e-07
1412430090	2.27e-07
1412430150	2.27e-07
1412430211	2.27e-07
1412430271	2.27e-07
1412430332	2.27e-07
1412430392	2.27e-07
1412430453	2.27e-07
1412430513	2.27e-07
1412430574	2.27e-07
1412430634	2.27e-07
1412430695	2.27e-07
1412430755	2.27e-07
1412430816	2.27e-07
1412430876	2.27e-07
1412430937	2.27e-07
1412430997	2.27e-07
1412431058	2.27e-07
1412431118	2.27e-07
1412431179	2.27e-07
1412431239	2.27e-07
1412431300	2.27e-07
1412431360	2.27e-07
1412431421	2.27e-07
1412431481	2.27e-07
1412431542	2.27e-07
1412431602	2.27e-07
1412431663	2.27e-07
1412431723	2.27e-07
1412431784	2.27e-07
1412431844	2.27e-07
1412431904	2.27e-07
1412431965	2.27e-07
1412432026	2.27e-07
1412432086	2.27e-07
1412432146	2.27e-07
1412432207	2.26e-07
1412432267	2.26e-07
1412432328	2.26e-07
1412432388	2.26e-07
1412432449	2.26e-07
1412432509	2.26e-07
1412432570	2.26e-07
1412432630	2.27e-07
1412432691	2.26e-07
1412432751	2.26e-07
1412432812	2.26e-07
1412432872	2.26e-07
1412432933	2.26e-07
1412432993	2.26e-07
1412433054	2.26e-07
1412433114	2.26e-07
1412433175	2.26e-07
1412433235	2.26e-07
1412433296	2.26e-07
1412433356	2.26e-07
1412433417	2.26e-07
1412433477	2.26e-07
1412433538	2.26e-07
1412433598	2.26e-07
1412433659	2.26e-07
1412433719	2.26e-07
1412433780	2.26e-07
1412433840	2.26e-07
1412433901	2.26e-07
1412433961	2.26e-07
1412434022	2.26e-07
1412434082	2.26e-07
1412434143	2.26e-07
1412434203	2.26e-07
1412434264	2.26e-07
1412434324	2.26e-07
1412434385	2.26e-07
1412434445	2.26e-07
1412434506	2.26e-07
1412434566	2.26e-07
1412434627	2.25e-07
1412434687	2.26e-07
1412434748	2.26e-07
1412434808	2.25e-07
1412434868	2.25e-07
1412434929	2.25e-07
1412434989	2.25e-07
1412435050	2.25e-07
1412435110	2.25e-07
1412435171	2.25e-07
1412435231	2.25e-07
1412435292	2.25e-07
1412435352	2.25e-07
1412435413	2.25e-07
1412435474	2.25e-07
1412435534	2.25e-07
1412435594	2.25e-07
1412435655	2.25e-07
1412435716	2.25e-07
1412435776	2.25e-07
1412435836	2.25e-07
1412435897	2.25e-07
1412435957	2.25e-07
1412436018	2.25e-07
1412436078	2.25e-07
1412436139	2.25e-07
1412436199	2.25e-07
1412436260	2.25e-07
1412436320	2.25e-07
1412436381	2.25e-07
1412436441	2.25e-07
1412436502	2.25e-07
1412436562	2.25e-07
1412436623	2.25e-07
1412436683	2.25e-07
1412436744	2.25e-07
1412436804	2.25e-07
1412436865	2.25e-07
1412436925	2.25e-07
1412436986	2.25e-07
1412437046	2.25e-07
1412437107	2.25e-07
1412437168	2.25e-07
1412437228	2.25e-07
1412437289	2.25e-07
1412437349	2.25e-07
1412437410	2.25e-07
1412437470	2.25e-07
1412437531	2.25e-07
1412437591	2.25e-07
1412437652	2.25e-07
1412437712	2.25e-07
1412437773	2.25e-07
1412437833	2.25e-07
1412437894	2.25e-07
1412437954	2.25e-07
1412438015	2.25e-07
1412438075	2.25e-07
1412438136	2.25e-07
1412438196	2.25e-07
1412438257	2.25e-07
1412438317	2.25e-07
1412438378	2.25e-07
1412438438	2.25e-07
1412438499	2.25e-07
1412438559	2.24e-07
1412438620	2.24e-07
1412438680	2.25e-07
1412438741	2.24e-07
1412438801	2.24e-07
1412438861	2.24e-07
1412438922	2.25e-07
1412438982	2.24e-07
1412439043	2.24e-07
1412439104	2.24e-07
1412439164	2.24e-07
1412439225	2.24e-07
1412439285	2.24e-07
1412439345	2.24e-07
1412439406	2.24e-07
1412439466	2.24e-07
1412439527	2.24e-07
1412439587	2.24e-07
1412439648	2.24e-07
1412439708	2.24e-07
1412439769	2.24e-07
1412439829	2.24e-07
1412439890	2.24e-07
1412439950	2.24e-07
1412440011	2.24e-07
1412440071	2.24e-07
1412440132	2.24e-07
1412440192	2.24e-07
1412440253	2.24e-07
1412440313	2.24e-07
1412440374	2.24e-07
1412440434	2.24e-07
1412440495	2.24e-07
1412440555	2.24e-07
1412440616	2.24e-07
1412440676	2.24e-07
1412440736	2.24e-07
1412440797	2.24e-07
1412440857	2.24e-07
1412440918	2.24e-07
1412440979	2.24e-07
1412441039	2.24e-07
1412441099	2.24e-07
1412441160	2.24e-07
1412441220	2.24e-07
1412441281	2.24e-07
1412441341	2.24e-07
1412441402	2.24e-07
1412441463	2.24e-07
1412441523	2.24e-07
1412441583	2.24e-07
1412441644	2.24e-07
1412441704	2.24e-07
1412441765	2.24e-07
1412441825	2.24e-07
1412441886	2.24e-07
1412441946	2.24e-07
1412442007	2.24e-07
1412442067	2.24e-07
1412442128	2.24e-07
1412442188	2.24e-07
1412442249	2.24e-07
1412442309	2.23e-07
1412442370	2.23e-07
1412442430	2.23e-07
1412442491	2.23e-07
1412442551	2.23e-07
1412442612	2.23e-07
1412442672	2.23e-07
1412442733	2.23e-07
1412442793	2.23e-07
1412442854	2.23e-07
1412442914	2.23e-07
1412442975	2.23e-07
1412443035	2.23e-07
1412443096	2.23e-07
1412443156	2.23e-07
1412443217	2.23e-07
1412443277	2.23e-07
1412443338	2.23e-07
1412443398	2.23e-07
1412443458	2.23e-07
1412443519	2.23e-07
1412443579	2.23e-07
1412443640	2.23e-07
1412443700	2.23e-07
1412443761	2.23e-07
1412443821	2.23e-07
1412443882	2.23e-07
1412443942	2.23e-07
1412444003	2.23e-07
1412444063	2.23e-07
1412444124	2.23e-07
1412444184	2.23e-07
1412444245	2.23e-07
1412444305	2.23e-07
1412444366	2.23e-07
1412444426	2.23e-07
1412444487	2.23e-07
1412444547	2.23e-07
1412444608	2.23e-07
1412444668	2.23e-07
1412444729	2.23e-07
1412444789	2.23e-07
1412444850	2.23e-07
1412444910	2.23e-07
1412444971	2.23e-07
1412445031	2.23e-07
1412445092	2.23e-07
1412445152	2.23e-07
1412445213	2.23e-07
1412445273	2.23e-07
1412445334	2.23e-07
1412445394	2.23e-07
1412445455	2.23e-07
1412445515	2.23e-07
1412445576	2.23e-07
1412445636	2.23e-07
1412445697	2.23e-07
1412445757	2.23e-07
1412445818	2.23e-07
1412445878	2.23e-07
1412445939	2.23e-07
1412445999	2.23e-07
1412446060	2.23e-07
1412446120	2.23e-07
1412446181	2.23e-07
1412446241	2.23e-07
1412446302	2.23e-07
1412446362	2.23e-07
1412446423	2.23e-07
1412446483	2.23e-07
1412446543	2.23e-07
1412446604	2.23e-07
1412446664	2.23e-07
1412446725	2.23e-07
1412446785	2.23e-07
1412446846	2.23e-07
1412446906	2.23e-07
1412446967	2.23e-07
1412447027	2.23e-07
1412447088	2.23e-07
1412447148	2.23e-07
1412447209	2.23e-07
1412447269	2.23e-07
1412447330	2.23e-07
1412447390	2.22e-07
1412447451	2.22e-07
1412447511	2.21e-07
1412447572	2.24e-07
1412447632	2.23e-07
1412447693	2.23e-07
1412447753	2.23e-07
1412447814	2.23e-07
1412447874	2.23e-07
1412447935	2.23e-07
1412447995	2.23e-07
1412448056	2.23e-07
1412448116	2.23e-07
1412448177	2.23e-07
1412448237	2.22e-07
1412448298	2.22e-07
1412448358	2.22e-07
1412448419	2.22e-07
1412448479	2.22e-07
1412448540	2.22e-07
1412448600	2.22e-07
1412448661	2.22e-07
1412448721	2.22e-07
1412448782	2.22e-07
1412448842	2.22e-07
1412448902	2.22e-07
1412448963	2.22e-07
1412449023	2.22e-07
1412449084	2.22e-07
1412449144	2.22e-07
1412449205	2.22e-07
1412449265	2.22e-07
1412449326	2.22e-07
1412449386	2.22e-07
1412449447	2.22e-07
1412449507	2.22e-07
1412449568	2.22e-07
1412449628	2.22e-07
1412449689	2.22e-07
1412449749	2.22e-07
1412449810	2.22e-07
1412449870	2.22e-07
1412449931	2.22e-07
1412449991	2.22e-07
1412450052	2.22e-07
1412450112	2.22e-07
1412450173	2.22e-07
1412450233	2.22e-07
1412450294	2.22e-07
1412450354	2.22e-07
1412450415	2.22e-07
1412450475	2.22e-07
1412450536	2.22e-07
1412450596	2.22e-07
1412450657	2.22e-07
1412450717	2.22e-07
1412450778	2.22e-07
1412450838	2.22e-07
1412450899	2.22e-07
1412450959	2.22e-07
1412451019	2.22e-07
1412451080	2.22e-07
1412451140	2.22e-07
1412451201	2.22e-07
1412451262	2.22e-07
1412451322	2.22e-07
1412451383	2.22e-07
1412451443	2.22e-07
1412451504	2.22e-07
1412451564	2.22e-07
1412451625	2.22e-07
1412451685	2.22e-07
1412451746	2.22e-07
1412451806	2.22e-07
1412451867	2.22e-07
1412451927	2.22e-07
1412451988	2.22e-07
1412452048	2.22e-07
1412452109	2.22e-07
1412452169	2.22e-07
1412452230	2.22e-07
1412452290	2.22e-07
1412452350	2.22e-07
1412452411	2.22e-07
1412452471	2.22e-07
1412452532	2.22e-07
1412452592	2.22e-07
1412452653	2.22e-07
1412452713	2.22e-07
1412452774	2.22e-07
1412452834	2.22e-07
1412452895	2.22e-07
1412452955	2.22e-07
1412453016	2.22e-07
1412453076	2.22e-07
1412453137	2.22e-07
1412453197	2.22e-07
1412453258	2.22e-07
1412453318	2.22e-07
1412453379	2.22e-07
1412453439	2.22e-07
1412453500	2.22e-07
1412453560	2.22e-07
1412453620	2.22e-07
1412453681	2.22e-07
1412453741	2.22e-07
1412453802	2.22e-07
1412453862	2.22e-07
1412453923	2.22e-07
1412453984	2.22e-07
1412454044	2.22e-07
1412454105	2.22e-07
1412454165	2.22e-07
1412454225	2.22e-07
1412454286	2.22e-07
1412454346	2.22e-07
1412454407	2.22e-07
1412454467	2.22e-07
1412454528	2.22e-07
1412454588	2.22e-07
1412454649	2.22e-07
1412454709	2.22e-07
1412454770	2.22e-07
1412454831	2.21e-07
1412454891	2.21e-07
1412454952	2.21e-07
1412455012	2.21e-07
1412455073	2.21e-07
1412455133	2.21e-07
1412455193	2.21e-07
1412455254	2.21e-07
1412455314	2.21e-07
1412455375	2.21e-07
1412455435	2.21e-07
1412455496	2.21e-07
1412455556	2.21e-07
1412455617	2.21e-07
1412455677	2.21e-07
1412455738	2.21e-07
1412455798	2.21e-07
1412455859	2.21e-07
1412455919	2.21e-07
1412455980	2.21e-07
1412456041	2.21e-07
1412456101	2.21e-07
1412456162	2.21e-07
1412456222	2.21e-07
1412456282	2.21e-07
1412456343	2.21e-07
1412456403	2.21e-07
1412456464	2.21e-07
1412456524	2.21e-07
1412456585	2.21e-07
1412456645	2.21e-07
1412456706	2.21e-07
1412456766	2.21e-07
1412456827	2.21e-07
1412456887	2.21e-07
1412456948	2.21e-07
1412457008	2.21e-07
1412457069	2.21e-07
1412457129	2.21e-07
1412457190	2.21e-07
1412457250	2.21e-07
1412457311	2.21e-07
1412457371	2.21e-07
1412457432	2.21e-07
1412457492	2.21e-07
1412457553	2.21e-07
1412457613	2.21e-07
1412457674	2.21e-07
1412457734	2.21e-07
1412457794	2.21e-07
1412457855	2.21e-07
1412457915	2.21e-07
1412457976	2.21e-07
1412458036	2.21e-07
1412458097	2.21e-07
1412458157	2.21e-07
1412458218	2.21e-07
1412458278	2.21e-07
1412458339	2.21e-07
1412458399	2.21e-07
1412458460	2.21e-07
1412458520	2.21e-07
1412458581	2.21e-07
1412458641	2.21e-07
1412458702	2.21e-07
1412458762	2.21e-07
1412458823	2.21e-07
1412458883	2.21e-07
1412458944	2.21e-07
1412459004	2.21e-07
1412459065	2.21e-07
1412459125	2.21e-07
1412459186	2.21e-07
1412459246	2.21e-07
1412459307	2.21e-07
1412459367	2.21e-07
1412459428	2.21e-07
1412459488	2.21e-07
1412459549	2.21e-07
1412459609	2.21e-07
1412459670	2.21e-07
1412459730	2.21e-07
1412459791	2.21e-07
1412459851	2.21e-07
1412459912	2.21e-07
1412459972	2.21e-07
1412460033	2.21e-07
1412460093	2.21e-07
1412460154	2.21e-07
1412460214	2.21e-07
1412460275	2.21e-07
1412460335	2.21e-07
1412460396	2.21e-07
1412460456	2.21e-07
1412460517	2.21e-07
1412460577	2.21e-07
1412460638	2.21e-07
1412460698	2.21e-07
1412460759	2.21e-07
1412460819	2.21e-07
1412460880	2.21e-07
1412460940	2.21e-07
1412461000	2.21e-07
1412461061	2.21e-07
1412461121	2.21e-07
1412461182	2.21e-07
1412461242	2.21e-07
1412461303	2.21e-07
1412461363	2.21e-07
1412461424	2.2e-07
1412461484	2.2e-07
1412461544	2.2e-07
1412461605	2.2e-07
1412461665	2.2e-07
1412461726	2.2e-07
1412461786	2.2e-07
1412461847	2.2e-07
1412461907	2.2e-07
1412461968	2.2e-07
1412462028	2.2e-07
1412462089	2.2e-07
1412462149	2.2e-07
1412462210	2.2e-07
1412462270	2.2e-07
1412462331	2.2e-07
1412462391	2.2e-07
1412462452	2.2e-07
1412462512	2.21e-07
1412462573	2.2e-07
1412462633	2.2e-07
1412462694	2.2e-07
1412462754	2.2e-07
1412462815	2.2e-07
1412462875	2.21e-07
1412462936	2.2e-07
1412462996	2.2e-07
1412463057	2.2e-07
1412463117	2.2e-07
1412463178	2.2e-07
1412463238	2.2e-07
1412463299	2.2e-07
1412463359	2.2e-07
1412463420	2.2e-07
1412463480	2.2e-07
1412463540	2.2e-07
1412463601	2.2e-07
1412463661	2.2e-07
1412463722	2.2e-07
1412463782	2.2e-07
1412463843	2.2e-07
1412463903	2.2e-07
1412463964	2.2e-07
1412464024	2.2e-07
1412464085	2.2e-07
1412464145	2.2e-07
1412464206	2.2e-07
1412464266	2.2e-07
1412464327	2.2e-07
1412464387	2.2e-07
1412464448	2.2e-07
1412464508	2.2e-07
1412464568	2.2e-07
1412464629	2.2e-07
1412464689	2.2e-07
1412464750	2.2e-07
1412464810	2.2e-07
1412464871	2.2e-07
1412464931	2.2e-07
1412464992	2.2e-07
1412465052	2.2e-07
1412465113	2.2e-07
1412465173	2.2e-07
1412465234	2.2e-07
1412465294	2.2e-07
1412465354	2.2e-07
1412465415	2.2e-07
1412465475	2.2e-07
1412465536	2.2e-07
1412465596	2.2e-07
1412465657	2.2e-07
1412465717	2.2e-07
1412465778	2.2e-07
1412465838	2.2e-07
1412465899	2.2e-07
1412465959	2.2e-07
1412466020	2.2e-07
1412466080	2.2e-07
1412466141	2.2e-07
1412466201	2.2e-07
1412466262	2.2e-07
1412466322	2.2e-07
1412466383	2.2e-07
1412466443	2.2e-07
1412466504	2.2e-07
1412466565	2.2e-07
1412466625	2.2e-07
1412466686	2.2e-07
1412466746	2.2e-07
1412466807	2.2e-07
1412466867	2.2e-07
1412466928	2.2e-07
1412466988	2.2e-07
1412467049	2.2e-07
1412467109	2.2e-07
1412467170	2.2e-07
1412467230	2.2e-07
1412467291	2.2e-07
1412467351	2.19e-07
1412467411	2.19e-07
1412467472	2.19e-07
1412467532	2.19e-07
1412467593	2.19e-07
1412467653	2.19e-07
1412467714	2.19e-07
1412467774	2.19e-07
1412467835	2.19e-07
1412467895	2.19e-07
1412467956	2.19e-07
1412468016	2.19e-07
1412468077	2.19e-07
1412468137	2.19e-07
1412468198	2.19e-07
1412468258	2.19e-07
1412468319	2.19e-07
1412468379	2.19e-07
1412468440	2.19e-07
1412468500	2.19e-07
1412468561	2.19e-07
1412468621	2.19e-07
1412468682	2.19e-07
1412468742	2.19e-07
1412468803	2.19e-07
1412468863	2.19e-07
1412468924	2.19e-07
1412468984	2.19e-07
1412469045	2.19e-07
1412469105	2.19e-07
1412469166	2.19e-07
1412469226	2.19e-07
1412469287	2.19e-07
1412469348	2.19e-07
1412469408	2.19e-07
1412469469	2.19e-07
1412469529	2.19e-07
1412469590	2.19e-07
1412469650	2.19e-07
1412469711	2.19e-07
1412469771	2.19e-07
1412469832	2.19e-07
1412469892	2.19e-07
1412469953	2.19e-07
1412470013	2.19e-07
1412470074	2.19e-07
1412470134	2.19e-07
1412470195	2.19e-07
1412470255	2.19e-07
1412470316	2.19e-07
1412470376	2.19e-07
1412470437	2.19e-07
1412470497	2.19e-07
1412470558	2.19e-07
1412470618	2.19e-07
1412470679	2.19e-07
1412470739	2.19e-07
1412470800	2.19e-07
1412470860	2.19e-07
1412470921	2.19e-07
1412470981	2.19e-07
1412471042	2.19e-07
1412471102	2.19e-07
1412471163	2.19e-07
1412471223	2.19e-07
1412471284	2.19e-07
1412471344	2.19e-07
1412471405	2.19e-07
1412471465	2.19e-07
1412471526	2.19e-07
1412471586	2.19e-07
1412471647	2.19e-07
1412471707	2.19e-07
1412471768	2.19e-07
1412471828	2.18e-07
1412471889	2.18e-07
1412471949	2.18e-07
1412472010	2.18e-07
1412472070	2.18e-07
1412472131	2.18e-07
1412472191	2.19e-07
1412472252	2.18e-07
1412472312	2.18e-07
1412472372	2.18e-07
1412472433	2.18e-07
1412472493	2.18e-07
1412472554	2.18e-07
1412472614	2.18e-07
1412472675	2.18e-07
1412472735	2.18e-07
1412472796	2.18e-07
1412472856	2.18e-07
1412472917	2.18e-07
1412472977	2.18e-07
1412473038	2.18e-07
1412473098	2.18e-07
1412473159	2.18e-07
1412473219	2.18e-07
1412473280	2.18e-07
1412473340	2.18e-07
1412473401	2.18e-07
1412473461	2.18e-07
1412473521	2.18e-07
1412473582	2.18e-07
1412473643	2.18e-07
1412473703	2.18e-07
1412473764	2.18e-07
1412473824	2.18e-07
1412473885	2.18e-07
1412473945	2.18e-07
1412474006	2.18e-07
1412474066	2.18e-07
1412474127	2.18e-07
1412474187	2.18e-07
1412474248	2.18e-07
1412474308	2.18e-07
1412474369	2.18e-07
1412474429	2.18e-07
1412474490	2.18e-07
1412474550	2.18e-07
1412474611	2.18e-07
1412474671	2.18e-07
1412474732	2.18e-07
1412474792	2.18e-07
1412474853	2.18e-07
1412474913	2.18e-07
1412474974	2.18e-07
1412475034	2.18e-07
1412475095	2.18e-07
1412475156	2.18e-07
1412475216	2.18e-07
1412475277	2.18e-07
1412475337	2.18e-07
1412475398	2.18e-07
1412475458	2.18e-07
1412475519	2.18e-07
1412475579	2.18e-07
1412475639	2.18e-07
1412475700	2.18e-07
1412475761	2.18e-07
1412475821	2.18e-07
1412475882	2.18e-07
1412475942	2.18e-07
1412476003	2.18e-07
1412476063	2.18e-07
1412476123	2.18e-07
1412476184	2.18e-07
1412476244	2.18e-07
1412476305	2.18e-07
1412476365	2.18e-07
1412476426	2.17e-07
1412476486	2.17e-07
1412476547	2.17e-07
1412476607	2.17e-07
1412476668	2.17e-07
1412476728	2.17e-07
1412476789	2.17e-07
1412476850	2.17e-07
1412476910	2.17e-07
1412476970	2.17e-07
1412477031	2.17e-07
1412477091	2.17e-07
1412477152	2.17e-07
1412477212	2.17e-07
1412477273	2.17e-07
1412477333	2.17e-07
1412477394	2.17e-07
1412477454	2.17e-07
1412477515	2.17e-07
1412477575	2.17e-07
1412477636	2.17e-07
1412477696	2.17e-07
1412477757	2.17e-07
1412477817	2.17e-07
1412477878	2.17e-07
1412477938	2.17e-07
1412477999	2.17e-07
1412478059	2.17e-07
1412478120	2.17e-07
1412478180	2.17e-07
1412478241	2.17e-07
1412478301	2.17e-07
1412478361	2.17e-07
1412478422	2.17e-07
1412478482	2.17e-07
1412478543	2.17e-07
1412478603	2.17e-07
1412478664	2.17e-07
1412478724	2.17e-07
1412478785	2.17e-07
1412478845	2.17e-07
1412478906	2.17e-07
1412478966	2.17e-07
1412479026	2.17e-07
1412479087	2.17e-07
1412479148	2.17e-07
1412479208	2.17e-07
1412479268	2.17e-07
1412479329	2.17e-07
1412479389	2.17e-07
1412479450	2.17e-07
1412479510	2.17e-07
1412479571	2.17e-07
1412479632	2.17e-07
1412479692	2.17e-07
1412479753	2.17e-07
1412479813	2.17e-07
1412479874	2.17e-07
1412479934	2.17e-07
1412479995	2.17e-07
1412480055	2.17e-07
1412480116	2.17e-07
1412480176	2.17e-07
1412480237	2.17e-07
1412480297	2.17e-07
1412480357	2.17e-07
1412480418	2.17e-07
1412480478	2.17e-07
1412480539	2.17e-07
1412480599	2.17e-07
1412480660	2.17e-07
1412480720	2.17e-07
1412480781	2.17e-07
1412480841	2.17e-07
1412480902	2.17e-07
1412480962	2.16e-07
1412481023	2.16e-07
1412481083	2.16e-07
1412481144	2.16e-07
1412481204	2.16e-07
1412481265	2.16e-07
1412481325	2.16e-07
1412481386	2.16e-07
1412481446	2.16e-07
1412481507	2.16e-07
1412481567	2.16e-07
1412481628	2.16e-07
1412481688	2.16e-07
1412481748	2.16e-07
1412481809	2.16e-07
1412481869	2.16e-07
1412481930	2.16e-07
1412481990	2.16e-07
1412482051	2.16e-07
1412482111	2.16e-07
1412482172	2.16e-07
1412482232	2.16e-07
1412482293	2.16e-07
1412482353	2.16e-07
1412482414	2.16e-07
1412482474	2.16e-07
1412482535	2.16e-07
1412482595	2.16e-07
1412482656	2.16e-07
1412482716	2.16e-07
1412482777	2.16e-07
1412482837	2.16e-07
1412482898	2.16e-07
1412482958	2.16e-07
1412483019	2.16e-07
1412483079	2.16e-07
1412483140	2.16e-07
1412483200	2.16e-07
1412483261	2.16e-07
1412483321	2.16e-07
1412483382	2.16e-07
1412483442	2.16e-07
1412483503	2.16e-07
1412483563	2.16e-07
1412483624	2.16e-07
1412483684	2.16e-07
1412483745	2.16e-07
1412483805	2.16e-07
1412483866	2.16e-07
1412483926	2.16e-07
1412483987	2.16e-07
1412484047	2.15e-07
1412484108	2.16e-07
1412484168	2.15e-07
1412484229	2.15e-07
1412484289	2.15e-07
1412484350	2.15e-07
1412484410	2.15e-07
1412484471	2.15e-07
1412484531	2.15e-07
1412484592	2.15e-07
1412484652	2.15e-07
1412484713	2.15e-07
1412484773	2.15e-07
1412484834	2.15e-07
1412484894	2.15e-07
1412484955	2.15e-07
1412485015	2.15e-07
1412485076	2.15e-07
1412485136	2.15e-07
1412485197	2.15e-07
1412485257	2.15e-07
1412485318	2.15e-07
1412485378	2.15e-07
1412485439	2.15e-07
1412485499	2.15e-07
1412485560	2.15e-07
1412485620	2.15e-07
1412485681	2.15e-07
1412485741	2.15e-07
1412485802	2.15e-07
1412485862	2.15e-07
1412485923	2.15e-07
1412485983	2.15e-07
1412486044	2.15e-07
1412486104	2.15e-07
1412486165	2.15e-07
1412486225	2.15e-07
1412486286	2.15e-07
1412486346	2.15e-07
1412486407	2.15e-07
1412486467	2.15e-07
1412486528	2.15e-07
1412486588	2.15e-07
1412486649	2.15e-07
1412486709	2.15e-07
1412486770	2.15e-07
1412486830	2.15e-07
1412486891	2.15e-07
1412486951	2.15e-07
1412487012	2.15e-07
1412487072	2.15e-07
1412487133	2.15e-07
1412487193	2.15e-07
1412487254	2.15e-07
1412487314	2.15e-07
1412487375	2.15e-07
1412487435	2.14e-07
1412487496	2.14e-07
1412487556	2.14e-07
1412487617	2.14e-07
1412487677	2.14e-07
1412487738	2.14e-07
1412487798	2.14e-07
1412487859	2.14e-07
1412487919	2.14e-07
1412487980	2.14e-07
1412488040	2.14e-07
1412488100	2.14e-07
1412488161	2.14e-07
1412488221	2.14e-07
1412488282	2.14e-07
1412488342	2.14e-07
1412488403	2.14e-07
1412488463	2.14e-07
1412488524	2.14e-07
1412488584	2.14e-07
1412488645	2.14e-07
1412488705	2.14e-07
1412488766	2.14e-07
1412488826	2.14e-07
1412488887	2.14e-07
1412488947	2.14e-07
1412489007	2.14e-07
1412489068	2.14e-07
1412489128	2.14e-07
1412489189	2.14e-07
1412489249	2.14e-07
1412489310	2.14e-07
1412489370	2.14e-07
1412489431	2.14e-07
1412489491	2.14e-07
1412489552	2.14e-07
1412489613	2.14e-07
1412489673	2.14e-07
1412489734	2.14e-07
1412489794	2.14e-07
1412489855	2.14e-07
1412489915	2.14e-07
1412489976	2.14e-07
1412490036	2.14e-07
1412490097	2.14e-07
1412490157	2.14e-07
1412490218	2.14e-07
1412490278	2.14e-07
1412490339	2.14e-07
1412490399	2.14e-07
1412490460	2.14e-07
1412490520	2.14e-07
1412490581	2.14e-07
1412490641	2.14e-07
1412490702	2.14e-07
1412490762	2.14e-07
1412490823	2.14e-07
1412490883	2.14e-07
1412490944	2.14e-07
1412491004	2.14e-07
1412491065	2.14e-07
1412491125	2.14e-07
1412491186	2.13e-07
1412491246	2.13e-07
1412491307	2.13e-07
1412491367	2.13e-07
1412491428	2.13e-07
1412491488	2.13e-07
1412491549	2.13e-07
1412491609	2.13e-07
1412491670	2.13e-07
1412491730	2.13e-07
1412491791	2.13e-07
1412491851	2.13e-07
1412491912	2.13e-07
1412491972	2.13e-07
1412492033	2.13e-07
1412492093	2.13e-07
1412492154	2.13e-07
1412492214	2.13e-07
1412492275	2.13e-07
1412492335	2.13e-07
1412492396	2.13e-07
1412492456	2.13e-07
1412492517	2.13e-07
1412492577	2.13e-07
1412492638	2.13e-07
1412492698	2.13e-07
1412492758	2.13e-07
1412492819	2.13e-07
1412492879	2.13e-07
1412492940	2.13e-07
1412493000	2.13e-07
1412493061	2.13e-07
1412493121	2.13e-07
1412493182	2.13e-07
1412493242	2.13e-07
1412493303	2.13e-07
1412493363	2.13e-07
1412493424	2.13e-07
1412493484	2.13e-07
1412493545	2.13e-07
1412493605	2.13e-07
1412493666	2.13e-07
1412493727	2.13e-07
1412493787	2.12e-07
1412493848	2.12e-07
1412493908	2.12e-07
1412493969	2.12e-07
1412494029	2.12e-07
1412494090	2.12e-07
1412494150	2.12e-07
1412494211	2.12e-07
1412494271	2.12e-07
1412494331	2.12e-07
1412494392	2.12e-07
1412494452	2.12e-07
1412494513	2.12e-07
1412494573	2.12e-07
1412494634	2.12e-07
1412494694	2.12e-07
1412494755	2.12e-07
1412494815	2.12e-07
1412494876	2.12e-07
1412494936	2.12e-07
1412494997	2.12e-07
1412495057	2.12e-07
1412495118	2.12e-07
1412495178	2.12e-07
1412495239	2.12e-07
1412495299	2.12e-07
1412495360	2.12e-07
1412495420	2.12e-07
1412495481	2.11e-07
1412495541	2.12e-07
1412495602	2.12e-07
1412495662	2.11e-07
1412495723	2.11e-07
1412495783	2.11e-07
1412495844	2.11e-07
1412495904	2.11e-07
1412495965	2.11e-07
1412496025	2.11e-07
1412496086	2.11e-07
1412496146	2.11e-07
1412496207	2.11e-07
1412496267	2.11e-07
1412496328	2.11e-07
1412496388	2.11e-07
1412496449	2.11e-07
1412496509	2.11e-07
1412496570	2.11e-07
1412496630	2.11e-07
1412496691	2.11e-07
1412496751	2.11e-07
1412496812	2.11e-07
1412496872	2.11e-07
1412496933	2.11e-07
1412496993	2.11e-07
1412497054	2.11e-07
1412497114	2.11e-07
1412497175	2.11e-07
1412497235	2.11e-07
1412497295	2.11e-07
1412497356	2.11e-07
1412497416	2.11e-07
1412497477	2.11e-07
1412497537	2.11e-07
1412497598	2.11e-07
1412497658	2.11e-07
1412497719	2.1e-07
1412497779	2.1e-07
1412497840	2.1e-07
1412497900	2.1e-07
1412497961	2.1e-07
1412498021	2.1e-07
1412498082	2.1e-07
1412498142	2.1e-07
1412498203	2.1e-07
1412498263	2.1e-07
1412498324	2.1e-07
1412498384	2.1e-07
1412498445	2.1e-07
1412498505	2.1e-07
1412498566	2.1e-07
1412498627	2.1e-07
1412498687	2.1e-07
1412498748	2.1e-07
1412498808	2.1e-07
1412498868	2.1e-07
1412498929	2.1e-07
1412498989	2.1e-07
1412499050	2.1e-07
1412499110	2.1e-07
1412499171	2.1e-07
1412499231	2.1e-07
1412499292	2.1e-07
1412499352	2.1e-07
1412499413	2.1e-07
1412499473	2.1e-07
1412499534	2.09e-07
1412499594	2.09e-07
1412499655	2.09e-07
1412499715	2.09e-07
1412499776	2.09e-07
1412499836	2.09e-07
1412499897	2.09e-07
1412499957	2.09e-07
1412500018	2.09e-07
1412500078	2.09e-07
1412500139	2.09e-07
1412500199	2.09e-07
1412500260	2.09e-07
1412500320	2.09e-07
1412500381	2.09e-07
1412500441	2.09e-07
1412500502	2.09e-07
1412500562	2.09e-07
1412500623	2.09e-07
1412500683	2.09e-07
1412500744	2.09e-07
1412500804	2.09e-07
1412500865	2.09e-07
1412500925	2.09e-07
1412500986	2.09e-07
1412501046	2.09e-07
1412501107	2.09e-07
1412501167	2.09e-07
1412501228	2.09e-07
1412501288	2.09e-07
1412501349	2.09e-07
1412501409	2.09e-07
1412501470	2.09e-07
1412501531	2.09e-07
1412501591	2.09e-07
1412501651	2.09e-07
1412501712	2.08e-07
1412501772	2.08e-07
1412501833	2.08e-07
1412501893	2.08e-07
1412501954	2.08e-07
1412502014	2.08e-07
1412502075	2.08e-07
1412502135	2.08e-07
1412502196	2.08e-07
1412502256	2.08e-07
1412502317	2.08e-07
1412502377	2.08e-07
1412502438	2.08e-07
1412502498	2.08e-07
1412502559	2.08e-07
1412502619	2.08e-07
1412502679	2.08e-07
1412502740	2.08e-07
1412502800	2.08e-07
1412502861	2.08e-07
1412502921	2.08e-07
1412502982	2.08e-07
1412503042	2.08e-07
1412503103	2.08e-07
1412503163	2.08e-07
1412503224	2.08e-07
1412503284	2.08e-07
1412503345	2.08e-07
1412503405	2.08e-07
1412503466	2.08e-07
1412503526	2.08e-07
1412503587	2.08e-07
1412503647	2.08e-07
1412503708	2.08e-07
1412503768	2.08e-07
1412503829	2.08e-07
1412503889	2.08e-07
1412503950	2.08e-07
1412504011	2.08e-07
1412504071	2.08e-07
1412504132	2.08e-07
1412504192	2.08e-07
1412504253	2.08e-07
1412504313	2.08e-07
1412504374	2.08e-07
1412504434	2.08e-07
1412504495	2.08e-07
1412504555	2.08e-07
1412504616	2.08e-07
1412504676	2.08e-07
1412504736	2.08e-07
1412504797	2.08e-07
1412504857	2.07e-07
1412504918	2.07e-07
1412504979	2.07e-07
1412505039	2.07e-07
1412505099	2.07e-07
1412505160	2.07e-07
1412505220	2.07e-07
1412505281	2.07e-07
1412505341	2.07e-07
1412505402	2.07e-07
1412505463	2.07e-07
1412505523	2.07e-07
1412505584	2.07e-07
1412505644	2.07e-07
1412505705	2.07e-07
1412505765	2.07e-07
1412505826	2.07e-07
1412505886	2.07e-07
1412505947	2.07e-07
1412506007	2.07e-07
1412506068	2.07e-07
1412506128	2.07e-07
1412506189	2.07e-07
1412506249	2.07e-07
1412506310	2.07e-07
1412506370	2.07e-07
1412506431	2.07e-07
1412506491	2.07e-07
1412506552	2.07e-07
1412506612	2.07e-07
1412506673	2.07e-07
1412506734	2.07e-07
1412506794	2.07e-07
1412506855	2.07e-07
1412506915	2.07e-07
1412506976	2.07e-07
1412507036	2.07e-07
1412507097	2.07e-07
1412507157	2.07e-07
1412507218	2.07e-07
1412507278	2.07e-07
1412507338	2.07e-07
1412507399	2.07e-07
1412507459	2.06e-07
1412507520	2.06e-07
1412507580	2.06e-07
1412507641	2.06e-07
1412507701	2.06e-07
1412507762	2.06e-07
1412507822	2.06e-07
1412507883	2.06e-07
1412507944	2.06e-07
1412508004	2.06e-07
1412508064	2.06e-07
1412508125	2.06e-07
1412508185	2.06e-07
1412508246	2.06e-07
1412508307	2.06e-07
1412508367	2.06e-07
1412508427	2.06e-07
1412508488	2.06e-07
1412508548	2.06e-07
1412508609	2.06e-07
1412508669	2.06e-07
1412508730	2.06e-07
1412508790	2.06e-07
1412508851	2.06e-07
1412508911	2.06e-07
1412508972	2.06e-07
1412509032	2.06e-07
1412509093	2.06e-07
1412509154	2.06e-07
1412509214	2.06e-07
1412509275	2.06e-07
1412509335	2.06e-07
1412509396	2.06e-07
1412509456	2.06e-07
1412509517	2.06e-07
1412509577	2.06e-07
1412509638	2.06e-07
1412509698	2.06e-07
1412509759	2.06e-07
1412509819	2.06e-07
1412509879	2.06e-07
1412509940	2.06e-07
1412510001	2.06e-07
1412510061	2.06e-07
1412510122	2.06e-07
1412510182	2.06e-07
1412510242	2.05e-07
1412510303	2.05e-07
1412510363	2.05e-07
1412510424	2.05e-07
1412510484	2.05e-07
1412510545	2.05e-07
1412510605	2.05e-07
1412510666	2.05e-07
1412510726	2.05e-07
1412510787	2.05e-07
1412510847	2.05e-07
1412510908	2.05e-07
1412510968	2.05e-07
1412511029	2.05e-07
1412511089	2.05e-07
1412511150	2.05e-07
1412511210	2.05e-07
1412511270	2.05e-07
1412511331	2.05e-07
1412511391	2.05e-07
1412511452	2.05e-07
1412511512	2.05e-07
1412511573	2.05e-07
1412511633	2.05e-07
1412511694	2.05e-07
1412511754	2.05e-07
1412511815	2.05e-07
1412511875	2.05e-07
1412511936	2.05e-07
1412511996	2.05e-07
1412512057	2.05e-07
1412512117	2.05e-07
1412512178	2.05e-07
1412512238	2.05e-07
1412512299	2.05e-07
1412512359	2.05e-07
1412512420	2.05e-07
1412512480	2.05e-07
1412512540	2.05e-07
1412512601	2.05e-07
1412512661	2.05e-07
1412512722	2.05e-07
1412512782	2.05e-07
1412512843	2.05e-07
1412512903	2.05e-07
1412512964	2.04e-07
1412513024	2.05e-07
1412513085	2.04e-07
1412513145	2.04e-07
1412513206	2.04e-07
1412513266	2.04e-07
1412513327	2.04e-07
1412513387	2.04e-07
1412513448	2.04e-07
1412513508	2.04e-07
1412513569	2.04e-07
1412513629	2.04e-07
1412513690	2.04e-07
1412513750	2.04e-07
1412513811	2.04e-07
1412513871	2.04e-07
1412513932	2.04e-07
1412513992	2.04e-07
1412514052	2.04e-07
1412514113	2.04e-07
1412514173	2.04e-07
1412514234	2.04e-07
1412514294	2.04e-07
1412514355	2.04e-07
1412514415	2.04e-07
1412514476	2.04e-07
1412514536	2.04e-07
1412514597	2.04e-07
1412514657	2.04e-07
1412514718	2.04e-07
1412514778	2.04e-07
1412514838	2.04e-07
1412514899	2.04e-07
1412514960	2.04e-07
1412515020	2.04e-07
1412515080	2.04e-07
1412515141	2.04e-07
1412515201	2.04e-07
1412515262	2.04e-07
1412515322	2.04e-07
1412515383	2.04e-07
1412515443	2.04e-07
1412515504	2.04e-07
1412515565	2.04e-07
1412515625	2.04e-07
1412515686	2.04e-07
1412515746	2.04e-07
1412515807	2.04e-07
1412515867	2.04e-07
1412515928	2.04e-07
1412515988	2.04e-07
1412516049	2.04e-07
1412516109	2.04e-07
1412516170	2.04e-07
1412516230	2.04e-07
1412516291	2.04e-07
1412516351	2.04e-07
1412516412	2.04e-07
1412516472	2.04e-07
1412516533	2.03e-07
1412516593	2.03e-07
1412516654	2.03e-07
1412516714	2.03e-07
1412516775	2.03e-07
1412516835	2.03e-07
1412516896	2.03e-07
1412516956	2.03e-07
1412517017	2.03e-07
1412517077	2.03e-07
1412517138	2.03e-07
1412517198	2.03e-07
1412517259	2.03e-07
1412517319	2.03e-07
1412517380	2.03e-07
1412517440	2.03e-07
1412517501	2.03e-07
1412517561	2.03e-07
1412517622	2.03e-07
1412517682	2.03e-07
1412517743	2.03e-07
1412517803	2.03e-07
1412517864	2.03e-07
1412517924	2.03e-07
1412517985	2.03e-07
1412518045	2.03e-07
1412518106	2.03e-07
1412518167	2.03e-07
1412518227	2.03e-07
1412518287	2.03e-07
1412518348	2.03e-07
1412518408	2.03e-07
1412518469	2.03e-07
1412518529	2.03e-07
1412518590	2.03e-07
1412518650	2.03e-07
1412518711	2.03e-07
1412518771	2.03e-07
1412518832	2.03e-07
1412518892	2.03e-07
1412518953	2.03e-07
1412519013	2.03e-07
1412519074	2.03e-07
1412519134	2.03e-07
1412519195	2.03e-07
1412519255	2.03e-07
1412519316	2.03e-07
1412519376	2.03e-07
1412519437	2.03e-07
1412519497	2.03e-07
1412519557	2.03e-07
1412519618	2.03e-07
1412519678	2.03e-07
1412519739	2.03e-07
1412519799	2.03e-07
1412519860	2.03e-07
1412519920	2.03e-07
1412519981	2.03e-07
1412520041	2.03e-07
1412520102	2.03e-07
1412520163	2.03e-07
1412520223	2.03e-07
1412520284	2.03e-07
1412520344	2.03e-07
1412520405	2.03e-07
1412520465	2.03e-07
1412520526	2.03e-07
1412520586	2.03e-07
1412520647	2.03e-07
1412520707	2.03e-07
1412520768	2.03e-07
1412520828	2.03e-07
1412520889	2.03e-07
1412520949	2.03e-07
1412521010	2.03e-07
1412521070	2.03e-07
1412521131	2.03e-07
1412521191	2.03e-07
1412521252	2.03e-07
1412521312	2.03e-07
1412521373	2.03e-07
1412521433	2.03e-07
1412521494	2.03e-07
1412521554	2.03e-07
1412521615	2.03e-07
1412521675	2.03e-07
1412521735	2.03e-07
1412521796	2.03e-07
1412521856	2.03e-07
1412521917	2.03e-07
1412521977	2.03e-07
1412522038	2.03e-07
1412522098	2.03e-07
1412522159	2.03e-07
1412522219	2.03e-07
1412522280	2.03e-07
1412522340	2.03e-07
1412522401	2.03e-07
1412522461	2.03e-07
1412522522	2.03e-07
1412522582	2.03e-07
1412522643	2.03e-07
1412522704	2.03e-07
1412522764	2.03e-07
1412522825	2.03e-07
1412522885	2.03e-07
1412522946	2.03e-07
1412523006	2.03e-07
1412523067	2.03e-07
1412523127	2.03e-07
1412523188	2.03e-07
1412523248	2.03e-07
1412523309	2.03e-07
1412523369	2.03e-07
1412523429	2.03e-07
1412523490	2.03e-07
1412523550	2.03e-07
1412523611	2.03e-07
1412523671	2.03e-07
1412523732	2.03e-07
1412523792	2.03e-07
1412523853	2.03e-07
1412523913	2.03e-07
1412523974	2.03e-07
1412524034	2.03e-07
1412524095	2.03e-07
1412524155	2.03e-07
1412524216	2.03e-07
1412524276	2.03e-07
1412524337	2.03e-07
1412524397	2.03e-07
1412524457	2.03e-07
1412524518	2.03e-07
1412524578	2.03e-07
1412524639	2.03e-07
1412524699	2.03e-07
1412524760	2.03e-07
1412524820	2.03e-07
1412524881	2.03e-07
1412524941	2.03e-07
1412525002	2.03e-07
1412525062	2.03e-07
1412525123	2.03e-07
1412525183	2.03e-07
1412525244	2.03e-07
1412525304	2.03e-07
1412525365	2.03e-07
1412525425	2.03e-07
1412525486	2.03e-07
1412525546	2.03e-07
1412525607	2.03e-07
1412525667	2.03e-07
1412525728	2.03e-07
1412525788	2.03e-07
1412525849	2.03e-07
1412525909	2.03e-07
1412525970	2.03e-07
1412526030	2.03e-07
1412526091	2.03e-07
1412526151	2.03e-07
1412526212	2.03e-07
1412526272	2.03e-07
1412526333	2.03e-07
1412526393	2.03e-07
1412526454	2.03e-07
1412526514	2.03e-07
1412526575	2.03e-07
1412526635	2.03e-07
1412526696	2.03e-07
1412526756	2.03e-07
1412526817	2.03e-07
1412526877	2.03e-07
1412526938	2.03e-07
1412526998	2.03e-07
1412527059	2.03e-07
1412527119	2.03e-07
1412527180	2.03e-07
1412527240	2.03e-07
1412527301	2.03e-07
1412527361	2.03e-07
1412527422	2.03e-07
1412527482	2.03e-07
1412527543	2.03e-07
1412527603	2.03e-07
1412527664	2.03e-07
1412527724	2.03e-07
1412527785	2.03e-07
1412527846	2.03e-07
1412527906	2.03e-07
1412527966	2.03e-07
1412528027	2.03e-07
1412528087	2.03e-07
1412528148	2.03e-07
1412528208	2.03e-07
1412528269	2.03e-07
1412528329	2.03e-07
1412528390	2.03e-07
1412528450	2.03e-07
1412528511	2.03e-07
1412528571	2.03e-07
1412528632	2.03e-07
1412528692	2.03e-07
1412528753	2.03e-07
1412528813	2.03e-07
1412528874	2.03e-07
1412528934	2.03e-07
1412528995	2.03e-07
1412529055	2.03e-07
1412529116	2.03e-07
1412529176	2.03e-07
1412529237	2.03e-07
1412529297	2.03e-07
1412529358	2.03e-07
1412529418	2.03e-07
1412529479	2.03e-07
1412529539	2.03e-07
1412529600	2.03e-07
1412529660	2.03e-07
1412529721	2.03e-07
1412529781	2.03e-07
1412529842	2.03e-07
1412529902	2.03e-07
1412529963	2.03e-07
1412530023	2.03e-07
1412530084	2.03e-07
1412530145	2.03e-07
1412530205	2.03e-07
1412530266	2.03e-07
1412530326	2.03e-07
1412530387	2.03e-07
1412530447	2.03e-07
1412530508	2.03e-07
1412530568	2.03e-07
1412530629	2.03e-07
1412530689	2.03e-07
1412530750	2.03e-07
1412530810	2.03e-07
1412530871	2.03e-07
1412530931	2.03e-07
1412530992	2.03e-07
1412531052	2.03e-07
1412531113	2.03e-07
1412531173	2.03e-07
1412531234	2.03e-07
1412531294	2.03e-07
1412531355	2.03e-07
1412531415	2.03e-07
1412531476	2.03e-07
1412531536	2.03e-07
1412531597	2.03e-07
1412531657	2.03e-07
1412531718	2.03e-07
1412531778	2.03e-07
1412531839	2.03e-07
1412531899	2.03e-07
1412531960	2.03e-07
1412532020	2.03e-07
1412532081	2.03e-07
1412532141	2.03e-07
1412532202	2.03e-07
1412532262	2.03e-07
1412532323	2.03e-07
1412532383	2.03e-07
1412532444	2.03e-07
1412532504	2.03e-07
1412532565	2.04e-07
1412532625	2.04e-07
1412532686	2.04e-07
1412532746	2.04e-07
1412532807	2.04e-07
1412532867	2.03e-07
1412532928	2.03e-07
1412532988	2.04e-07
1412533048	2.03e-07
1412533109	2.03e-07
1412533170	2.04e-07
1412533230	2.04e-07
1412533291	2.04e-07
1412533351	2.04e-07
1412533411	2.04e-07
1412533472	2.04e-07
1412533532	2.04e-07
1412533593	2.04e-07
1412533653	2.04e-07
1412533714	2.04e-07
1412533774	2.04e-07
1412533835	2.04e-07
1412533895	2.04e-07
1412533956	2.04e-07
1412534016	2.04e-07
1412534077	2.04e-07
1412534137	2.04e-07
1412534198	2.04e-07
1412534259	2.04e-07
1412534319	2.04e-07
1412534380	2.04e-07
1412534440	2.04e-07
1412534501	2.04e-07
1412534561	2.04e-07
1412534622	2.04e-07
1412534682	2.04e-07
1412534743	2.04e-07
1412534803	2.04e-07
1412534864	2.04e-07
1412534924	2.04e-07
1412534985	2.04e-07
1412535045	2.04e-07
1412535105	2.04e-07
1412535166	2.04e-07
1412535226	2.04e-07
1412535287	2.04e-07
1412535347	2.04e-07
1412535408	2.04e-07
1412535468	2.04e-07
1412535529	2.04e-07
1412535589	2.04e-07
1412535650	2.04e-07
1412535710	2.04e-07
1412535771	2.04e-07
1412535831	2.04e-07
1412535892	2.04e-07
1412535952	2.04e-07
1412536013	2.04e-07
1412536073	2.04e-07
1412536134	2.04e-07
1412536194	2.04e-07
1412536255	2.04e-07
1412536315	2.04e-07
1412536376	2.04e-07
1412536436	2.04e-07
1412536497	2.04e-07
1412536557	2.04e-07
1412536618	2.04e-07
1412536678	2.04e-07
1412536738	2.04e-07
1412536799	2.04e-07
1412536859	3.79e-09
1412536920	3.79e-09
1412536980	3.79e-09
1412537041	3.79e-09
1412537101	3.79e-09
1412537162	3.79e-09
1412537222	3.79e-09
1412537283	3.79e-09
1412537343	3.79e-09
1412537404	3.79e-09
1412537464	3.79e-09
1412537525	3.79e-09
1412537586	3.79e-09
1412537646	3.79e-09
1412537706	2.02e-07
1412537767	2.03e-07
1412537827	2.04e-07
1412537888	2.04e-07
1412537948	2.04e-07
1412538009	2.04e-07
1412538069	2.04e-07
1412538130	2.05e-07
1412538190	2.05e-07
1412538251	2.05e-07
1412538311	2.05e-07
1412538372	2.05e-07
1412538432	2.05e-07
1412538493	2.05e-07
1412538553	2.05e-07
1412538614	2.05e-07
1412538675	2.05e-07
1412538735	2.05e-07
1412538796	2.05e-07
1412538856	2.05e-07
1412538917	2.05e-07
1412538977	2.05e-07
1412539038	2.05e-07
1412539098	2.05e-07
1412539159	2.05e-07
1412539219	2.05e-07
1412539280	2.05e-07
1412539340	2.05e-07
1412539401	2.05e-07
1412539461	2.05e-07
1412539522	2.05e-07
1412539582	2.05e-07
1412539642	2.05e-07
1412539703	2.05e-07
1412539763	2.05e-07
1412539824	2.05e-07
1412539884	2.05e-07
1412539945	2.05e-07
1412540005	2.05e-07
1412540066	2.05e-07
1412540126	2.05e-07
1412540187	2.05e-07
1412540247	2.05e-07
1412540308	2.05e-07
1412540368	2.05e-07
1412540429	2.05e-07
1412540489	2.05e-07
1412540550	2.05e-07
1412540610	2.05e-07
1412540670	2.05e-07
1412540731	2.05e-07
1412540791	2.05e-07
1412540852	2.05e-07
1412540912	2.05e-07
1412540973	2.05e-07
1412541033	2.05e-07
1412541094	2.05e-07
1412541154	2.05e-07
1412541215	2.05e-07
1412541275	2.05e-07
1412541336	2.05e-07
1412541396	2.05e-07
1412541457	2.05e-07
1412541517	2.05e-07
1412541578	2.05e-07
1412541638	2.05e-07
1412541699	2.05e-07
1412541759	2.05e-07
1412541820	2.05e-07
1412541880	2.05e-07
1412541941	2.05e-07
1412542002	2.05e-07
1412542062	2.05e-07
1412542123	2.05e-07
1412542183	2.05e-07
1412542243	2.05e-07
1412542304	2.05e-07
1412542364	2.05e-07
1412542425	2.05e-07
1412542485	2.05e-07
1412542546	2.05e-07
1412542606	2.05e-07
1412542667	2.05e-07
1412542727	2.05e-07
1412542788	2.05e-07
1412542848	2.05e-07
1412542909	2.05e-07
1412542969	2.05e-07
1412543030	2.05e-07
1412543090	2.05e-07
1412543151	2.05e-07
1412543211	2.05e-07
1412543272	2.05e-07
1412543332	2.05e-07
1412543393	2.05e-07
1412543453	2.05e-07
1412543514	2.05e-07
1412543574	2.05e-07
1412543635	2.05e-07
1412543695	2.05e-07
1412543756	2.05e-07
1412543816	2.05e-07
1412543877	2.05e-07
1412543937	2.05e-07
1412543998	2.05e-07
1412544058	2.05e-07
1412544119	2.05e-07
1412544179	2.05e-07
1412544240	2.05e-07
1412544300	2.05e-07
1412544361	2.05e-07
1412544421	2.05e-07
1412544482	2.05e-07
1412544542	2.05e-07
1412544603	2.05e-07
1412544663	2.05e-07
1412544724	2.05e-07
1412544784	2.05e-07
1412544845	2.05e-07
1412544905	2.05e-07
1412544966	2.05e-07
1412545026	2.05e-07
1412545087	2.05e-07
1412545147	2.05e-07
1412545208	2.05e-07
1412545268	2.05e-07
1412545329	2.05e-07
1412545389	2.05e-07
1412545450	2.05e-07
1412545510	2.05e-07
1412545570	2.05e-07
1412545631	2.05e-07
1412545691	2.05e-07
1412545752	2.05e-07
1412545812	2.05e-07
1412545873	2.05e-07
1412545933	2.05e-07
1412545994	2.05e-07
1412546054	2.05e-07
1412546115	2.05e-07
1412546175	2.05e-07
1412546236	2.05e-07
1412546296	2.05e-07
1412546357	2.05e-07
1412546417	2.05e-07
1412546478	2.05e-07
1412546538	2.05e-07
1412546599	2.05e-07
1412546659	2.05e-07
1412546720	2.05e-07
1412546780	2.05e-07
1412546840	2.05e-07
1412546901	2.05e-07
1412546962	2.05e-07
1412547022	2.05e-07
1412547082	2.05e-07
1412547143	2.05e-07
1412547204	2.05e-07
1412547264	2.05e-07
1412547324	2.05e-07
1412547385	2.05e-07
1412547445	2.05e-07
1412547506	2.05e-07
1412547566	2.05e-07
1412547627	2.05e-07
1412547687	2.05e-07
1412547748	2.05e-07
1412547808	2.05e-07
1412547869	2.05e-07
1412547929	2.05e-07
1412547990	2.05e-07
1412548050	2.05e-07
1412548111	2.05e-07
1412548171	2.05e-07
1412548232	2.05e-07
1412548292	2.05e-07
1412548353	2.05e-07
1412548413	2.05e-07
1412548473	2.05e-07
1412548534	2.05e-07
1412548594	2.05e-07
1412548655	2.05e-07
1412548715	2.05e-07
1412548776	2.05e-07
1412548836	2.05e-07
1412548897	2.05e-07
1412548957	2.05e-07
1412549018	2.05e-07
1412549078	2.05e-07
1412549139	2.05e-07
1412549199	2.05e-07
1412549260	2.05e-07
1412549320	2.05e-07
1412549381	2.05e-07
1412549441	2.05e-07
1412549502	2.05e-07
1412549562	2.05e-07
1412549623	2.05e-07
1412549683	2.05e-07
1412549743	2.05e-07
1412549804	2.05e-07
1412549864	2.05e-07
1412549925	2.05e-07
1412549985	2.05e-07
1412550046	2.05e-07
1412550106	2.05e-07
1412550167	2.05e-07
1412550227	2.05e-07
1412550288	2.05e-07
1412550348	2.05e-07
1412550409	2.05e-07
1412550469	2.05e-07
1412550530	2.05e-07
1412550590	2.05e-07
1412550651	2.05e-07
1412550711	2.05e-07
1412550772	2.05e-07
1412550833	2.05e-07
1412550893	2.05e-07
1412550954	2.05e-07
1412551014	2.05e-07
1412551075	2.05e-07
1412551135	2.05e-07
1412551196	2.05e-07
1412551256	2.05e-07
1412551316	2.05e-07
1412551377	2.05e-07
1412551437	2.05e-07
1412551498	2.05e-07
1412551558	2.05e-07
1412551619	2.05e-07
1412551679	2.05e-07
1412551740	2.05e-07
1412551800	2.05e-07
1412551861	2.05e-07
1412551921	2.05e-07
1412551982	2.05e-07
1412552042	2.05e-07
1412552103	2.05e-07
1412552164	2.05e-07
1412552224	2.05e-07
1412552285	2.05e-07
1412552345	2.05e-07
1412552406	2.05e-07
1412552466	2.05e-07
1412552527	2.05e-07
1412552587	2.05e-07
1412552648	2.05e-07
1412552708	2.05e-07
1412552769	2.05e-07
1412552829	2.05e-07
1412552890	2.05e-07
1412552950	2.05e-07
1412553011	2.05e-07
1412553071	2.05e-07
1412553132	2.05e-07
1412553192	2.05e-07
1412553253	2.05e-07
1412553313	2.05e-07
1412553374	2.05e-07
1412553434	2.05e-07
1412553495	2.05e-07
1412553555	2.05e-07
1412553616	2.05e-07
1412553676	2.05e-07
1412553737	2.05e-07
1412553797	2.05e-07
1412553858	2.05e-07
1412553918	2.05e-07
1412553979	2.05e-07
1412554039	2.05e-07
1412554100	2.05e-07
1412554160	2.05e-07
1412554221	2.05e-07
1412554281	2.05e-07
1412554341	2.05e-07
1412554402	2.05e-07
1412554463	2.05e-07
1412554523	2.05e-07
1412554583	2.05e-07
1412554644	2.05e-07
1412554705	2.05e-07
1412554765	2.05e-07
1412554825	2.05e-07
1412554886	2.05e-07
1412554946	2.05e-07
1412555007	2.05e-07
1412555067	2.05e-07
1412555128	2.05e-07
1412555189	2.05e-07
1412555249	2.05e-07
1412555310	2.05e-07
1412555370	2.04e-07
1412555431	2.04e-07
1412555491	2.04e-07
1412555551	2.04e-07
1412555612	2.04e-07
1412555672	2.04e-07
1412555733	2.04e-07
1412555793	2.04e-07
1412555854	2.04e-07
1412555914	2.04e-07
1412555975	2.04e-07
1412556035	2.04e-07
1412556096	2.04e-07
1412556156	2.04e-07
1412556217	2.04e-07
1412556277	2.04e-07
1412556338	2.04e-07
1412556398	2.04e-07
1412556459	2.04e-07
1412556519	2.04e-07
1412556580	2.04e-07
1412556640	2.04e-07
1412556700	2.04e-07
1412556761	2.04e-07
1412556821	2.04e-07
1412556882	2.04e-07
1412556942	2.04e-07
1412557003	2.04e-07
1412557063	2.04e-07
1412557124	2.04e-07
1412557184	2.04e-07
1412557245	2.04e-07
1412557305	2.04e-07
1412557366	2.04e-07
1412557426	2.04e-07
1412557487	2.04e-07
1412557547	2.04e-07
1412557608	2.04e-07
1412557668	2.04e-07
1412557729	2.04e-07
1412557789	2.04e-07
1412557850	2.04e-07
1412557910	2.04e-07
1412557971	2.04e-07
1412558031	2.05e-07
1412558092	2.04e-07
1412558152	2.05e-07
1412558213	2.04e-07
1412558273	2.05e-07
1412558334	2.05e-07
1412558394	2.04e-07
1412558455	2.04e-07
1412558515	2.04e-07
1412558576	2.04e-07
1412558637	2.04e-07
1412558697	2.04e-07
1412558758	2.04e-07
1412558818	2.04e-07
1412558879	2.04e-07
1412558939	2.04e-07
1412559000	2.04e-07
1412559060	2.04e-07
1412559121	2.04e-07
1412559181	2.04e-07
1412559242	2.04e-07
1412559302	2.04e-07
1412559363	2.04e-07
1412559423	2.04e-07
1412559484	2.04e-07
1412559544	2.04e-07
1412559605	2.04e-07
1412559665	2.04e-07
1412559726	2.04e-07
1412559786	2.04e-07
1412559847	2.04e-07
1412559907	2.04e-07
1412559968	2.04e-07
1412560028	2.04e-07
1412560089	2.04e-07
1412560149	2.04e-07
1412560210	2.04e-07
1412560270	2.04e-07
1412560330	2.05e-07
1412560391	2.05e-07
1412560451	2.05e-07
1412560512	2.05e-07
1412560572	2.05e-07
1412560633	2.05e-07
1412560693	2.05e-07
1412560754	2.05e-07
1412560814	2.05e-07
1412560875	2.05e-07
1412560935	2.05e-07
1412560996	2.05e-07
1412561056	2.05e-07
1412561117	2.05e-07
1412561177	2.05e-07
1412561238	2.05e-07
1412561298	2.05e-07
1412561359	2.05e-07
1412561419	2.05e-07
1412561480	2.05e-07
1412561540	2.05e-07
1412561601	2.05e-07
1412561661	2.05e-07
1412561721	2.05e-07
1412561782	2.04e-07
1412561842	2.05e-07
1412561903	2.04e-07
1412561963	2.05e-07
1412562024	2.04e-07
1412562084	2.05e-07
1412562145	2.05e-07
1412562205	2.04e-07
1412562266	2.04e-07
1412562326	2.04e-07
1412562387	2.04e-07
1412562447	2.04e-07
1412562508	2.04e-07
1412562568	2.04e-07
1412562629	2.04e-07
1412562689	2.04e-07
1412562750	2.04e-07
1412562810	2.04e-07
1412562871	2.04e-07
1412562931	2.04e-07
1412562992	2.04e-07
1412563052	2.04e-07
1412563113	2.04e-07
1412563173	2.04e-07
1412563234	2.04e-07
1412563294	2.04e-07
1412563355	2.04e-07
1412563415	2.04e-07
1412563476	2.04e-07
1412563536	2.04e-07
1412563597	2.04e-07
1412563657	2.04e-07
1412563718	2.04e-07
1412563778	2.04e-07
1412563839	2.04e-07
1412563899	2.04e-07
1412563960	2.04e-07
1412564020	2.04e-07
1412564081	2.04e-07
1412564141	2.04e-07
1412564202	2.04e-07
1412564263	2.04e-07
1412564323	2.04e-07
1412564384	2.04e-07
1412564444	2.04e-07
1412564505	2.04e-07
1412564565	2.04e-07
1412564626	2.04e-07
1412564686	2.04e-07
1412564747	2.04e-07
1412564807	2.04e-07
1412564868	2.04e-07
1412564928	2.04e-07
1412564989	2.04e-07
1412565049	2.04e-07
1412565110	2.04e-07
1412565170	2.04e-07
1412565231	2.04e-07
1412565291	2.04e-07
1412565352	2.04e-07
1412565412	2.04e-07
1412565473	2.04e-07
1412565533	2.04e-07
1412565594	2.04e-07
1412565654	2.04e-07
1412565715	2.04e-07
1412565775	2.04e-07
1412565836	2.04e-07
1412565896	2.04e-07
1412565957	2.04e-07
1412566017	2.04e-07
1412566078	2.04e-07
1412566138	2.04e-07
1412566198	2.04e-07
1412566259	2.04e-07
1412566319	2.04e-07
1412566380	2.04e-07
1412566440	2.04e-07
1412566501	2.04e-07
1412566561	2.04e-07
1412566622	2.04e-07
1412566682	2.04e-07
1412566743	2.04e-07
1412566803	2.04e-07
1412566864	2.04e-07
1412566924	2.04e-07
1412566985	2.04e-07
1412567045	2.04e-07
1412567106	2.04e-07
1412567166	2.04e-07
1412567227	2.04e-07
1412567287	2.04e-07
1412567348	2.04e-07
1412567408	2.04e-07
1412567469	2.04e-07
1412567529	2.04e-07
1412567590	2.04e-07
1412567650	2.04e-07
1412567711	2.04e-07
1412567771	2.04e-07
1412567832	2.04e-07
1412567892	2.04e-07
1412567953	2.04e-07
1412568014	2.04e-07
1412568074	2.04e-07
1412568135	2.04e-07
1412568195	2.04e-07
1412568256	2.04e-07
1412568316	2.04e-07
1412568377	2.04e-07
1412568437	2.04e-07
1412568498	2.04e-07
1412568558	2.04e-07
1412568619	2.04e-07
1412568679	2.04e-07
1412568740	2.04e-07
1412568800	2.04e-07
1412568860	2.04e-07
1412568921	2.04e-07
1412568981	2.04e-07
1412569042	2.04e-07
1412569103	2.04e-07
1412569163	2.04e-07
1412569223	2.04e-07
1412569284	2.03e-07
1412569344	2.03e-07
1412569405	2.04e-07
1412569465	2.04e-07
1412569526	2.03e-07
1412569586	2.04e-07
1412569647	2.03e-07
1412569707	2.03e-07
1412569768	2.03e-07
1412569828	2.03e-07
1412569889	2.03e-07
1412569950	2.03e-07
1412570010	2.03e-07
1412570071	2.03e-07
1412570131	2.03e-07
1412570192	2.03e-07
1412570252	2.03e-07
1412570313	2.03e-07
1412570373	2.03e-07
1412570434	2.03e-07
1412570494	2.03e-07
1412570555	2.03e-07
1412570615	2.03e-07
1412570676	2.03e-07
1412570736	2.03e-07
1412570797	2.03e-07
1412570857	2.03e-07
1412570918	2.03e-07
1412570978	2.03e-07
1412571039	2.03e-07
1412571099	2.03e-07
1412571160	2.03e-07
1412571220	2.03e-07
1412571281	2.03e-07
1412571341	2.03e-07
1412571402	2.03e-07
1412571462	2.03e-07
1412571523	2.03e-07
1412571583	2.03e-07
1412571644	2.03e-07
1412571704	2.03e-07
1412571765	2.03e-07
1412571826	2.03e-07
1412571886	2.03e-07
1412571947	2.03e-07
1412572007	2.03e-07
1412572068	2.03e-07
1412572128	2.03e-07
1412572189	2.03e-07
1412572249	2.03e-07
1412572310	2.03e-07
1412572370	2.03e-07
1412572430	2.03e-07
1412572491	2.03e-07
1412572551	2.03e-07
1412572612	2.03e-07
1412572672	2.03e-07
1412572733	2.03e-07
1412572793	2.03e-07
1412572854	2.03e-07
1412572914	2.03e-07
1412572975	2.02e-07
1412573035	2.02e-07
1412573096	2.03e-07
1412573156	2.03e-07
1412573217	2.03e-07
1412573277	2.03e-07
1412573338	2.03e-07
1412573398	2.03e-07
1412573459	2.03e-07
1412573519	2.03e-07
1412573580	2.02e-07
1412573640	2.02e-07
1412573701	2.02e-07
1412573761	2.02e-07
1412573821	2.02e-07
1412573882	2.02e-07
1412573943	2.02e-07
1412574003	2.02e-07
1412574063	2.02e-07
1412574124	2.02e-07
1412574184	2.02e-07
1412574245	2.02e-07
1412574306	2.02e-07
1412574366	2.02e-07
1412574426	2.02e-07
1412574487	2.02e-07
1412574547	2.02e-07
1412574608	2.02e-07
1412574668	2.02e-07
1412574729	2.02e-07
1412574789	2.02e-07
1412574850	2.02e-07
1412574910	2.02e-07
1412574971	2.02e-07
1412575031	2.02e-07
1412575092	2.02e-07
1412575152	2.02e-07
1412575213	2.02e-07
1412575273	2.02e-07
1412575334	2.02e-07
1412575394	2.02e-07
1412575455	2.02e-07
1412575515	2.02e-07
1412575576	2.02e-07
1412575636	2.02e-07
1412575697	2.02e-07
1412575757	2.02e-07
1412575818	2.02e-07
1412575878	2.02e-07
1412575939	2.02e-07
1412575999	2.02e-07
1412576060	2.02e-07
1412576120	2.02e-07
1412576181	2.02e-07
1412576241	2.02e-07
1412576302	2.02e-07
1412576362	2.02e-07
1412576423	2.02e-07
1412576483	2.02e-07
1412576544	2.02e-07
1412576604	2.02e-07
1412576664	2.01e-07
1412576725	2.02e-07
1412576786	2.01e-07
1412576846	2.01e-07
1412576907	2.01e-07
1412576967	2.01e-07
1412577027	2.01e-07
1412577088	2.01e-07
1412577148	2.01e-07
1412577209	2.01e-07
1412577269	2.01e-07
1412577330	2.01e-07
1412577390	2.01e-07
1412577451	2.01e-07
1412577512	2.01e-07
1412577572	2.01e-07
1412577632	2.01e-07
1412577693	2.01e-07
1412577754	2.01e-07
1412577814	2.01e-07
1412577875	2.01e-07
1412577935	2.01e-07
1412577996	2.01e-07
1412578056	2.01e-07
1412578117	2.01e-07
1412578177	2.01e-07
1412578238	2.01e-07
1412578298	2.01e-07
1412578359	2.01e-07
1412578419	2.01e-07
1412578479	2.01e-07
1412578540	2.01e-07
1412578601	2.01e-07
1412578661	2.01e-07
1412578722	2.01e-07
1412578782	3.79e-09
1412578842	2.01e-07
1412578903	2.01e-07
1412578963	2.01e-07
1412579024	2.01e-07
1412579084	2.01e-07
1412579145	2.01e-07
1412579205	2.01e-07
1412579266	2.01e-07
1412579326	2.01e-07
1412579387	2.01e-07
1412579447	2.01e-07
1412579508	2.01e-07
1412579568	2.01e-07
1412579629	2.01e-07
1412579689	2.01e-07
1412579750	2.01e-07
1412579810	2.01e-07
1412579871	2.01e-07
1412579931	2.01e-07
1412579992	2.01e-07
1412580052	2.01e-07
1412580113	2.01e-07
1412580174	2.01e-07
1412580234	2.01e-07
1412580295	2e-07
1412580355	2e-07
1412580416	2e-07
1412580476	2e-07
1412580537	2e-07
1412580597	2e-07
1412580658	2e-07
1412580718	2e-07
1412580778	2e-07
1412580839	2e-07
1412580899	2e-07
1412580960	2e-07
1412581020	2e-07
1412581081	2e-07
1412581141	2e-07
1412581202	2e-07
1412581262	2e-07
1412581323	2e-07
1412581383	2e-07
1412581444	2e-07
1412581504	2e-07
1412581565	2e-07
1412581625	2e-07
1412581686	2e-07
1412581746	2e-07
1412581807	2e-07
1412581867	2e-07
1412581928	2e-07
1412581988	2e-07
1412582049	2e-07
1412582109	2e-07
1412582170	2e-07
1412582230	2e-07
1412582290	2e-07
1412582351	2e-07
1412582411	2e-07
1412582472	2e-07
1412582532	2e-07
1412582593	2e-07
1412582653	2e-07
1412582714	2e-07
1412582774	2e-07
1412582835	2e-07
1412582895	2e-07
1412582956	2e-07
1412583016	2e-07
1412583077	2e-07
1412583137	2e-07
1412583198	2e-07
1412583258	2e-07
1412583319	2e-07
1412583379	2e-07
1412583440	2e-07
1412583500	2e-07
1412583561	2e-07
1412583621	2e-07
1412583682	2e-07
1412583742	2e-07
1412583802	2e-07
1412583863	2e-07
1412583924	2e-07
1412583984	2e-07
1412584044	2e-07
1412584105	2e-07
1412584165	2e-07
1412584226	2e-07
1412584286	2e-07
1412584347	2e-07
1412584407	2e-07
1412584468	2e-07
1412584528	2e-07
1412584589	2e-07
1412584649	2e-07
1412584710	2e-07
1412584770	2e-07
1412584830	2e-07
1412584891	2e-07
1412584951	2e-07
1412585012	2e-07
1412585072	1.99e-07
1412585133	1.99e-07
1412585193	1.99e-07
1412585254	1.99e-07
1412585314	1.99e-07
1412585375	1.99e-07
1412585435	1.99e-07
1412585496	1.99e-07
1412585556	1.99e-07
1412585617	1.99e-07
1412585677	1.99e-07
1412585738	1.99e-07
1412585798	1.99e-07
1412585859	1.99e-07
1412585919	1.99e-07
1412585980	1.99e-07
1412586040	1.99e-07
1412586101	1.99e-07
1412586161	1.99e-07
1412586222	1.99e-07
1412586282	1.99e-07
1412586343	1.99e-07
1412586403	1.99e-07
1412586464	1.99e-07
1412586524	1.99e-07
1412586585	1.99e-07
1412586645	1.99e-07
1412586706	1.99e-07
1412586766	1.99e-07
1412586827	1.99e-07
1412586887	1.99e-07
1412586948	1.99e-07
1412587008	1.99e-07
1412587069	1.99e-07
1412587129	1.99e-07
1412587190	1.99e-07
1412587250	1.99e-07
1412587311	1.99e-07
1412587371	1.99e-07
1412587432	1.99e-07
1412587492	1.99e-07
1412587553	1.99e-07
1412587613	1.99e-07
1412587674	1.99e-07
1412587734	1.99e-07
1412587795	1.99e-07
1412587855	1.99e-07
1412587916	1.99e-07
1412587977	1.99e-07
1412588037	1.99e-07
1412588098	1.99e-07
1412588158	1.99e-07
1412588219	1.99e-07
1412588279	1.99e-07
1412588340	1.99e-07
1412588400	1.99e-07
1412588461	1.99e-07
1412588521	1.99e-07
1412588582	1.99e-07
1412588642	1.99e-07
1412588702	1.99e-07
1412588763	1.99e-07
1412588824	1.99e-07
1412588884	1.99e-07
1412588945	1.99e-07
1412589005	1.99e-07
1412589066	1.99e-07
1412589126	1.99e-07
1412589187	1.99e-07
1412589247	1.99e-07
1412589307	1.99e-07
1412589368	1.99e-07
1412589429	1.99e-07
1412589489	1.99e-07
1412589550	1.99e-07
1412589610	1.99e-07
1412589671	1.99e-07
1412589731	1.99e-07
1412589792	1.99e-07
1412589852	1.99e-07
1412589913	1.99e-07
1412589973	1.99e-07
1412590034	1.99e-07
1412590094	1.99e-07
1412590155	1.99e-07
1412590215	1.99e-07
1412590276	1.99e-07
1412590336	1.99e-07
1412590397	1.99e-07
1412590457	1.99e-07
1412590518	1.99e-07
1412590578	1.99e-07
1412590639	1.99e-07
1412590700	1.99e-07
1412590760	1.99e-07
1412590821	1.99e-07
1412590881	1.98e-07
1412590942	1.98e-07
1412591002	1.98e-07
1412591063	1.99e-07
1412591123	1.98e-07
1412591184	1.98e-07
1412591244	1.98e-07
1412591305	1.98e-07
1412591365	1.98e-07
1412591426	1.98e-07
1412591486	1.98e-07
1412591547	1.98e-07
1412591607	1.98e-07
1412591668	1.98e-07
1412591728	1.98e-07
1412591789	1.98e-07
1412591849	1.98e-07
1412591910	1.98e-07
1412591970	1.98e-07
1412592031	1.98e-07
1412592091	1.98e-07
1412592152	1.98e-07
1412592212	1.98e-07
1412592273	1.98e-07
1412592333	1.98e-07
1412592394	1.98e-07
1412592454	1.98e-07
1412592515	1.98e-07
1412592575	1.98e-07
1412592636	1.98e-07
1412592697	1.98e-07
1412592757	1.98e-07
1412592818	1.98e-07
1412592878	1.98e-07
1412592939	1.98e-07
1412592999	1.98e-07
1412593060	1.98e-07
1412593120	1.98e-07
1412593181	1.98e-07
1412593241	1.98e-07
1412593302	1.98e-07
1412593362	1.98e-07
1412593423	1.98e-07
1412593483	1.98e-07
1412593544	1.98e-07
1412593604	1.98e-07
1412593665	1.98e-07
1412593725	1.98e-07
1412593786	1.98e-07
1412593846	1.98e-07
1412593907	1.98e-07
1412593967	1.98e-07
1412594028	1.98e-07
1412594088	1.98e-07
1412594149	1.98e-07
1412594209	1.98e-07
1412594270	1.98e-07
1412594330	1.98e-07
1412594391	1.98e-07
1412594451	1.98e-07
1412594512	1.98e-07
1412594572	1.98e-07
1412594633	1.98e-07
1412594693	1.98e-07
1412594754	1.98e-07
1412594814	1.98e-07
1412594875	1.98e-07
1412594935	1.98e-07
1412594995	1.98e-07
1412595056	1.98e-07
1412595116	1.98e-07
1412595177	1.98e-07
1412595237	1.98e-07
1412595298	1.98e-07
1412595358	1.98e-07
1412595419	1.98e-07
1412595479	1.98e-07
1412595540	1.98e-07
1412595600	1.98e-07
1412595661	1.98e-07
1412595721	1.98e-07
1412595782	1.98e-07
1412595842	1.98e-07
1412595903	1.98e-07
1412595963	1.98e-07
1412596024	1.98e-07
1412596084	1.98e-07
1412596145	1.98e-07
1412596205	1.98e-07
1412596266	1.98e-07
1412596326	1.98e-07
1412596387	1.98e-07
1412596447	1.98e-07
1412596508	1.98e-07
1412596568	1.98e-07
1412596629	1.98e-07
1412596689	1.98e-07
1412596750	1.98e-07
1412596810	1.98e-07
1412596871	1.98e-07
1412596931	1.98e-07
1412596992	1.98e-07
1412597052	1.98e-07
1412597113	1.98e-07
1412597173	1.98e-07
1412597234	1.98e-07
1412597294	1.98e-07
1412597355	1.98e-07
1412597415	1.98e-07
1412597476	1.98e-07
1412597536	1.98e-07
1412597597	1.98e-07
1412597657	1.98e-07
1412597718	1.98e-07
1412597778	1.98e-07
1412597839	1.98e-07
1412597899	1.98e-07
1412597960	1.98e-07
1412598020	1.98e-07
1412598081	1.98e-07
1412598141	1.98e-07
1412598202	1.98e-07
1412598262	1.98e-07
1412598323	1.98e-07
1412598383	1.98e-07
1412598444	1.98e-07
1412598504	1.98e-07
1412598565	1.98e-07
1412598625	1.98e-07
1412598686	1.98e-07
1412598746	1.98e-07
1412598807	1.98e-07
1412598867	1.97e-07
1412598928	1.97e-07
1412598988	1.97e-07
1412599049	1.98e-07
1412599109	1.98e-07
1412599170	1.98e-07
1412599230	1.98e-07
1412599291	1.98e-07
1412599351	1.98e-07
1412599412	1.98e-07
1412599472	1.98e-07
1412599533	1.98e-07
1412599593	1.97e-07
1412599654	1.97e-07
1412599714	1.97e-07
1412599775	1.97e-07
1412599835	1.97e-07
1412599896	1.97e-07
1412599956	1.97e-07
1412600016	1.97e-07
1412600077	1.97e-07
1412600138	1.97e-07
1412600198	1.97e-07
1412600259	1.97e-07
1412600319	1.98e-07
1412600380	1.97e-07
1412600440	1.97e-07
1412600501	1.97e-07
1412600561	1.97e-07
1412600622	1.97e-07
1412600682	1.97e-07
1412600743	1.97e-07
1412600803	1.97e-07
1412600864	1.97e-07
1412600924	1.97e-07
1412600985	1.97e-07
1412601045	1.97e-07
1412601106	1.97e-07
1412601166	1.97e-07
1412601227	1.97e-07
1412601288	1.97e-07
1412601348	1.97e-07
1412601409	1.97e-07
1412601469	1.97e-07
1412601530	1.97e-07
1412601590	1.97e-07
1412601651	1.97e-07
1412601711	1.97e-07
1412601772	1.97e-07
1412601832	1.97e-07
1412601893	1.97e-07
1412601953	1.97e-07
1412602014	1.97e-07
1412602074	1.97e-07
1412602135	1.97e-07
1412602196	1.97e-07
1412602256	1.97e-07
1412602317	1.97e-07
1412602377	1.97e-07
1412602438	1.97e-07
1412602498	1.97e-07
1412602559	1.97e-07
1412602619	1.97e-07
1412602680	1.97e-07
1412602740	1.97e-07
1412602801	1.98e-07
1412602861	1.98e-07
1412602922	1.98e-07
1412602982	1.98e-07
1412603043	1.98e-07
1412603103	1.98e-07
1412603164	1.98e-07
1412603224	1.98e-07
1412603285	1.98e-07
1412603345	1.98e-07
1412603406	1.98e-07
1412603467	1.98e-07
1412603527	1.98e-07
1412603588	1.98e-07
1412603648	1.98e-07
1412603709	1.98e-07
1412603769	1.98e-07
1412603829	1.98e-07
1412603890	1.98e-07
1412603950	1.98e-07
1412604011	1.98e-07
1412604071	1.98e-07
1412604132	1.98e-07
1412604193	1.98e-07
1412604253	1.98e-07
1412604314	1.98e-07
1412604374	1.98e-07
1412604435	1.98e-07
1412604495	1.98e-07
1412604556	1.98e-07
1412604616	1.98e-07
1412604677	1.98e-07
1412604737	1.98e-07
1412604798	1.98e-07
1412604858	1.98e-07
1412604919	1.98e-07
1412604979	1.98e-07
1412605040	1.98e-07
1412605100	1.98e-07
1412605161	1.98e-07
1412605221	1.98e-07
1412605282	1.98e-07
1412605342	1.98e-07
1412605403	1.98e-07
1412605463	1.98e-07
1412605524	1.98e-07
1412605584	1.98e-07
1412605645	1.98e-07
1412605705	1.98e-07
1412605766	1.98e-07
1412605826	1.98e-07
1412605887	1.98e-07
1412605947	1.98e-07
1412606008	1.98e-07
1412606068	1.98e-07
1412606129	1.98e-07
1412606189	1.98e-07
1412606250	1.98e-07
1412606310	1.98e-07
1412606371	1.98e-07
1412606431	1.98e-07
1412606492	1.98e-07
1412606552	1.98e-07
1412606613	1.98e-07
1412606673	1.97e-07
1412606734	1.97e-07
1412606794	1.97e-07
1412606855	1.97e-07
1412606915	1.97e-07
1412606976	1.97e-07
1412607036	1.97e-07
1412607097	1.97e-07
1412607157	1.97e-07
1412607218	1.97e-07
1412607278	1.97e-07
1412607339	1.97e-07
1412607399	1.97e-07
1412607460	1.97e-07
1412607520	1.97e-07
1412607581	1.97e-07
1412607641	1.97e-07
1412607702	1.97e-07
1412607762	1.97e-07
1412607823	1.97e-07
1412607883	1.97e-07
1412607944	1.97e-07
1412608004	1.97e-07
1412608065	1.97e-07
1412608125	1.97e-07
1412608186	1.97e-07
1412608246	1.97e-07
1412608307	1.97e-07
1412608367	1.97e-07
1412608428	1.97e-07
1412608489	1.97e-07
1412608549	1.97e-07
1412608610	1.97e-07
1412608670	1.97e-07
1412608731	1.97e-07
1412608791	1.97e-07
1412608852	1.97e-07
1412608912	1.97e-07
1412608973	1.97e-07
1412609033	1.97e-07
1412609094	1.97e-07
1412609154	1.97e-07
1412609214	1.97e-07
1412609275	1.97e-07
1412609335	1.97e-07
1412609396	1.97e-07
1412609456	1.97e-07
1412609517	1.97e-07
1412609577	1.97e-07
1412609638	1.97e-07
1412609698	1.97e-07
1412609759	1.97e-07
1412609819	1.97e-07
1412609880	1.97e-07
1412609940	1.97e-07
1412610001	1.97e-07
1412610061	1.97e-07
1412610122	1.97e-07
1412610182	1.97e-07
1412610243	1.97e-07
1412610303	1.97e-07
1412610364	1.97e-07
1412610424	1.97e-07
1412610485	1.97e-07
1412610545	1.97e-07
1412610606	1.97e-07
1412610667	1.97e-07
1412610727	1.97e-07
1412610787	1.97e-07
1412610848	1.97e-07
1412610909	1.97e-07
1412610969	1.97e-07
1412611030	1.97e-07
1412611090	1.97e-07
1412611151	1.97e-07
1412611211	1.97e-07
1412611272	1.97e-07
1412611332	1.97e-07
1412611393	1.97e-07
1412611453	1.97e-07
1412611514	1.97e-07
1412611574	1.97e-07
1412611635	1.97e-07
1412611695	1.97e-07
1412611756	1.97e-07
1412611816	1.97e-07
1412611877	1.97e-07
1412611937	1.97e-07
1412611998	1.97e-07
1412612058	1.97e-07
1412612119	1.97e-07
1412612179	1.97e-07
1412612240	1.97e-07
1412612300	1.97e-07
1412612361	1.97e-07
1412612421	1.97e-07
1412612482	1.97e-07
1412612542	1.97e-07
1412612603	1.97e-07
1412612663	1.97e-07
1412612724	1.97e-07
1412612785	1.97e-07
1412612845	1.97e-07
1412612906	1.97e-07
1412612966	1.97e-07
1412613027	1.97e-07
1412613087	1.98e-07
1412613148	1.96e-07
1412613208	1.96e-07
1412613269	1.96e-07
1412613329	1.96e-07
1412613390	1.96e-07
1412613450	1.96e-07
1412613511	1.96e-07
1412613571	1.96e-07
1412613632	1.96e-07
1412613692	1.96e-07
1412613753	1.96e-07
1412613813	1.96e-07
1412613874	1.96e-07
1412613934	1.96e-07
1412613995	1.96e-07
1412614055	1.96e-07
1412614116	1.96e-07
1412614176	1.96e-07
1412614237	1.96e-07
1412614297	1.96e-07
1412614358	1.96e-07
1412614418	1.96e-07
1412614479	1.96e-07
1412614539	1.96e-07
1412614600	1.96e-07
1412614660	1.96e-07
1412614721	1.97e-07
1412614781	1.96e-07
1412614842	1.97e-07
1412614902	1.97e-07
1412614963	1.97e-07
1412615023	1.96e-07
1412615084	1.96e-07
1412615144	1.96e-07
1412615205	1.96e-07
1412615265	1.96e-07
1412615326	1.96e-07
1412615386	1.97e-07
1412615447	1.97e-07
1412615507	1.97e-07
1412615568	1.97e-07
1412615628	1.97e-07
1412615689	1.97e-07
1412615749	1.97e-07
1412615810	1.97e-07
1412615870	1.97e-07
1412615931	1.97e-07
1412615992	1.97e-07
1412616052	1.97e-07
1412616112	1.97e-07
1412616173	1.97e-07
1412616234	1.97e-07
1412616294	1.97e-07
1412616355	1.97e-07
1412616415	1.97e-07
1412616476	1.97e-07
1412616536	1.97e-07
1412616597	1.97e-07
1412616657	1.97e-07
1412616718	1.97e-07
1412616778	1.97e-07
1412616839	1.97e-07
1412616899	1.97e-07
1412616960	1.97e-07
1412617020	1.97e-07
1412617081	1.97e-07
1412617141	1.97e-07
1412617201	1.97e-07
1412617262	1.97e-07
1412617323	1.97e-07
1412617383	1.97e-07
1412617444	1.97e-07
1412617504	1.97e-07
1412617564	1.97e-07
1412617625	1.97e-07
1412617686	1.97e-07
1412617746	1.97e-07
1412617807	1.97e-07
1412617867	1.97e-07
1412617928	1.97e-07
1412617988	1.97e-07
1412618049	1.97e-07
1412618109	1.97e-07
1412618170	1.97e-07
1412618230	1.97e-07
1412618291	1.97e-07
1412618351	1.97e-07
1412618412	1.97e-07
1412618472	1.97e-07
1412618533	1.97e-07
1412618594	1.97e-07
1412618654	1.97e-07
1412618715	1.97e-07
1412618775	1.97e-07
1412618835	1.97e-07
1412618896	1.97e-07
1412618957	1.97e-07
1412619017	1.97e-07
1412619077	1.97e-07
1412619138	1.97e-07
1412619199	1.97e-07
1412619259	1.97e-07
1412619320	1.98e-07
1412619380	1.97e-07
1412619441	1.97e-07
1412619501	1.97e-07
1412619562	1.98e-07
1412619622	1.98e-07
1412619683	1.97e-07
1412619743	1.97e-07
1412619804	1.98e-07
1412619864	1.98e-07
1412619925	1.98e-07
1412619985	1.97e-07
1412620046	1.97e-07
1412620106	1.98e-07
1412620167	1.98e-07
1412620227	1.98e-07
1412620288	1.98e-07
1412620349	1.98e-07
1412620409	1.98e-07
1412620469	1.98e-07
1412620530	1.98e-07
1412620590	1.98e-07
1412620651	1.98e-07
1412620712	1.98e-07
1412620772	1.98e-07
1412620833	1.98e-07
1412620893	1.98e-07
1412620954	1.98e-07
1412621014	1.98e-07
1412621075	1.98e-07
1412621135	1.98e-07
1412621196	1.98e-07
1412621256	1.98e-07
1412621317	1.98e-07
1412621377	1.98e-07
1412621438	1.98e-07
1412621498	1.98e-07
1412621559	1.98e-07
1412621619	1.98e-07
1412621679	1.98e-07
1412621740	1.98e-07
1412621800	1.98e-07
1412621861	1.98e-07
1412621921	1.98e-07
1412621982	1.98e-07
1412622042	1.98e-07
1412622103	1.98e-07
1412622163	1.98e-07
1412622224	1.98e-07
1412622284	1.98e-07
1412622345	1.98e-07
1412622405	1.98e-07
1412622466	1.98e-07
1412622526	1.98e-07
1412622587	1.98e-07
1412622647	1.98e-07
1412622708	1.98e-07
1412622768	1.98e-07
1412622829	1.98e-07
1412622889	1.99e-07
1412622950	1.99e-07
1412623010	1.99e-07
1412623071	1.99e-07
1412623131	1.99e-07
1412623192	1.99e-07
1412623252	1.99e-07
1412623313	1.99e-07
1412623373	1.99e-07
1412623434	1.99e-07
1412623494	1.99e-07
1412623555	1.99e-07
1412623615	1.99e-07
1412623676	1.99e-07
1412623736	1.99e-07
1412623797	1.99e-07
1412623857	1.99e-07
1412623918	1.99e-07
1412623978	1.99e-07
1412624039	1.99e-07
1412624099	1.99e-07
1412624160	1.99e-07
1412624220	1.99e-07
1412624281	1.99e-07
1412624342	1.99e-07
1412624402	1.99e-07
1412624463	1.99e-07
1412624523	1.99e-07
1412624584	1.99e-07
1412624644	1.99e-07
1412624704	1.99e-07
1412624765	1.99e-07
1412624825	1.99e-07
1412624886	1.99e-07
1412624946	1.99e-07
1412625007	1.99e-07
1412625067	1.99e-07
1412625128	1.99e-07
1412625188	1.99e-07
1412625249	1.99e-07
1412625309	1.99e-07
1412625370	1.99e-07
1412625430	1.99e-07
1412625491	1.99e-07
1412625551	1.99e-07
1412625612	1.99e-07
1412625672	1.99e-07
1412625733	1.99e-07
1412625793	1.99e-07
1412625854	2e-07
1412625914	2e-07
1412625974	2e-07
1412626035	2e-07
1412626095	2e-07
1412626156	2e-07
1412626217	2e-07
1412626277	2e-07
1412626338	2e-07
1412626398	2e-07
1412626458	2e-07
1412626519	2e-07
1412626579	2e-07
1412626640	2e-07
1412626700	2e-07
1412626761	2e-07
1412626822	2e-07
1412626882	2e-07
1412626942	2e-07
1412627003	2e-07
1412627063	2e-07
1412627124	2e-07
1412627184	2e-07
1412627245	2e-07
1412627305	2e-07
1412627366	2e-07
1412627426	2e-07
1412627487	2e-07
1412627547	2e-07
1412627608	2e-07
1412627668	2e-07
1412627729	2e-07
1412627789	2e-07
1412627850	2e-07
1412627910	2e-07
1412627971	2e-07
1412628031	2e-07
1412628092	2e-07
1412628152	2e-07
1412628213	2e-07
1412628273	2e-07
1412628334	2e-07
1412628394	2e-07
1412628455	2e-07
1412628515	2e-07
1412628576	2e-07
1412628636	2e-07
1412628697	2e-07
1412628757	2.01e-07
1412628818	2.01e-07
1412628878	2.01e-07
1412628939	2.01e-07
1412629000	2.01e-07
1412629060	2.01e-07
1412629121	2.01e-07
1412629181	2.01e-07
1412629242	2.01e-07
1412629302	2.01e-07
1412629363	2.01e-07
1412629423	2.01e-07
1412629484	2.01e-07
1412629544	2.01e-07
1412629605	2.01e-07
1412629665	2.01e-07
1412629726	2.01e-07
1412629786	2.01e-07
1412629847	2.01e-07
1412629907	2.01e-07
1412629967	2.01e-07
1412630028	2.01e-07
1412630089	2.01e-07
1412630149	2.01e-07
1412630210	2.01e-07
1412630270	2.01e-07
1412630330	2.01e-07
1412630391	2.01e-07
1412630451	2.01e-07
1412630512	2.01e-07
1412630572	2.01e-07
1412630633	2.01e-07
1412630693	2.01e-07
1412630754	2.01e-07
1412630814	2.01e-07
1412630875	2.01e-07
1412630935	2.01e-07
1412630996	2.01e-07
1412631056	2.01e-07
1412631117	2.01e-07
1412631177	2.01e-07
1412631237	2.01e-07
1412631298	2.01e-07
1412631358	2.01e-07
1412631419	2.01e-07
1412631479	2.01e-07
1412631540	2.01e-07
1412631600	2.01e-07
1412631661	2.01e-07
1412631721	2.01e-07
1412631782	2.01e-07
1412631842	2.01e-07
1412631903	2.01e-07
1412631963	2.01e-07
1412632024	2.01e-07
1412632084	2.02e-07
1412632145	2.02e-07
1412632205	2.02e-07
1412632266	2.02e-07
1412632326	2.02e-07
1412632387	2.02e-07
1412632448	2.02e-07
1412632508	2.02e-07
1412632568	2.02e-07
1412632629	2.02e-07
1412632689	2.02e-07
1412632750	2.02e-07
1412632810	2.02e-07
1412632871	2.02e-07
1412632932	2.02e-07
1412632992	2.02e-07
1412633053	2.02e-07
1412633113	2.02e-07
1412633174	2.02e-07
1412633234	2.02e-07
1412633295	2.02e-07
1412633355	2.02e-07
1412633416	2.02e-07
1412633476	2.02e-07
1412633537	2.02e-07
1412633597	2.02e-07
1412633658	2.02e-07
1412633718	2.02e-07
1412633779	2.02e-07
1412633839	2.02e-07
1412633900	2.02e-07
1412633960	2.02e-07
1412634021	2.02e-07
1412634081	2.02e-07
1412634142	2.02e-07
1412634202	2.02e-07
1412634263	2.02e-07
1412634323	2.02e-07
1412634384	2.02e-07
1412634444	2.02e-07
1412634505	2.02e-07
1412634565	2.02e-07
1412634626	2.02e-07
1412634687	2.02e-07
1412634747	2.02e-07
1412634808	3.56e-07
1412634868	4.24e-07
1412634929	5.1e-07
1412634989	5.05e-07
1412635050	5.33e-07
1412635110	5.6e-07
1412635171	5.84e-07
1412635231	6.07e-07
1412635292	6.28e-07
1412635352	6.48e-07
1412635413	6.67e-07
1412635473	6.84e-07
1412636442	0.0
1412636503	4.84e-07
1412636563	4.01e-07
1412636623	3.62e-07
1412636684	3.38e-07
1412636744	3.2e-07
1412636805	3.07e-07
1412636865	2.96e-07