1408552063	1.21e-05
1408552123	1.21e-05
1408552184	1.21e-05
1408552244	1.21e-05
1408552305	1.2e-05
1408552365	1.2e-05
1408552425	1.21e-05
1408552486	1.21e-05
1408552546	1.23e-05
1408552607	7.53e-05
1408552667	8.3e-05
1408552728	8.53e-05
1408552788	8.64e-05
1408552849	8.7e-05
1408552909	8.75e-05
1408552970	8.78e-05
1408558432	1.21e-05
1408558492	1.21e-05
1408558553	1.21e-05
1408558613	1.21e-05
1408558674	1.21e-05
1408558734	1.21e-05
1408558795	1.21e-05
1408558855	1.21e-05
1408558916	1.21e-05
1408558976	1.2e-05
1408559037	1.2e-05
1408559097	1.2e-05
1408559158	1.2e-05
1408559218	1.2e-05
1408559279	1.2e-05
1408559339	1.2e-05
1408559400	1.2e-05
1408559460	1.2e-05
1408559521	1.2e-05
1408559581	1.2e-05
1408559642	1.19e-05
1408559702	1.19e-05
1408559763	1.19e-05
1408559823	1.19e-05
1408559884	1.19e-05
1408559944	1.19e-05
1408560005	1.19e-05
1408560065	1.19e-05
1408560126	1.19e-05
1408560186	1.19e-05
1408560247	1.19e-05
1408560307	1.19e-05
1408560368	1.19e-05
1408560428	1.18e-05
1408560489	1.18e-05
1408560549	1.18e-05
1408560610	1.18e-05
1408560670	1.18e-05
1408560731	1.18e-05
1408560792	1.18e-05
1408560852	1.18e-05
1408560913	1.18e-05
1408560973	1.18e-05
1408561034	1.18e-05
1408561094	1.18e-05
1408561155	1.18e-05
1408561215	1.17e-05
1408561276	1.17e-05
1408561336	1.17e-05
1408561397	1.17e-05
1408561457	1.17e-05
1408561517	1.17e-05
1408561578	1.17e-05
1408561638	1.17e-05
1408561699	1.17e-05
1408561759	1.17e-05
1408561820	1.17e-05
1408561880	1.17e-05
1408561941	1.17e-05
1408562001	1.17e-05
1408562062	1.16e-05
1408562122	1.16e-05
1408562183	1.16e-05
1408562243	1.16e-05
1408562304	1.16e-05
1408562364	1.16e-05
1408562425	1.16e-05
1408562485	1.16e-05
1408562546	1.16e-05
1408562606	1.16e-05
1408562667	1.16e-05
1408562727	1.16e-05
1408562788	1.16e-05
1408562848	1.16e-05
1408562909	1.16e-05
1408562969	1.15e-05
1408563030	1.15e-05
1408563090	1.15e-05
1408563151	1.15e-05
1408563211	1.15e-05
1408563272	1.15e-05
1408563332	1.15e-05
1408563393	1.15e-05
1408563453	1.15e-05
1408563514	1.15e-05
1408563574	1.15e-05
1408563635	1.15e-05
1408563695	1.15e-05
1408563756	1.15e-05
1408563816	1.15e-05
1408563877	1.15e-05
1408563937	1.14e-05
1408563998	1.14e-05
1408564058	1.14e-05
1408564119	1.14e-05
1408564179	1.14e-05
1408564240	1.14e-05
1408564300	1.14e-05
1408564361	1.14e-05
1408564421	1.14e-05
1408564482	1.14e-05
1408564542	1.14e-05
1408564603	1.14e-05
1408564663	1.14e-05
1408564724	1.14e-05
1408564784	1.14e-05
1408564845	1.14e-05
1408564905	1.13e-05
1408564966	1.13e-05
1408565026	1.13e-05
1408565087	1.13e-05
1408565147	1.13e-05
1408565207	1.13e-05
1408565268	1.13e-05
1408565328	1.13e-05
1408565389	1.13e-05
1408565449	1.13e-05
1408565510	1.13e-05
1408565570	1.13e-05
1408565631	1.13e-05
1408565691	1.13e-05
1408565752	1.13e-05
1408565812	1.13e-05
1408565873	1.13e-05
1408565933	1.12e-05
1408565994	1.12e-05
1408566054	1.12e-05
1408566115	1.1e-05
1408566175	1.1e-05
1408566236	1.1e-05
1408566296	1.1e-05
1408566357	1.1e-05
1408566417	1.1e-05
1408566478	1.1e-05
1408566538	1.1e-05
1408566599	1.1e-05
1408566659	1.1e-05
1408566720	1.1e-05
1408566780	1.1e-05
1408566841	1.1e-05
1408566901	1.1e-05
1408566962	1.1e-05
1408567022	9.1e-06
1408567083	9.03e-06
1408567144	8.99e-06
1408567204	9.01e-06
1408567264	9.06e-06
1408567325	9.04e-06
1408567385	9.1e-06
1408567446	9.06e-06
1408567506	9.09e-06
1408567567	9.1e-06
1408567627	9.11e-06
1408567688	9.1e-06
1408567749	9.1e-06
1408567809	9.11e-06
1408567870	9.11e-06
1408567930	9.11e-06
1408567991	9.1e-06
1408568051	9.1e-06
1408568112	9.1e-06
1408568172	9.1e-06
1408568233	9.09e-06
1408568293	9.09e-06
1408568354	9.08e-06
1408568414	9.07e-06
1408568475	9.08e-06
1408568535	9.03e-06
1408568596	9.04e-06
1408568656	9.03e-06
1408568717	9.02e-06
1408568777	9.03e-06
1408568838	9.02e-06
1408568898	9.01e-06
1408568958	9.01e-06
1408569019	9.01e-06
1408569079	9e-06
1408569140	9e-06
1408569200	8.99e-06
1408569261	8.99e-06
1408569321	8.99e-06
1408569382	8.98e-06
1408569442	8.99e-06
1408569503	8.99e-06
1408569563	8.99e-06
1408569623	8.99e-06
1408569684	8.99e-06
1408569744	8.99e-06
1408569805	8.98e-06
1408569865	8.98e-06
1408569926	8.97e-06
1408569986	8.97e-06
1408570047	8.97e-06
1408570108	8.96e-06
1408570168	8.96e-06
1408570229	8.95e-06
1408570289	8.95e-06
1408570350	8.94e-06
1408570410	8.95e-06
1408570471	8.94e-06
1408570531	8.93e-06
1408570592	9.33e-06
1408570652	9.31e-06
1408570713	9.29e-06
1408570773	9.29e-06
1408570834	9.27e-06
1408570894	9.26e-06
1408570955	9.25e-06
1408571015	9.26e-06
1408571076	9.25e-06
1408571136	9.24e-06
1408571197	9.24e-06
1408571257	9.24e-06
1408571318	9.23e-06
1408571378	9.23e-06
1408571439	9.22e-06
1408571499	9.22e-06
1408571560	9.21e-06
1408571620	9.19e-06
1408571681	9.18e-06
1408571741	9.19e-06
1408571802	9.5e-06
1408571862	9.47e-06
1408571923	9.46e-06
1408571983	9.43e-06
1408572044	9.41e-06
1408572104	9.4e-06
1408572165	9.39e-06
1408572225	9.38e-06
1408572286	9.37e-06
1408572346	9.36e-06
1408572407	9.36e-06
1408572467	9.35e-06
1408572528	9.34e-06
1408572588	9.34e-06
1408572649	9.33e-06
1408572709	9.33e-06
1408572770	9.32e-06
1408572830	9.31e-06
1408572891	9.31e-06
1408572951	9.3e-06
1408573012	9.3e-06
1408573072	9.29e-06
1408573133	9.3e-06
1408573193	9.31e-06
1408573254	9.3e-06
1408573314	9.3e-06
1408573375	9.29e-06
1408573435	9.28e-06
1408573496	9.27e-06
1408573556	9.27e-06
1408573617	9.27e-06
1408573677	9.28e-06
1408573738	9.27e-06
1408573798	9.26e-06
1408573859	9.26e-06
1408573919	9.24e-06
1408573980	9.24e-06
1408574040	9.23e-06
1408574101	9.23e-06
1408574161	9.22e-06
1408574222	9.22e-06
1408574282	9.21e-06
1408574343	9.21e-06
1408574403	9.2e-06
1408574464	9.21e-06
1408574524	9.2e-06
1408574585	9.2e-06
1408574645	9.19e-06
1408574706	9.19e-06
1408574766	9.18e-06
1408574827	9.18e-06
1408574887	9.17e-06
1408574948	9.17e-06
1408575008	9.16e-06
1408575069	9.15e-06
1408575129	9.15e-06
1408575189	9.14e-06
1408575250	9.14e-06
1408575310	9.13e-06
1408575371	9.14e-06
1408575432	9.13e-06
1408575492	9.13e-06
1408575553	9.12e-06
1408575613	9.12e-06
1408575674	9.11e-06
1408575734	9.11e-06
1408575795	9.1e-06
1408575855	9.1e-06
1408575916	9.09e-06
1408575976	9.09e-06
1408576037	9.09e-06
1408576097	9.08e-06
1408576158	9.08e-06
1408576218	9.22e-06
1408576279	9.22e-06
1408576339	9.21e-06
1408576400	9.21e-06
1408576460	9.2e-06
1408576521	9.19e-06
1408576581	9.19e-06
1408576642	9.18e-06
1408576702	9.18e-06
1408576763	9.17e-06
1408576823	9.18e-06
1408576884	9.16e-06
1408576944	9.16e-06
1408577005	9.16e-06
1408577065	9.15e-06
1408577126	9.16e-06
1408577186	9.15e-06
1408577247	9.14e-06
1408577307	8.77e-06
1408577368	8.77e-06
1408577428	8.76e-06
1408577489	8.77e-06
1408577549	8.76e-06
1408577610	8.78e-06
1408577670	8.76e-06
1408577731	8.75e-06
1408577791	8.74e-06
1408577852	8.73e-06
1408577912	8.72e-06
1408577973	8.71e-06
1408578033	8.7e-06
1408578094	8.69e-06
1408578154	8.68e-06
1408578215	8.68e-06
1408578275	8.68e-06
1408578336	8.67e-06
1408578396	8.66e-06
1408578457	8.67e-06
1408578517	8.65e-06
1408578577	8.66e-06
1408578638	8.65e-06
1408578698	8.65e-06
1408578759	8.65e-06
1408578819	8.64e-06
1408578880	8.63e-06
1408578940	8.64e-06
1408579001	8.63e-06
1408579061	8.62e-06
1408579122	8.6e-06
1408579182	8.6e-06
1408579243	8.6e-06
1408579303	8.59e-06
1408579364	8.59e-06
1408579424	8.58e-06
1408579485	8.58e-06
1408579545	8.57e-06
1408579605	8.56e-06
1408579666	8.56e-06
1408579726	8.6e-06
1408579787	8.61e-06
1408579847	8.58e-06
1408579908	8.56e-06
1408579968	8.56e-06
1408580029	8.56e-06
1408580089	8.56e-06
1408580150	8.55e-06
1408580210	8.49e-06
1408580271	8.49e-06
1408580331	8.48e-06
1408580392	8.48e-06
1408580452	8.47e-06
1408580513	8.47e-06
1408580573	8.47e-06
1408580634	8.46e-06
1408580694	8.46e-06
1408580755	8.45e-06
1408580815	8.45e-06
1408580876	8.44e-06
1408580936	8.43e-06
1408580997	8.43e-06
1408581057	8.42e-06
1408581118	8.42e-06
1408581178	8.42e-06
1408581239	8.41e-06
1408581299	8.41e-06
1408581360	8.4e-06
1408581421	8.4e-06
1408581481	8.4e-06
1408581542	8.39e-06
1408581602	8.39e-06
1408581663	8.38e-06
1408581723	8.38e-06
1408581784	8.38e-06
1408581844	8.39e-06
1408581905	8.39e-06
1408581965	8.39e-06
1408582026	8.4e-06
1408582086	8.38e-06
1408582146	8.38e-06
1408582207	8.37e-06
1408582268	8.36e-06
1408582328	8.38e-06
1408582388	8.35e-06
1408582449	8.4e-06
1408582510	8.39e-06
1408582570	8.4e-06
1408582631	8.4e-06
1408582691	8.77e-06
1408582751	8.76e-06
1408582812	8.75e-06
1408582873	8.75e-06
1408582933	8.74e-06
1408582993	8.73e-06
1408583054	8.72e-06
1408583114	8.72e-06
1408583175	8.72e-06
1408583235	8.71e-06
1408583296	8.71e-06
1408583356	8.7e-06
1408583417	8.7e-06
1408583477	8.69e-06
1408583538	8.69e-06
1408583598	8.68e-06
1408583659	8.68e-06
1408583719	8.67e-06
1408583780	8.67e-06
1408583840	8.66e-06
1408583901	8.65e-06
1408583961	8.65e-06
1408584022	8.65e-06
1408584082	8.64e-06
1408584143	8.94e-06
1408584204	8.81e-06
1408584264	8.69e-06
1408584324	8.69e-06
1408584385	8.68e-06
1408584446	8.68e-06
1408584506	8.67e-06
1408584566	8.67e-06
1408584627	8.66e-06
1408584687	8.65e-06
1408584748	8.65e-06
1408584808	8.65e-06
1408584869	8.65e-06
1408584929	8.64e-06
1408584990	8.64e-06
1408585050	8.63e-06
1408585111	8.62e-06
1408585171	8.62e-06
1408585232	8.62e-06
1408585292	8.61e-06
1408585353	8.6e-06
1408585413	8.6e-06
1408585474	8.59e-06
1408585534	8.59e-06
1408585595	8.58e-06
1408585655	8.57e-06
1408585716	8.57e-06
1408585776	8.56e-06
1408585837	8.56e-06
1408585897	8.56e-06
1408585958	8.56e-06
1408586018	8.55e-06
1408586079	8.55e-06
1408586140	8.54e-06
1408586200	8.53e-06
1408586261	8.53e-06
1408586321	8.52e-06
1408586381	8.52e-06
1408586442	8.51e-06
1408586502	8.51e-06
1408586563	8.5e-06
1408586623	8.5e-06
1408586684	8.5e-06
1408586744	8.49e-06
1408586805	8.48e-06
1408586865	8.47e-06
1408586926	8.47e-06
1408586986	8.47e-06
1408587047	8.47e-06
1408587107	8.46e-06
1408587168	8.46e-06
1408587228	8.45e-06
1408587289	8.45e-06
1408587349	8.44e-06
1408587410	8.47e-06
1408587470	8.45e-06
1408587531	8.45e-06
1408587591	8.44e-06
1408587652	8.43e-06
1408587712	8.43e-06
1408587773	8.42e-06
1408587833	8.42e-06
1408587894	8.41e-06
1408587954	8.41e-06
1408588015	8.4e-06
1408588075	8.39e-06
1408588136	8.39e-06
1408588197	8.39e-06
1408588257	8.38e-06
1408588318	8.38e-06
1408588378	8.37e-06
1408588439	8.38e-06
1408588499	8.36e-06
1408588560	8.36e-06
1408588620	8.35e-06
1408588681	8.35e-06
1408588741	8.34e-06
1408588802	8.34e-06
1408588862	8.33e-06
1408588923	8.33e-06
1408588983	8.32e-06
1408589044	8.32e-06
1408589104	8.32e-06
1408589165	8.32e-06
1408589225	8.31e-06
1408589286	8.31e-06
1408589346	8.3e-06
1408589407	8.3e-06
1408589467	8.29e-06
1408589528	8.3e-06
1408589588	8.29e-06
1408589649	8.29e-06
1408589709	8.28e-06
1408589770	8.27e-06
1408589830	8.27e-06
1408589891	8.26e-06
1408589951	8.27e-06
1408590012	8.26e-06
1408590073	8.25e-06
1408590133	8.25e-06
1408590194	8.24e-06
1408590254	8.23e-06
1408590314	8.23e-06
1408590375	8.23e-06
1408590435	8.23e-06
1408590496	8.22e-06
1408590556	8.32e-06
1408590617	8.3e-06
1408590677	8.29e-06
1408590738	8.29e-06
1408590799	8.28e-06
1408590859	8.27e-06
1408590920	8.27e-06
1408590980	8.26e-06
1408591041	8.25e-06
1408591101	8.25e-06
1408591162	8.24e-06
1408591222	8.24e-06
1408591283	8.24e-06
1408591343	8.23e-06
1408591404	8.23e-06
1408591464	8.22e-06
1408591525	8.22e-06
1408591585	8.21e-06
1408591646	8.21e-06
1408591706	8.2e-06
1408591767	8.2e-06
1408591827	8.2e-06
1408591888	8.19e-06
1408591948	8.19e-06
1408592009	8.18e-06
1408592069	8.18e-06
1408592130	8.17e-06
1408592190	8.17e-06
1408592250	8.17e-06
1408592311	8.16e-06
1408592371	8.16e-06
1408592432	8.15e-06
1408592493	8.15e-06
1408592553	8.14e-06
1408592613	8.14e-06
1408592674	8.14e-06
1408592734	8.13e-06
1408592795	8.13e-06
1408592855	8.12e-06
1408592916	8.12e-06
1408592976	8.11e-06
1408593037	8.11e-06
1408593097	8.1e-06
1408593158	8.1e-06
1408593218	8.1e-06
1408593279	8.09e-06
1408593339	8.09e-06
1408593400	8.08e-06
1408593460	8.08e-06
1408593521	8.07e-06
1408593582	8.07e-06
1408593642	8.06e-06
1408593703	8.06e-06
1408593763	8.06e-06
1408593824	8.06e-06
1408593884	8.05e-06
1408593945	8.05e-06
1408594005	8.04e-06
1408594066	8.04e-06
1408594126	8.03e-06
1408594187	8.03e-06
1408594247	8.03e-06
1408594308	8.02e-06
1408594368	8.02e-06
1408594429	8.01e-06
1408594489	8.01e-06
1408594550	8.01e-06
1408594610	8e-06
1408594671	8e-06
1408594732	7.99e-06
1408594792	7.99e-06
1408594853	7.98e-06
1408594913	7.98e-06
1408594974	7.98e-06
1408595034	7.97e-06
1408595095	7.97e-06
1408595155	7.97e-06
1408595216	7.96e-06
1408595276	7.96e-06
1408595337	7.95e-06
1408595397	7.95e-06
1408595458	7.95e-06
1408595518	7.94e-06
1408595579	7.94e-06
1408595639	7.93e-06
1408595700	7.93e-06
1408595760	7.93e-06
1408595821	7.92e-06
1408595881	7.92e-06
1408595942	7.91e-06
1408596002	7.91e-06
1408596063	7.91e-06
1408596123	7.91e-06
1408596184	7.9e-06
1408596244	7.9e-06
1408596305	7.89e-06
1408596365	7.89e-06
1408596426	7.89e-06
1408596486	7.88e-06
1408596547	7.88e-06
1408596607	7.87e-06
1408596668	7.87e-06
1408596728	7.86e-06
1408596788	7.86e-06
1408596849	7.86e-06
1408596909	7.85e-06
1408596970	7.85e-06
1408597030	7.84e-06
1408597091	7.84e-06
1408597151	7.84e-06
1408597212	7.84e-06
1408597272	7.83e-06
1408597333	7.83e-06
1408597393	7.82e-06
1408597454	7.82e-06
1408597514	7.82e-06
1408597575	7.81e-06
1408597635	7.81e-06
1408597696	7.81e-06
1408597756	7.8e-06
1408597817	7.8e-06
1408597877	7.8e-06
1408597938	7.79e-06
1408597998	7.79e-06
1408598059	7.78e-06
1408598119	7.78e-06
1408598180	7.78e-06
1408598240	7.77e-06
1408598301	7.77e-06
1408598361	7.76e-06
1408598422	7.76e-06
1408598482	7.76e-06
1408598543	7.76e-06
1408598603	7.75e-06
1408598664	7.75e-06
1408598724	7.74e-06
1408598785	7.74e-06
1408598845	7.74e-06
1408598906	7.73e-06
1408598966	7.73e-06
1408599027	7.73e-06
1408599087	7.72e-06
1408599148	7.72e-06
1408599208	7.72e-06
1408599269	7.71e-06
1408599329	7.71e-06
1408599390	7.7e-06
1408599450	7.7e-06
1408599511	7.7e-06
1408599571	7.69e-06
1408599632	7.69e-06
1408599692	7.69e-06
1408599753	7.68e-06
1408599813	7.68e-06
1408599874	7.67e-06
1408599934	7.67e-06
1408599995	7.67e-06
1408600055	7.66e-06
1408600116	7.66e-06
1408600176	7.66e-06
1408600237	7.65e-06
1408600297	7.65e-06
1408600358	7.65e-06
1408600418	7.64e-06
1408600479	7.64e-06
1408600539	7.64e-06
1408600600	7.63e-06
1408600660	7.63e-06
1408600721	7.62e-06
1408600781	7.62e-06
1408600842	7.62e-06
1408600902	7.62e-06
1408600963	7.61e-06
1408601023	7.61e-06
1408601084	7.61e-06
1408601144	7.6e-06
1408601205	7.6e-06
1408601265	7.59e-06
1408601326	7.59e-06
1408601386	7.59e-06
1408601447	7.59e-06
1408601507	7.58e-06
1408601568	7.58e-06
1408601628	7.57e-06
1408601689	7.57e-06
1408601749	7.57e-06
1408601810	7.56e-06
1408601870	7.56e-06
1408601931	7.56e-06
1408601991	7.55e-06
1408602052	7.55e-06
1408602112	7.55e-06
1408602173	7.54e-06
1408602233	7.54e-06
1408602294	7.54e-06
1408602354	7.53e-06
1408602415	7.53e-06
1408602475	7.53e-06
1408602536	7.53e-06
1408602596	7.52e-06
1408602657	7.52e-06
1408602717	7.51e-06
1408602778	7.51e-06
1408602838	7.51e-06
1408602899	7.51e-06
1408602959	7.5e-06
1408603020	7.5e-06
1408603080	7.5e-06
1408603141	7.49e-06
1408603201	7.49e-06
1408603262	7.49e-06
1408603322	7.48e-06
1408603383	7.48e-06
1408603443	7.48e-06
1408603504	7.47e-06
1408603564	7.47e-06
1408603625	7.47e-06
1408603685	7.46e-06
1408603746	7.46e-06
1408603806	7.46e-06
1408603867	7.45e-06
1408603927	7.45e-06
1408603988	7.45e-06
1408604048	7.44e-06
1408604109	7.44e-06
1408604169	7.44e-06
1408604230	7.44e-06
1408604290	7.43e-06
1408604351	7.43e-06
1408604411	7.43e-06
1408604472	7.42e-06
1408604532	7.42e-06
1408604593	7.42e-06
1408604653	7.41e-06
1408604714	7.41e-06
1408604774	7.41e-06
1408604835	7.41e-06
1408604895	7.4e-06
1408604956	7.4e-06
1408605016	7.4e-06
1408605077	7.39e-06
1408605138	7.39e-06
1408605198	7.39e-06
1408605259	7.38e-06
1408605319	7.38e-06
1408605380	7.38e-06
1408605440	7.37e-06
1408605501	7.37e-06
1408605561	7.37e-06
1408605622	7.36e-06
1408605682	7.36e-06
1408605742	7.36e-06
1408605803	7.36e-06
1408605863	7.35e-06
1408605924	7.35e-06
1408605984	7.35e-06
1408606045	7.34e-06
1408606105	7.34e-06
1408606166	7.34e-06
1408606226	7.33e-06
1408606287	7.33e-06
1408606347	7.33e-06
1408606408	7.32e-06
1408606468	7.32e-06
1408606529	7.32e-06
1408606590	7.32e-06
1408606650	7.31e-06
1408606711	7.31e-06
1408606771	7.31e-06
1408606832	7.3e-06
1408606892	7.3e-06
1408606953	7.3e-06
1408607013	7.3e-06
1408607074	7.3e-06
1408607134	7.29e-06
1408607195	7.29e-06
1408607255	7.28e-06
1408607316	7.28e-06
1408607376	7.28e-06
1408607437	7.28e-06
1408607497	7.27e-06
1408607558	7.27e-06
1408607619	7.27e-06
1408607679	7.26e-06
1408607740	7.26e-06
1408607800	7.26e-06
1408607861	7.26e-06
1408607921	7.25e-06
1408607982	7.25e-06
1408608042	7.25e-06
1408608103	7.24e-06
1408608163	7.24e-06
1408608224	7.24e-06
1408608284	7.23e-06
1408608345	7.23e-06
1408608405	7.23e-06
1408608466	7.23e-06
1408608526	7.22e-06
1408608587	7.22e-06
1408608647	7.22e-06
1408608708	7.21e-06
1408608768	7.21e-06
1408608829	7.21e-06
1408608889	7.21e-06
1408608950	7.2e-06
1408609011	7.2e-06
1408609071	7.2e-06
1408609132	7.19e-06
1408609192	7.19e-06
1408609253	7.19e-06
1408609313	7.19e-06
1408609374	7.18e-06
1408609434	7.18e-06
1408609495	7.18e-06
1408609555	7.17e-06
1408609616	7.17e-06
1408609676	7.17e-06
1408609737	7.17e-06
1408609797	7.1e-06
1408609858	7.09e-06
1408609918	7.08e-06
1408609978	7.08e-06
1408610039	7.08e-06
1408610100	7.07e-06
1408610160	7.07e-06
1408610221	7.07e-06
1408610281	7.06e-06
1408610341	7.06e-06
1408610402	7.06e-06
1408610462	7.05e-06
1408610523	7.05e-06
1408610583	7.05e-06
1408610644	7.04e-06
1408610704	7.05e-06
1408610765	7.05e-06
1408610825	7.04e-06
1408610886	7.04e-06
1408610946	7.03e-06
1408611007	7.03e-06
1408611067	7.03e-06
1408611128	7.03e-06
1408611189	7.03e-06
1408611249	7.02e-06
1408611310	7.02e-06
1408611370	7.01e-06
1408611431	7.01e-06
1408611491	7.01e-06
1408611552	7e-06
1408611612	7e-06
1408611673	7e-06
1408611734	7e-06
1408611794	6.99e-06
1408611854	7e-06
1408611915	6.98e-06
1408611976	6.98e-06
1408612036	6.97e-06
1408612097	6.98e-06
1408612157	6.96e-06
1408612218	6.96e-06
1408612278	6.96e-06
1408612339	6.96e-06
1408612399	6.96e-06
1408612460	6.95e-06
1408612520	6.95e-06
1408612581	6.95e-06
1408612641	6.94e-06
1408612702	6.94e-06
1408612762	6.93e-06
1408612823	6.93e-06
1408612883	6.94e-06
1408612944	6.94e-06
1408613004	6.94e-06
1408613065	6.93e-06
1408613126	6.92e-06
1408613186	6.92e-06
1408613247	6.92e-06
1408613307	6.91e-06
1408613368	6.92e-06
1408613428	6.91e-06
1408613489	6.9e-06
1408613549	6.89e-06
1408613610	6.91e-06
1408613670	6.9e-06
1408613731	6.89e-06
1408613791	6.9e-06
1408613852	6.89e-06
1408613912	6.88e-06
1408613973	6.89e-06
1408614034	6.88e-06
1408614094	6.88e-06
1408614155	6.87e-06
1408614215	6.87e-06
1408614276	6.87e-06
1408614336	6.86e-06
1408614397	6.87e-06
1408614457	6.87e-06
1408614518	6.86e-06
1408614578	6.86e-06
1408614639	6.86e-06
1408614699	6.86e-06
1408614760	6.85e-06
1408614820	6.85e-06
1408614881	6.85e-06
1408614941	6.84e-06
1408615002	6.85e-06
1408615062	6.85e-06
1408615123	6.84e-06
1408615183	6.84e-06
1408615244	6.83e-06
1408615304	6.83e-06
1408615365	6.82e-06
1408615425	6.82e-06
1408615486	6.82e-06
1408615546	6.81e-06
1408615607	6.8e-06
1408615667	6.8e-06
1408615728	6.8e-06
1408615788	6.81e-06
1408615849	6.82e-06
1408615909	6.81e-06
1408615970	6.8e-06
1408616031	6.8e-06
1408616091	6.79e-06
1408616152	6.78e-06
1408616212	6.78e-06
1408616273	6.78e-06
1408616333	6.78e-06
1408616394	6.79e-06
1408616454	6.78e-06
1408616515	6.77e-06
1408616575	6.77e-06
1408616636	6.76e-06
1408616696	6.76e-06
1408616757	6.77e-06
1408616817	6.76e-06
1408616877	6.75e-06
1408616938	6.75e-06
1408616999	6.75e-06
1408617059	6.74e-06
1408617119	6.76e-06
1408617180	6.75e-06
1408617240	6.76e-06
1408617301	6.75e-06
1408617361	6.74e-06
1408617422	6.7e-06
1408617483	6.7e-06
1408617543	6.69e-06
1408617604	6.68e-06
1408617664	6.68e-06
1408617725	6.68e-06
1408617785	6.68e-06
1408617846	6.67e-06
1408617906	6.67e-06
1408617966	6.67e-06
1408618027	6.66e-06
1408618087	6.66e-06
1408618148	6.66e-06
1408618208	6.66e-06
1408618269	6.65e-06
1408618329	6.65e-06
1408618390	6.65e-06
1408618450	6.65e-06
1408618511	6.74e-06
1408618571	6.72e-06
1408618632	6.71e-06
1408618692	6.7e-06
1408618753	6.7e-06
1408618814	6.7e-06
1408618874	6.7e-06
1408618934	6.69e-06
1408618995	6.69e-06
1408619055	6.69e-06
1408619116	6.68e-06
1408619177	6.68e-06
1408619237	6.68e-06
1408619298	6.67e-06
1408619358	6.66e-06
1408619419	6.66e-06
1408619479	6.66e-06
1408619540	6.65e-06
1408619600	6.66e-06
1408619661	6.66e-06
1408619721	6.66e-06
1408619782	6.65e-06
1408619842	6.65e-06
1408619903	6.64e-06
1408619963	6.64e-06
1408620024	6.65e-06
1408620084	6.64e-06
1408620145	6.64e-06
1408620205	6.63e-06
1408620266	6.63e-06
1408620326	6.64e-06
1408620387	6.63e-06
1408620448	6.63e-06
1408620508	6.62e-06
1408620568	6.62e-06
1408620629	6.62e-06
1408620689	6.62e-06
1408620750	6.61e-06
1408620810	6.61e-06
1408620871	6.61e-06
1408620932	6.6e-06
1408620992	6.61e-06
1408621053	6.61e-06
1408621113	6.59e-06
1408621174	6.6e-06
1408621234	6.59e-06
1408621295	6.59e-06
1408621355	6.61e-06
1408621416	6.61e-06
1408621476	6.6e-06
1408621537	6.59e-06
1408621597	6.59e-06
1408621658	6.59e-06
1408621718	6.59e-06
1408621779	6.59e-06
1408621839	6.69e-06
1408621900	6.68e-06
1408621960	6.35e-06
1408622021	6.34e-06
1408622081	6.34e-06
1408622142	6.34e-06
1408622202	6.34e-06
1408622263	6.34e-06
1408622323	6.34e-06
1408622384	6.33e-06
1408622445	6.32e-06
1408622505	6.32e-06
1408622566	6.32e-06
1408622626	6.32e-06
1408622687	6.34e-06
1408622747	6.33e-06
1408622808	6.33e-06
1408622868	6.33e-06
1408622929	6.33e-06
1408622989	6.32e-06
1408623050	6.31e-06
1408623110	6.31e-06
1408623171	6.3e-06
1408623231	6.32e-06
1408623292	6.31e-06
1408623352	6.31e-06
1408623413	6.3e-06
1408623473	6.31e-06
1408623534	6.3e-06
1408623594	6.29e-06
1408623655	6.29e-06
1408623715	6.29e-06
1408623776	6.29e-06
1408623836	6.28e-06
1408623897	6.28e-06
1408623957	6.28e-06
1408624018	6.27e-06
1408624078	6.28e-06
1408624139	6.28e-06
1408624199	6.27e-06
1408624260	6.26e-06
1408624320	6.26e-06
1408624381	6.25e-06
1408624441	6.25e-06
1408624502	6.24e-06
1408624562	6.24e-06
1408624623	6.24e-06
1408624683	6.24e-06
1408624744	6.24e-06
1408624804	6.24e-06
1408624865	6.23e-06
1408624925	6.23e-06
1408624986	6.23e-06
1408625046	6.23e-06
1408625107	6.22e-06
1408625167	6.22e-06
1408625228	6.22e-06
1408625289	6.22e-06
1408625349	6.24e-06
1408625410	6.23e-06
1408625470	6.23e-06
1408625531	6.23e-06
1408625591	6.22e-06
1408625652	6.22e-06
1408625712	6.22e-06
1408625773	6.21e-06
1408625833	6.21e-06
1408625894	6.21e-06
1408625954	6.21e-06
1408626015	6.21e-06
1408626075	6.21e-06
1408626136	6.2e-06
1408626196	6.2e-06
1408626257	6.2e-06
1408626317	6.2e-06
1408626378	6.2e-06
1408626438	6.19e-06
1408626499	6.19e-06
1408626560	6.19e-06
1408626620	6.19e-06
1408626681	6.19e-06
1408626741	6.18e-06
1408626802	6.18e-06
1408626862	6.18e-06
1408626923	6.18e-06
1408626983	6.18e-06
1408627044	6.17e-06
1408627104	6.17e-06
1408627165	6.17e-06
1408627225	6.17e-06
1408627286	6.17e-06
1408627346	6.17e-06
1408627407	6.16e-06
1408627468	6.16e-06
1408627528	6.16e-06
1408627589	6.16e-06
1408627649	6.16e-06
1408627710	6.16e-06
1408627770	6.15e-06
1408627831	6.15e-06
1408627891	6.15e-06
1408627952	6.15e-06
1408628012	6.15e-06
1408628073	6.15e-06
1408628133	6.14e-06
1408628194	6.14e-06
1408628254	6.14e-06
1408628315	6.14e-06
1408628375	6.14e-06
1408628436	6.14e-06
1408628496	6.14e-06
1408628557	6.14e-06
1408628618	6.14e-06
1408628678	6.13e-06
1408628738	6.13e-06
1408628799	6.13e-06
1408628859	6.13e-06
1408628920	6.13e-06
1408628980	6.13e-06
1408629041	6.12e-06
1408629101	6.12e-06
1408629162	6.12e-06
1408629223	6.12e-06
1408629283	6.12e-06
1408629344	6.12e-06
1408629404	6.12e-06
1408629465	6.11e-06
1408629525	6.12e-06
1408629586	6.11e-06
1408629646	6.11e-06
1408629707	6.11e-06
1408629767	6.11e-06
1408629828	6.11e-06
1408629888	6.11e-06
1408629948	6.11e-06
1408630009	6.1e-06
1408630069	6.1e-06
1408630130	6.1e-06
1408630191	6.1e-06
1408630251	6.1e-06
1408630312	6.1e-06
1408630372	6.1e-06
1408630433	6.09e-06
1408630493	6.1e-06
1408630553	6.09e-06
1408630614	6.09e-06
1408630675	6.09e-06
1408630735	6.09e-06
1408630796	6.08e-06
1408630856	6.08e-06
1408630916	6.08e-06
1408630977	6.08e-06
1408631037	6.08e-06
1408631098	6.08e-06
1408631158	6.08e-06
1408631219	6.08e-06
1408631280	6.08e-06
1408631340	6.07e-06
1408631401	6.07e-06
1408631461	6.07e-06
1408631522	6.07e-06
1408631582	6.07e-06
1408631643	6.07e-06
1408631703	6.07e-06
1408631764	6.07e-06
1408631824	6.07e-06
1408631885	6.06e-06
1408631945	6.06e-06
1408632006	6.06e-06
1408632066	6.06e-06
1408632127	6.06e-06
1408632187	6.06e-06
1408632248	6.06e-06
1408632308	6.06e-06
1408632369	6.05e-06
1408632429	6.08e-06
1408632490	6.07e-06
1408632550	6.07e-06
1408632611	6.06e-06
1408632671	6.06e-06
1408632732	6.06e-06
1408632792	6.05e-06
1408632853	6.05e-06
1408632913	6.04e-06
1408632974	6.04e-06
1408633034	6.04e-06
1408633095	6.04e-06
1408633155	6.04e-06
1408633216	6.04e-06
1408633276	6.04e-06
1408633337	6.03e-06
1408633397	6.03e-06
1408633458	6.03e-06
1408633518	6.14e-06
1408633579	6.1e-06
1408633639	6.1e-06
1408633700	6.09e-06
1408633760	6.09e-06
1408633821	6.09e-06
1408633881	6.09e-06
1408633942	6.09e-06
1408634002	6.09e-06
1408634063	6.09e-06
1408634123	6.09e-06
1408634184	6.09e-06
1408634244	6.08e-06
1408634305	6.08e-06
1408634365	6.08e-06
1408634426	6.08e-06
1408634486	6.08e-06
1408634547	6.08e-06
1408634607	6.08e-06
1408634668	6.08e-06
1408634728	6.08e-06
1408634789	6.08e-06
1408634849	6.08e-06
1408634910	6.07e-06
1408634970	6.07e-06
1408635031	6.07e-06
1408635091	6.07e-06
1408635152	6.07e-06
1408635212	2.14e-05
1408635273	4.46e-05
1408635333	4.48e-05
1408635394	4.58e-05
1408635454	4.66e-05
1408635515	4.71e-05
1408635575	4.74e-05
1408635636	4.78e-05
1408635696	4.8e-05
1408635757	4.82e-05
1408635817	4.85e-05
1408635878	4.85e-05
1408635938	4.86e-05
1408635999	4.87e-05
1408636059	4.88e-05
1408636120	4.88e-05
1408636180	4.89e-05
1408637482	7.5e-06
1408637542	7.42e-06
1408637603	7.36e-06
1408637663	7.31e-06
1408637724	7.27e-06
1408637784	7.24e-06
1408637845	7.22e-06
1408637906	7.2e-06
1408637966	7.18e-06
1408638027	7.16e-06
1408638087	7.15e-06
1408638148	7.14e-06
1408638208	7.14e-06
1408638269	7.13e-06
1408638329	7.12e-06
1408638390	7.12e-06
1408638450	7.11e-06
1408638511	7.11e-06
1408638571	7.11e-06
1408638632	7.1e-06
1408638693	7.1e-06
1408638753	7.09e-06
1408638813	7.09e-06
1408638874	7.08e-06
1408638934	7.08e-06
1408638995	7.08e-06
1408639056	7.07e-06
1408639116	7.07e-06
1408639177	7.06e-06
1408639237	7.06e-06
1408639298	7.05e-06
1408639358	7.05e-06
1408639418	7.05e-06
1408639479	7.04e-06
1408639540	7.04e-06
1408639600	7.04e-06
1408639661	7.03e-06
1408639721	7.03e-06
1408639782	7.03e-06
1408639842	7.02e-06
1408639903	7.02e-06
1408639963	7.02e-06
1408640024	7.02e-06
1408640084	7.01e-06
1408640145	7.01e-06
1408640205	7.01e-06
1408640266	7.01e-06
1408640326	7e-06
1408640387	7e-06
1408640447	7e-06
1408640508	7e-06
1408640568	6.99e-06
1408640629	6.99e-06
1408640689	6.99e-06
1408640750	6.99e-06
1408640811	6.98e-06
1408640871	6.98e-06
1408640932	6.98e-06
1408640992	6.98e-06
1408641053	6.98e-06
1408641113	6.97e-06
1408641174	6.97e-06
1408641234	6.97e-06
1408641295	6.97e-06
1408641355	6.97e-06
1408641416	6.96e-06
1408641476	6.96e-06
1408641537	6.96e-06
1408641598	6.96e-06
1408641658	6.96e-06
1408641719	6.95e-06
1408641779	6.95e-06
1408641839	6.95e-06
1408641900	6.95e-06
1408641961	6.95e-06
1408642021	6.95e-06
1408642082	6.95e-06
1408642142	6.94e-06
1408642203	6.94e-06
1408642263	6.94e-06
1408642324	6.94e-06
1408642384	6.93e-06
1408642445	6.93e-06
1408642505	6.93e-06
1408642566	6.93e-06
1408642626	6.93e-06
1408642687	6.93e-06
1408642747	6.93e-06
1408642808	6.92e-06
1408642868	6.92e-06
1408642929	6.92e-06
1408642990	6.92e-06
1408643050	6.92e-06
1408643111	6.92e-06
1408643171	6.91e-06
1408643232	6.91e-06
1408643292	6.91e-06
1408643353	6.91e-06
1408643413	6.91e-06
1408643474	6.9e-06
1408643534	6.9e-06
1408643595	6.9e-06
1408643655	6.9e-06
1408643716	6.9e-06
1408643776	6.72e-06
1408643837	6.72e-06
1408643897	6.71e-06
1408643958	6.71e-06
1408644018	6.71e-06
1408644079	6.71e-06
1408644139	6.71e-06
1408644200	6.72e-06
1408644260	6.72e-06
1408644321	6.72e-06
1408644381	6.72e-06
1408644442	6.73e-06
1408644502	6.72e-06
1408644563	6.72e-06
1408644623	6.72e-06
1408644684	6.72e-06
1408644744	6.72e-06
1408644805	6.72e-06
1408644865	6.72e-06
1408644926	6.72e-06
1408644986	6.72e-06
1408645047	6.71e-06
1408645107	6.71e-06
1408645168	6.71e-06
1408645229	6.71e-06
1408645289	6.71e-06
1408645350	6.7e-06
1408645410	6.7e-06
1408645471	6.7e-06
1408645531	6.7e-06
1408645592	6.7e-06
1408645652	6.7e-06
1408645713	6.69e-06
1408645773	6.69e-06
1408645834	6.69e-06
1408645894	6.69e-06
1408645955	6.69e-06
1408646015	6.69e-06
1408646076	6.69e-06
1408646136	6.69e-06
1408646197	6.69e-06
1408646257	6.69e-06
1408646318	6.69e-06
1408646378	6.69e-06
1408646439	6.71e-06
1408646499	6.71e-06
1408646560	6.71e-06
1408646620	6.71e-06
1408646681	6.71e-06
1408646741	5.66e-06
1408646802	5.63e-06
1408646863	5.61e-06
1408646923	5.6e-06
1408646984	5.6e-06
1408647044	5.6e-06
1408647104	5.6e-06
1408647165	5.61e-06
1408647226	5.61e-06
1408647286	5.61e-06
1408647347	5.62e-06
1408647407	5.62e-06
1408647468	5.63e-06
1408647528	5.63e-06
1408647589	5.64e-06
1408647649	5.64e-06
1408647710	5.64e-06
1408647770	5.64e-06
1408647831	5.64e-06
1408647891	5.64e-06
1408647952	5.64e-06
1408648012	5.64e-06
1408648073	5.64e-06
1408648133	5.64e-06
1408648194	5.64e-06
1408648254	5.64e-06
1408648315	5.64e-06
1408648375	5.63e-06
1408648436	5.63e-06
1408648496	5.63e-06
1408648557	5.63e-06
1408648617	5.63e-06
1408648678	5.62e-06
1408648738	5.62e-06
1408648799	5.62e-06
1408648859	5.62e-06
1408648920	5.62e-06
1408648980	5.61e-06
1408649041	5.61e-06
1408649101	5.61e-06
1408649162	5.61e-06
1408649222	5.61e-06
1408649283	5.6e-06
1408649343	5.6e-06
1408649404	5.6e-06
1408649464	5.6e-06
1408649525	5.6e-06
1408649585	5.6e-06
1408649646	5.6e-06
1408649706	5.6e-06
1408649767	5.59e-06
1408649827	5.59e-06
1408649888	5.59e-06
1408649948	5.59e-06
1408650009	5.59e-06
1408650069	5.59e-06
1408650130	5.59e-06
1408650190	5.59e-06
1408650251	5.58e-06
1408650311	5.58e-06
1408650372	5.58e-06
1408650432	5.58e-06
1408650493	5.58e-06
1408650553	5.58e-06
1408650614	5.58e-06
1408650674	5.58e-06
1408650734	5.58e-06
1408650795	5.58e-06
1408650856	5.57e-06
1408650916	5.57e-06
1408650976	5.57e-06
1408651037	5.57e-06
1408651097	5.57e-06
1408651158	5.57e-06
1408651218	5.57e-06
1408651279	5.57e-06
1408651340	5.57e-06
1408651400	5.56e-06
1408651461	5.56e-06
1408651521	5.56e-06
1408651582	5.56e-06
1408651642	5.56e-06
1408651703	5.56e-06
1408651763	5.56e-06
1408651824	5.56e-06
1408651884	5.55e-06
1408651945	5.55e-06
1408652005	5.55e-06
1408652066	5.55e-06
1408652126	5.55e-06
1408652187	5.55e-06
1408652247	5.55e-06
1408652308	5.55e-06
1408652368	5.99e-06
1408652429	5.96e-06
1408652489	5.35e-06
1408652550	5.35e-06
1408652610	5.35e-06
1408652671	5.3e-06
1408652731	5.28e-06
1408652792	5.28e-06
1408652852	5.28e-06
1408652913	5.27e-06
1408652973	5.27e-06
1408653034	5.28e-06
1408653094	5.27e-06
1408653155	5.27e-06
1408653215	5.27e-06
1408653276	5.26e-06
1408653336	5.26e-06
1408653397	5.26e-06
1408653457	5.26e-06
1408653518	5.26e-06
1408653578	5.26e-06
1408653638	5.25e-06
1408653699	5.25e-06
1408653759	5.25e-06
1408653820	5.25e-06
1408653880	5.25e-06
1408653941	5.25e-06
1408654001	5.25e-06
1408654062	5.24e-06
1408654122	5.24e-06
1408654183	5.24e-06
1408654243	5.24e-06
1408654304	5.24e-06
1408654364	5.24e-06
1408654425	5.24e-06
1408654485	5.24e-06
1408654546	5.24e-06
1408654606	5.24e-06
1408654667	5.24e-06
1408654727	5.24e-06
1408654788	5.24e-06
1408654848	5.23e-06
1408654909	5.69e-06
1408654969	5.69e-06
1408655030	5.7e-06
1408655090	5.69e-06
1408655151	5.71e-06
1408655211	5.77e-06
1408655272	5.77e-06
1408655332	5.77e-06
1408655393	5.78e-06
1408655453	5.78e-06
1408655514	5.75e-06
1408655574	5.75e-06
1408655635	5.69e-06
1408655695	5.69e-06
1408655756	5.69e-06
1408655816	5.69e-06
1408655877	5.69e-06
1408655938	5.68e-06
1408655998	5.68e-06
1408656059	5.69e-06
1408656119	5.69e-06
1408656180	5.68e-06
1408656240	5.69e-06
1408656301	5.69e-06
1408656361	5.69e-06
1408656422	5.69e-06
1408656482	5.69e-06
1408656543	5.69e-06
1408656604	5.68e-06
1408656664	5.69e-06
1408656725	5.69e-06
1408656785	5.69e-06
1408656846	5.69e-06
1408656906	5.69e-06
1408656967	5.69e-06
1408657027	5.69e-06
1408657087	5.69e-06
1408657148	5.69e-06
1408657209	5.69e-06
1408657269	5.69e-06
1408657330	5.69e-06
1408657390	5.68e-06
1408657451	5.69e-06
1408657511	5.69e-06
1408657572	5.68e-06
1408657632	5.68e-06
1408657693	5.68e-06
1408657753	5.67e-06
1408657814	5.67e-06
1408657874	5.67e-06
1408657935	5.67e-06
1408657995	5.67e-06
1408658056	5.67e-06
1408658116	5.67e-06
1408658177	5.79e-06
1408658237	5.81e-06
1408658298	5.79e-06
1408658358	5.79e-06
1408658419	5.78e-06
1408658479	5.77e-06
1408658540	5.77e-06
1408658600	5.76e-06
1408658661	5.76e-06
1408658721	5.75e-06
1408658782	5.75e-06
1408658842	5.75e-06
1408658903	5.75e-06
1408658963	5.74e-06
1408659024	5.74e-06
1408659084	5.73e-06
1408659145	5.73e-06
1408659205	5.73e-06
1408659266	5.73e-06
1408659326	5.73e-06
1408659387	5.72e-06
1408659447	5.73e-06
1408659507	5.73e-06
1408659568	5.72e-06
1408659628	5.72e-06
1408659689	5.72e-06
1408659749	5.72e-06
1408659810	5.72e-06
1408659870	5.71e-06
1408659931	5.71e-06
1408659991	5.71e-06
1408660052	5.71e-06
1408660112	5.71e-06
1408660173	5.72e-06
1408660233	3.68e-05
1408660294	4.08e-05
1408660354	4.19e-05
1408660415	4.25e-05
1408660475	4.29e-05
1408660536	4.32e-05
1408660596	4.34e-05
1408660657	4.35e-05
1408660717	4.37e-05
1408660778	4.38e-05
1408660838	4.4e-05
1408660899	4.41e-05
1408660959	4.41e-05
1408661020	4.42e-05
1408661080	4.42e-05
1408661141	4.43e-05
1408661201	4.45e-05
1408661262	4.46e-05
1408661322	4.46e-05
1408661383	4.47e-05
1408661443	4.47e-05
1408661504	4.48e-05
1408661564	4.48e-05
1408661625	4.48e-05
1408662680	0.0
1408662740	7.3e-06
1408662801	6.72e-06
1408662861	6.51e-06
1408662922	6.4e-06
1408662982	6.33e-06
1408663043	6.28e-06
1408663104	6.24e-06
1408663164	6.21e-06
1408663224	6.18e-06
1408663285	6.16e-06
1408663345	6.15e-06
1408663406	6.13e-06
1408663466	6.12e-06
1408663527	6.1e-06
1408663587	6.09e-06
1408663648	6.08e-06
1408663708	6.08e-06
1408663769	6.07e-06
1408663829	6.06e-06
1408663890	6.05e-06
1408663950	6.05e-06
1408664011	6.04e-06
1408664071	6.03e-06
1408664132	6.03e-06
1408664192	6.02e-06
1408664253	6.02e-06
1408664313	6.01e-06
1408664374	6.01e-06
1408664434	6e-06
1408664495	6e-06
1408664555	5.99e-06
1408664616	5.99e-06
1408664676	5.99e-06
1408664737	5.98e-06
1408664797	5.98e-06
1408664858	5.97e-06
1408664918	5.97e-06
1408664979	5.97e-06
1408665039	5.96e-06
1408665100	5.96e-06
1408665160	5.96e-06
1408665221	5.95e-06
1408665281	6.2e-06
1408665342	6.18e-06
1408665403	6.18e-06
1408665463	6.05e-06
1408665524	6.04e-06
1408665584	6.03e-06
1408665645	6.02e-06
1408665705	6.01e-06
1408665765	5.99e-06
1408665826	5.99e-06
1408665886	5.99e-06
1408665947	5.97e-06
1408666007	5.96e-06
1408666068	5.95e-06
1408666128	5.94e-06
1408666189	5.94e-06
1408666249	5.97e-06
1408666310	5.96e-06
1408666370	5.95e-06
1408666431	5.95e-06
1408666491	5.95e-06
1408666552	5.92e-06
1408666612	5.91e-06
1408666673	5.91e-06
1408666733	5.9e-06
1408666794	5.9e-06
1408666854	5.9e-06
1408666915	5.9e-06
1408666975	5.89e-06
1408667036	5.89e-06
1408667096	5.89e-06
1408667157	5.89e-06
1408667217	6.05e-06
1408667278	6.04e-06
1408667338	6.04e-06
1408667399	6.03e-06
1408667459	6.02e-06
1408667520	6.02e-06
1408667580	6.02e-06
1408667641	5.75e-06
1408667701	5.75e-06
1408667762	5.75e-06
1408667822	5.75e-06
1408667882	5.75e-06
1408667943	5.77e-06
1408668004	5.77e-06
1408668064	5.77e-06
1408668125	5.78e-06
1408668185	5.78e-06
1408668246	5.78e-06
1408668306	5.78e-06
1408668367	5.78e-06
1408668427	5.78e-06
1408668488	5.78e-06
1408668548	5.78e-06
1408668609	5.78e-06
1408668669	5.78e-06
1408668730	5.78e-06
1408668790	5.78e-06
1408668851	5.78e-06
1408668911	5.78e-06
1408668972	5.78e-06
1408669032	5.77e-06
1408669093	5.77e-06
1408669153	5.77e-06
1408669214	5.77e-06
1408669274	5.77e-06
1408669335	5.77e-06
1408669396	5.76e-06
1408669456	5.76e-06
1408669517	5.76e-06
1408669577	5.76e-06
1408669638	5.76e-06
1408669698	5.75e-06
1408669759	5.75e-06
1408669819	5.75e-06
1408669880	5.75e-06
1408669940	5.75e-06
1408670001	5.75e-06
1408670061	5.75e-06
1408670122	5.74e-06
1408670182	5.74e-06
1408670243	5.74e-06
1408670303	5.74e-06
1408670364	5.74e-06
1408670424	5.74e-06
1408670485	5.74e-06
1408670545	5.74e-06
1408670606	5.73e-06
1408670666	5.73e-06
1408670727	5.73e-06
1408670787	5.73e-06
1408670848	5.73e-06
1408670908	5.73e-06
1408670969	5.73e-06
1408671029	5.73e-06
1408671090	5.72e-06
1408671150	5.72e-06
1408671211	5.72e-06
1408671271	5.72e-06
1408671332	5.72e-06
1408671392	5.72e-06
1408671453	5.72e-06
1408671513	5.71e-06
1408671574	5.71e-06
1408671634	5.71e-06
1408671695	5.71e-06
1408671755	5.71e-06
1408671816	5.71e-06
1408671876	5.71e-06
1408671937	5.7e-06
1408671997	5.7e-06
1408672058	5.7e-06
1408672118	5.7e-06
1408672179	5.7e-06
1408672239	5.7e-06
1408672300	5.7e-06
1408672360	5.7e-06
1408672421	5.69e-06
1408672481	5.69e-06
1408672542	5.69e-06
1408672602	5.69e-06
1408672663	5.69e-06
1408672723	5.69e-06
1408672784	5.69e-06
1408672844	5.69e-06
1408672904	5.68e-06
1408672965	5.68e-06
1408673025	5.68e-06
1408673086	5.68e-06
1408673146	5.68e-06
1408673207	5.68e-06
1408673267	5.67e-06
1408673328	5.67e-06
1408673388	5.67e-06
1408673449	5.67e-06
1408673509	5.67e-06
1408673570	5.67e-06
1408673630	5.67e-06
1408673691	5.66e-06
1408673751	5.66e-06
1408673812	5.66e-06
1408673873	5.66e-06
1408673933	5.66e-06
1408673994	5.66e-06
1408674054	5.66e-06
1408674114	5.66e-06
1408674175	5.65e-06
1408674236	5.65e-06
1408674296	5.65e-06
1408674357	5.65e-06
1408674417	5.65e-06
1408674478	5.65e-06
1408674538	5.65e-06
1408674599	5.65e-06
1408674659	5.64e-06
1408674720	5.64e-06
1408674780	5.64e-06
1408674841	5.64e-06
1408674901	5.64e-06
1408674962	5.64e-06
1408675022	5.64e-06
1408675083	5.63e-06
1408675143	5.63e-06
1408675204	5.63e-06
1408675264	5.63e-06
1408675325	5.63e-06
1408675385	5.63e-06
1408675446	5.63e-06
1408675506	5.62e-06
1408675567	5.62e-06
1408675627	5.62e-06
1408675688	5.62e-06
1408675748	5.62e-06
1408675809	5.62e-06
1408675870	5.62e-06
1408675930	5.61e-06
1408675991	5.64e-06
1408676051	5.58e-06
1408676112	5.58e-06
1408676172	5.57e-06
1408676233	5.57e-06
1408676293	5.57e-06
1408676354	5.54e-06
1408676414	5.53e-06
1408676475	5.52e-06
1408676535	5.52e-06
1408676596	5.53e-06
1408676656	5.52e-06
1408676717	5.52e-06
1408676777	5.52e-06
1408676838	5.56e-06
1408676898	5.56e-06
1408676959	5.14e-06
1408677019	5.14e-06
1408677080	5.13e-06
1408677140	5.13e-06
1408677201	5.13e-06
1408677261	5.13e-06
1408677322	5.14e-06
1408677382	5.14e-06
1408677442	5.14e-06
1408677503	5.14e-06
1408677563	5.14e-06
1408677624	5.14e-06
1408677684	5.14e-06
1408677745	5.14e-06
1408677806	5.14e-06
1408677866	5.14e-06
1408677927	5.14e-06
1408677987	5.13e-06
1408678047	5.13e-06
1408678108	5.15e-06
1408678168	5.14e-06
1408678229	5.15e-06
1408678289	5.15e-06
1408678350	5.14e-06
1408678410	5.21e-06
1408678471	5.19e-06
1408678531	5.19e-06
1408678592	5.19e-06
1408678652	5.19e-06
1408678713	5.18e-06
1408678773	5.19e-06
1408678834	5.19e-06
1408678894	5.18e-06
1408678955	5.18e-06
1408679015	5.18e-06
1408679076	5.18e-06
1408679136	5.18e-06
1408679197	5.18e-06
1408679257	5.18e-06
1408679318	5.17e-06
1408679378	5.17e-06
1408679439	5.17e-06
1408679499	5.17e-06
1408679560	5.17e-06
1408679620	5.23e-06
1408679681	5.15e-06
1408679741	5.17e-06
1408679802	5.19e-06
1408679863	5.19e-06
1408679923	5.19e-06
1408679984	5.19e-06
1408680044	5.19e-06
1408680105	5.19e-06
1408680165	5.19e-06
1408680226	5.19e-06
1408680286	5.18e-06
1408680347	5.18e-06
1408680407	5.18e-06
1408680468	5.18e-06
1408680528	5.18e-06
1408680589	5.18e-06
1408680649	5.18e-06
1408680710	5.17e-06
1408680770	5.17e-06
1408680831	5.15e-06
1408680891	5.14e-06
1408680952	5.14e-06
1408681012	5.14e-06
1408681073	5.13e-06
1408681133	5.14e-06
1408681194	5.13e-06
1408681254	5.13e-06
1408681315	5.13e-06
1408681375	5.13e-06
1408681436	5.13e-06
1408681496	5.12e-06
1408681557	5.12e-06
1408681617	5.14e-06
1408681678	5.14e-06
1408681738	5.14e-06
1408681799	5.13e-06
1408681859	5.13e-06
1408681920	5.13e-06
1408681980	5.13e-06
1408682041	5.13e-06
1408682101	5.12e-06
1408682162	5.12e-06
1408682222	5.12e-06
1408682283	5.12e-06
1408682344	5.12e-06
1408682404	5.12e-06
1408682465	5.11e-06
1408682525	5.11e-06
1408682586	5.11e-06
1408682646	5.11e-06
1408682707	5.11e-06
1408682767	5.11e-06
1408682828	5.1e-06
1408682888	5.1e-06
1408682948	5.1e-06
1408683009	5.1e-06
1408683069	5.1e-06
1408683130	5.1e-06
1408683191	5.1e-06
1408683251	5.1e-06
1408683312	5.09e-06
1408683372	5.09e-06
1408683433	5.09e-06
1408683493	5.09e-06
1408683554	5.09e-06
1408683614	5.09e-06
1408683675	5.08e-06
1408683735	5.08e-06
1408683796	5.08e-06
1408683856	4.63e-06
1408683917	4.62e-06
1408683977	4.62e-06
1408684038	4.62e-06
1408684098	4.62e-06
1408684159	4.61e-06
1408684219	4.61e-06
1408684280	4.61e-06
1408684340	4.61e-06
1408684401	4.61e-06
1408684461	4.61e-06
1408684522	4.61e-06
1408684582	4.61e-06
1408684643	4.61e-06
1408684703	4.61e-06
1408684764	4.6e-06
1408684824	4.6e-06
1408684885	4.6e-06
1408684945	4.6e-06
1408685006	4.6e-06
1408685066	4.6e-06
1408685127	5.38e-06
1408685187	5.34e-06
1408685248	5.34e-06
1408685308	5.33e-06
1408685369	5.32e-06
1408685429	5.32e-06
1408685490	5.31e-06
1408685551	5.32e-06
1408685611	5.31e-06
1408685672	5.31e-06
1408685732	5.34e-06
1408685793	5.23e-06
1408685853	5.23e-06
1408685914	5.24e-06
1408685974	5.23e-06
1408686035	5.23e-06
1408686095	5.23e-06
1408686156	5.22e-06
1408686216	5.22e-06
1408686277	5.22e-06
1408686337	5.22e-06
1408686398	5.22e-06
1408686458	5.22e-06
1408686519	5.22e-06
1408686579	5.22e-06
1408686640	5.22e-06
1408686700	5.22e-06
1408686761	5.22e-06
1408686821	5.22e-06
1408686882	5.22e-06
1408686942	5.22e-06
1408687003	5.22e-06
1408687063	5.22e-06
1408687124	5.23e-06
1408687184	5.23e-06
1408687245	5.22e-06
1408687305	5.23e-06
1408687366	5.23e-06
1408687426	5.23e-06
1408687487	5.22e-06
1408687547	5.22e-06
1408687608	5.22e-06
1408687668	5.22e-06
1408687729	5.21e-06
1408687789	5.21e-06
1408687850	5.21e-06
1408687910	5.21e-06
1408687971	5.21e-06
1408688031	5.2e-06
1408688092	5.2e-06
1408688153	5.2e-06
1408688213	5.2e-06
1408688273	5.2e-06
1408688334	5.2e-06
1408688394	5.19e-06
1408688455	5.19e-06
1408688515	5.19e-06
1408688576	5.19e-06
1408688637	5.19e-06
1408688697	5.19e-06
1408688758	5.18e-06
1408688818	5.18e-06
1408688879	5.18e-06
1408688939	5.18e-06
1408688999	5.18e-06
1408689060	5.18e-06
1408689121	5.18e-06
1408689181	5.18e-06
1408689242	5.18e-06
1408689302	5.17e-06
1408689363	5.42e-06
1408689423	5.41e-06
1408689484	5.41e-06
1408689544	5.4e-06
1408689605	5.4e-06
1408689665	5.39e-06
1408689726	5.38e-06
1408689786	5.36e-06
1408689847	5.35e-06
1408689907	5.35e-06
1408689968	5.34e-06
1408690028	5.34e-06
1408690089	5.34e-06
1408690149	5.31e-06
1408690210	5.3e-06
1408690270	5.3e-06
1408690331	5.3e-06
1408690391	5.29e-06
1408690452	5.29e-06
1408690512	5.29e-06
1408690573	5.28e-06
1408690633	5.29e-06
1408690694	5.29e-06
1408690754	5.29e-06
1408690815	5.29e-06
1408690875	5.29e-06
1408690936	5.28e-06
1408690996	5.28e-06
1408691057	5.27e-06
1408691117	5.27e-06
1408691178	5.27e-06
1408691238	5.27e-06
1408691299	5.28e-06
1408691359	5.27e-06
1408691420	5.27e-06
1408691480	5.27e-06
1408691541	5.27e-06
1408691601	5.27e-06
1408691662	5.26e-06
1408691722	5.26e-06
1408691783	5.25e-06
1408691843	5.26e-06
1408691904	5.25e-06
1408691965	5.25e-06
1408692025	5.25e-06
1408692085	5.26e-06
1408692146	5.26e-06
1408692206	5.25e-06
1408692267	5.25e-06
1408692327	5.25e-06
1408692388	5.24e-06
1408692448	5.24e-06
1408692509	5.24e-06
1408692569	5.24e-06
1408692630	5.24e-06
1408692690	5.23e-06
1408692751	5.22e-06
1408692811	5.22e-06
1408692872	5.22e-06
1408692932	5.22e-06
1408692993	5.22e-06
1408693053	5.22e-06
1408693114	5.22e-06
1408693174	5.22e-06
1408693235	5.21e-06
1408693295	5.21e-06
1408693356	5.21e-06
1408693416	5.21e-06
1408693477	5.21e-06
1408693537	5.21e-06
1408693598	5.2e-06
1408693658	5.2e-06
1408693719	5.2e-06
1408693780	5.2e-06
1408693840	5.2e-06
1408693901	5.2e-06
1408693961	5.2e-06
1408694022	5.2e-06
1408694082	5.2e-06
1408694142	5.2e-06
1408694203	5.19e-06
1408694263	5.19e-06
1408694324	5.19e-06
1408694384	5.19e-06
1408694445	5.19e-06
1408694505	5.18e-06
1408694566	5.18e-06
1408694626	5.18e-06
1408694687	5.18e-06
1408694748	5.17e-06
1408694808	5.17e-06
1408694869	5.17e-06
1408694929	5.17e-06
1408694990	5.17e-06
1408695050	5.16e-06
1408695110	5.16e-06
1408695171	5.16e-06
1408695232	5.15e-06
1408695292	5.16e-06
1408695353	5.18e-06
1408695413	5.17e-06
1408695474	5.17e-06
1408695534	5.17e-06
1408695594	5.17e-06
1408695655	5.16e-06
1408695715	5.16e-06
1408695776	5.17e-06
1408695836	5.16e-06
1408695897	5.16e-06
1408695957	5.15e-06
1408696018	5.15e-06
1408696078	5.15e-06
1408696139	5.15e-06
1408696199	5.15e-06
1408696260	5.14e-06
1408696320	5.14e-06
1408696381	5.14e-06
1408696441	5.14e-06
1408696502	5.14e-06
1408696563	5.13e-06
1408696623	5.13e-06
1408696684	5.13e-06
1408696744	5.13e-06
1408696805	5.13e-06
1408696865	5.13e-06
1408696926	5.12e-06
1408696986	5.12e-06
1408697047	5.12e-06
1408697107	5.12e-06
1408697168	5.12e-06
1408697228	5.12e-06
1408697289	5.12e-06
1408697349	5.11e-06
1408697410	5.11e-06
1408697470	5.11e-06
1408697531	5.11e-06
1408697591	5.11e-06
1408697652	5.11e-06
1408697712	5.11e-06
1408697772	5.11e-06
1408697833	5.11e-06
1408697894	5.11e-06
1408697954	5.11e-06
1408698015	5.11e-06
1408698075	5.11e-06
1408698135	5.1e-06
1408698196	5.1e-06
1408698257	5.1e-06
1408698317	5.1e-06
1408698377	5.09e-06
1408698438	5.09e-06
1408698498	5.09e-06
1408698559	5.09e-06
1408698619	5.08e-06
1408698680	5.08e-06
1408698740	5.08e-06
1408698801	5.08e-06
1408698861	5.08e-06
1408698922	5.08e-06
1408698982	5.07e-06
1408699043	5.07e-06
1408699103	5.11e-06
1408699164	5.07e-06
1408699224	5.07e-06
1408699285	5.07e-06
1408699345	5.07e-06
1408699406	5.06e-06
1408699466	5.06e-06
1408699527	5.06e-06
1408699587	5.06e-06
1408699648	5.06e-06
1408699708	5.06e-06
1408699769	5.06e-06
1408699829	5.06e-06
1408699890	5.05e-06
1408699950	5.05e-06
1408700011	5.05e-06
1408700071	5.05e-06
1408700132	5.05e-06
1408700192	5.05e-06
1408700253	5.05e-06
1408700314	5.04e-06
1408700374	5.04e-06
1408700434	5.04e-06
1408700495	5.04e-06
1408700555	5.04e-06
1408700616	5.04e-06
1408700677	5.08e-06
1408700737	5.08e-06
1408700798	5.05e-06
1408700858	5.02e-06
1408700919	5.02e-06
1408700979	5.03e-06
1408701040	5.03e-06
1408701100	5.03e-06
1408701161	5.03e-06
1408701221	5.03e-06
1408701282	5.03e-06
1408701343	5.03e-06
1408701403	5.03e-06
1408701464	5.02e-06
1408701524	5.02e-06
1408701585	5.03e-06
1408701645	5.03e-06
1408701706	5.03e-06
1408701766	5.02e-06
1408701827	5.02e-06
1408701887	5.02e-06
1408701948	5.02e-06
1408702008	5.02e-06
1408702069	5.02e-06
1408702129	5.02e-06
1408702190	5.01e-06
1408702250	5.01e-06
1408702311	5.01e-06
1408702371	5.01e-06
1408702432	5.01e-06
1408702492	5e-06
1408702553	5.07e-06
1408702613	4.91e-06
1408702674	4.91e-06
1408702734	4.91e-06
1408702795	4.91e-06
1408702855	4.91e-06
1408702916	4.91e-06
1408702976	4.91e-06
1408703037	4.9e-06
1408703097	4.9e-06
1408703158	4.9e-06
1408703218	4.9e-06
1408703279	4.9e-06
1408703340	4.9e-06
1408703400	4.9e-06
1408703461	4.9e-06
1408703521	4.9e-06
1408703582	4.9e-06
1408703642	4.9e-06
1408703703	4.89e-06
1408703763	4.89e-06
1408703824	4.89e-06
1408703884	4.89e-06
1408703945	4.89e-06
1408704005	4.89e-06
1408704066	4.94e-06
1408704126	4.95e-06
1408704187	4.95e-06
1408704247	4.89e-06
1408704308	4.89e-06
1408704368	4.89e-06
1408704429	4.89e-06
1408704489	4.89e-06
1408704550	4.92e-06
1408704610	4.94e-06
1408704670	4.94e-06
1408704731	4.94e-06
1408704791	4.93e-06
1408704852	4.94e-06
1408704912	4.93e-06
1408704973	4.93e-06
1408705033	4.93e-06
1408705094	4.93e-06
1408705154	4.93e-06
1408705215	4.92e-06
1408705275	4.92e-06
1408705336	4.91e-06
1408705396	4.91e-06
1408705457	4.9e-06
1408705517	4.9e-06
1408705578	4.9e-06
1408705638	4.89e-06
1408705699	4.89e-06
1408705759	4.91e-06
1408705820	4.91e-06
1408705880	4.9e-06
1408705941	4.91e-06
1408706001	4.9e-06
1408706062	4.9e-06
1408706122	4.9e-06
1408706183	4.9e-06
1408706243	4.89e-06
1408706304	4.89e-06
1408706365	4.89e-06
1408706425	4.88e-06
1408706486	4.88e-06
1408706546	4.88e-06
1408706607	4.88e-06
1408706667	4.88e-06
1408706728	4.89e-06
1408706788	4.88e-06
1408706849	4.88e-06
1408706909	4.88e-06
1408706970	4.87e-06
1408707030	4.87e-06
1408707091	4.87e-06
1408707151	4.87e-06
1408707211	4.87e-06
1408707272	4.87e-06
1408707332	4.87e-06
1408707393	4.87e-06
1408707454	4.86e-06
1408707514	4.86e-06
1408707575	4.86e-06
1408707635	4.86e-06
1408707696	4.86e-06
1408707756	4.85e-06
1408707817	4.85e-06
1408707877	4.85e-06
1408707938	4.85e-06
1408707998	4.85e-06
1408708059	4.85e-06
1408708119	4.85e-06
1408708180	4.85e-06
1408708240	4.85e-06
1408708301	4.85e-06
1408708361	4.85e-06
1408708422	4.85e-06
1408708482	4.84e-06
1408708543	4.84e-06
1408708604	4.84e-06
1408708664	4.85e-06
1408708725	4.85e-06
1408708785	4.85e-06
1408708846	4.85e-06
1408708906	4.85e-06
1408708967	4.85e-06
1408709027	4.85e-06
1408709088	4.85e-06
1408709148	4.84e-06
1408709209	4.84e-06
1408709269	4.84e-06
1408709330	4.84e-06
1408709390	4.84e-06
1408709451	4.84e-06
1408709511	4.83e-06
1408709572	4.83e-06
1408709632	4.83e-06
1408709693	4.84e-06
1408709753	4.83e-06
1408709814	4.83e-06
1408709874	4.83e-06
1408709935	4.82e-06
1408709995	4.82e-06
1408710056	4.82e-06
1408710116	4.83e-06
1408710177	4.83e-06
1408710237	4.83e-06
1408710298	4.83e-06
1408710358	4.83e-06
1408710419	4.82e-06
1408710479	4.83e-06
1408710540	4.82e-06
1408710600	4.82e-06
1408710661	4.82e-06
1408710722	4.82e-06
1408710782	4.82e-06
1408710843	4.82e-06
1408710903	4.82e-06
1408710963	4.82e-06
1408711024	4.81e-06
1408711085	4.81e-06
1408711145	4.81e-06
1408711206	4.81e-06
1408711266	4.81e-06
1408711327	4.81e-06
1408711387	4.81e-06
1408711448	4.81e-06
1408711508	4.8e-06
1408711569	4.8e-06
1408711629	4.8e-06
1408711690	4.8e-06
1408711750	4.8e-06
1408711811	4.8e-06
1408711871	4.8e-06
1408711932	4.8e-06
1408711992	4.8e-06
1408712053	4.8e-06
1408712113	4.8e-06
1408712174	4.8e-06
1408712234	4.79e-06
1408712295	4.79e-06
1408712355	4.79e-06
1408712416	4.79e-06
1408712476	4.79e-06
1408712537	4.79e-06
1408712597	4.79e-06
1408712658	4.79e-06
1408712718	4.79e-06
1408712779	4.79e-06
1408712839	4.79e-06
1408712900	4.79e-06
1408712961	4.78e-06
1408713021	4.78e-06
1408713082	4.78e-06
1408713142	4.78e-06
1408713203	4.78e-06
1408713263	4.78e-06
1408713324	4.78e-06
1408713384	4.78e-06
1408713444	4.78e-06
1408713505	4.77e-06
1408713565	4.77e-06
1408713626	4.77e-06
1408713686	4.77e-06
1408713747	4.77e-06
1408713807	4.77e-06
1408713868	4.77e-06
1408713928	4.77e-06
1408713989	4.77e-06
1408714049	4.76e-06
1408714110	4.76e-06
1408714170	4.76e-06
1408714231	4.76e-06
1408714291	4.76e-06
1408714352	4.76e-06
1408714412	4.76e-06
1408714473	4.76e-06
1408714533	4.76e-06
1408714594	4.76e-06
1408714654	4.76e-06
1408714715	4.76e-06
1408714775	4.76e-06
1408714836	4.76e-06
1408714896	4.76e-06
1408714957	4.76e-06
1408715017	4.76e-06
1408715078	4.76e-06
1408715139	4.76e-06
1408715199	4.75e-06
1408715260	4.76e-06
1408715320	4.74e-06
1408715381	4.73e-06
1408715441	4.73e-06
1408715502	4.73e-06
1408715562	4.74e-06
1408715623	4.74e-06
1408715683	4.73e-06
1408715744	4.72e-06
1408715804	4.72e-06
1408715865	4.72e-06
1408715925	4.72e-06
1408715986	4.72e-06
1408716046	4.72e-06
1408716107	4.72e-06
1408716167	4.72e-06
1408716228	4.72e-06
1408716288	4.72e-06
1408716348	4.71e-06
1408716409	4.71e-06
1408716469	4.71e-06
1408716530	4.71e-06
1408716591	4.71e-06
1408716651	4.72e-06
1408716711	1.99e-05
1408716772	3.21e-05
1408716832	3.37e-05
1408716893	3.44e-05
1408716954	3.49e-05
1408717014	3.51e-05
1408717074	3.53e-05
1408717135	3.54e-05
1408717195	3.55e-05
1408717256	3.56e-05
1408717317	3.57e-05
1408717377	3.58e-05
1408717438	3.59e-05
1408717498	3.59e-05
1408717559	3.6e-05
1408717619	3.61e-05
1408717680	3.61e-05
1408717740	3.62e-05
1408717801	3.62e-05
1408717861	3.63e-05
1408717922	3.63e-05
1408717982	3.63e-05
1408718043	3.64e-05
1408718103	3.64e-05
1408718164	3.64e-05
1408718224	3.64e-05
1408718285	3.65e-05
1408718346	3.65e-05
1408718406	3.65e-05
1408718467	3.65e-05
1408718527	3.65e-05
1408718588	3.65e-05
1408718648	3.65e-05
1408718709	3.66e-05
1408718769	3.66e-05
1408718830	3.66e-05
1408718890	3.66e-05
1408718951	3.66e-05
1408719011	3.66e-05
1408719072	3.66e-05
1408719132	3.66e-05
1408719193	3.66e-05
1408719253	3.66e-05
1408719314	3.66e-05
1408719374	3.67e-05
1408719435	3.67e-05
1408719495	3.67e-05
1408719556	3.67e-05
1408719616	3.67e-05
1408719677	3.67e-05
1408719737	3.67e-05
1408719798	3.67e-05
1408719858	3.67e-05
1408719919	3.67e-05
1408719979	3.67e-05
1408720040	3.67e-05
1408720100	3.67e-05
1408720161	3.67e-05
1408720221	3.67e-05
1408720282	3.67e-05
1408720342	3.67e-05
1408720403	3.67e-05
1408720464	3.67e-05
1408720524	3.67e-05
1408720585	3.67e-05
1408720645	3.67e-05
1408721625	0.0
1408721686	6.19e-06
1408721746	5.68e-06
1408721807	5.5e-06
1408721867	5.4e-06
1408721927	5.32e-06
1408721988	5.26e-06
1408722049	5.23e-06
1408722109	5.19e-06
1408722170	5.17e-06
1408722230	5.16e-06
1408722291	5.13e-06
1408722351	5.11e-06
1408722412	5.1e-06
1408722472	5.08e-06
1408722533	5.07e-06
1408722593	5.06e-06
1408722654	5.05e-06
1408722714	5.04e-06
1408722775	5.03e-06
1408722835	5.03e-06
1408722896	5.02e-06
1408722956	5.01e-06
1408723017	5.01e-06
1408723077	5e-06