1414532893	5.75
1414532953	1.61
1414533014	1.03
1414533074	0.823
1414533135	0.000875
1414533195	0.000137
1414533256	0.000109
1414533316	9.54e-05
1414533377	8.51e-05
1414533437	7.69e-05
1414533498	7.01e-05
1414533558	6.44e-05
1414533619	5.97e-05
1414533679	5.56e-05
1414533740	5.2e-05
1414533800	4.89e-05
1414533861	4.61e-05
1414533922	4.36e-05
1414533982	4.14e-05
1414534043	3.94e-05
1414534103	3.75e-05
1414534164	3.58e-05
1414534224	3.45e-05
1414534285	3.31e-05
1414534345	3.18e-05
1414534406	3.06e-05
1414534466	2.96e-05
1414534527	2.86e-05
1414534587	2.77e-05
1414534648	2.68e-05
1414534708	2.6e-05
1414534769	2.53e-05
1414534829	2.45e-05
1414534890	2.39e-05
1414534950	2.33e-05
1414535011	2.27e-05
1414535071	2.21e-05
1414535132	2.16e-05
1414535192	2.11e-05
1414535253	2.06e-05
1414535313	2.01e-05
1414535374	1.97e-05
1414535434	1.93e-05
1414535495	1.89e-05
1414535555	1.85e-05
1414535615	1.81e-05
1414535676	1.77e-05
1414535736	1.74e-05
1414535797	1.71e-05
1414535857	1.67e-05
1414535918	1.64e-05
1414535978	1.61e-05
1414536039	1.59e-05
1414536099	1.56e-05
1414536160	1.53e-05
1414536220	1.51e-05
1414536281	1.48e-05
1414536341	1.46e-05
1414536402	1.43e-05
1414536462	1.41e-05
1414536523	1.39e-05
1414536583	1.37e-05
1414536644	1.35e-05
1414536704	1.33e-05
1414536765	1.31e-05
1414536825	1.29e-05
1414536886	1.25e-05
1414536946	1.23e-05
1414537007	1.21e-05
1414537067	1.2e-05
1414537128	1.18e-05
1414537188	1.17e-05
1414537249	1.15e-05
1414537309	1.14e-05
1414537370	1.12e-05
1414537430	1.11e-05
1414537490	1.1e-05
1414537551	1.08e-05
1414537611	1.07e-05
1414537672	1.06e-05
1414537732	1.05e-05
1414537793	1.03e-05
1414537853	1.02e-05
1414537914	1.01e-05
1414537974	9.99e-06
1414538035	9.88e-06
1414538095	9.78e-06
1414538156	9.67e-06
1414538216	9.57e-06
1414538277	9.48e-06
1414538337	9.38e-06
1414538398	9.29e-06
1414538458	9.19e-06
1414538519	9.1e-06
1414538579	9.02e-06
1414538640	8.93e-06
1414538700	8.84e-06
1414538761	8.76e-06
1414538821	8.68e-06
1414538882	8.6e-06
1414538942	8.52e-06
1414539003	8.44e-06
1414539063	8.37e-06
1414539124	8.3e-06
1414539184	8.22e-06
1414539245	8.15e-06
1414539305	8.09e-06
1414539366	8.02e-06
1414539426	7.95e-06
1414539486	7.89e-06
1414539547	7.82e-06
1414539607	7.76e-06
1414539668	7.7e-06
1414539728	7.64e-06
1414539789	7.58e-06
1414539849	7.52e-06
1414539910	7.46e-06
1414539970	7.4e-06
1414540031	7.35e-06
1414540091	7.29e-06
1414540152	7.24e-06
1414540212	7.19e-06
1414540272	7.14e-06
1414540333	7.09e-06
1414540393	7.04e-06
1414540454	6.99e-06
1414540514	6.94e-06
1414540575	6.89e-06
1414540635	6.84e-06
1414540696	6.79e-06
1414540756	6.74e-06
1414540817	6.7e-06
1414540877	6.66e-06
1414540938	6.62e-06
1414540998	6.57e-06
1414541059	6.53e-06
1414541119	6.49e-06
1414541180	6.45e-06
1414541240	6.41e-06
1414541301	6.37e-06
1414541361	6.34e-06
1414541422	6.3e-06
1414541482	6.26e-06
1414541543	6.22e-06
1414541603	6.19e-06
1414541664	6.15e-06
1414541724	6.11e-06
1414541785	6.08e-06
1414541845	6.04e-06
1414541905	6.01e-06
1414541966	5.98e-06
1414542026	5.94e-06
1414542087	5.91e-06
1414542147	5.88e-06
1414542208	5.85e-06
1414542268	5.81e-06
1414542329	5.78e-06
1414542389	5.75e-06
1414542450	5.72e-06
1414542510	5.69e-06
1414542571	5.66e-06
1414542631	5.62e-06
1414542692	5.59e-06
1414542752	5.56e-06
1414542813	5.54e-06
1414542873	5.51e-06
1414542934	5.48e-06
1414542994	5.46e-06
1414543055	5.43e-06
1414543115	5.4e-06
1414543176	5.38e-06
1414543236	5.35e-06
1414543297	5.32e-06
1414543357	5.3e-06
1414543417	5.27e-06
1414543478	5.25e-06
1414543538	5.22e-06
1414543599	5.2e-06
1414543659	5.17e-06
1414543720	5.15e-06
1414543780	5.12e-06
1414543841	5.1e-06
1414543901	5.07e-06
1414543962	5.05e-06
1414544022	5.03e-06
1414544082	5e-06
1414544143	4.98e-06
1414544203	4.96e-06
1414544264	4.93e-06
1414544324	4.91e-06
1414544385	4.89e-06
1414544445	4.83e-06
1414544506	4.81e-06
1414544566	4.78e-06
1414544627	4.76e-06
1414544687	4.74e-06
1414544748	4.72e-06
1414544808	4.7e-06
1414544869	4.68e-06
1414544929	4.66e-06
1414544990	4.63e-06
1414545050	4.61e-06
1414545111	4.59e-06
1414545171	4.57e-06
1414545232	4.55e-06
1414545292	4.54e-06
1414545353	4.52e-06
1414545413	4.5e-06
1414545474	4.48e-06
1414545534	4.46e-06
1414545595	4.44e-06
1414545655	4.5e-06
1414545716	4.4e-06
1414545776	4.39e-06
1414545837	4.37e-06
1414545897	4.35e-06
1414545958	4.33e-06
1414546018	4.32e-06
1414546079	4.3e-06
1414546139	4.28e-06
1414546200	4.27e-06
1414546260	4.25e-06
1414546321	4.23e-06
1414546381	4.22e-06
1414546442	4.2e-06
1414546502	4.18e-06
1414546563	4.17e-06
1414546623	4.15e-06
1414546684	4.14e-06
1414546744	4.12e-06
1414546805	4.11e-06
1414546865	4.09e-06
1414546926	4.08e-06
1414546986	4.07e-06
1414547047	4.05e-06
1414547107	4.04e-06
1414547168	4.02e-06
1414547228	4.01e-06
1414547289	4e-06
1414547349	3.98e-06
1414547410	3.97e-06
1414547470	3.95e-06
1414547531	3.94e-06
1414547591	3.93e-06
1414547652	3.91e-06
1414547712	3.9e-06
1414547773	3.89e-06
1414547833	3.88e-06
1414547894	3.86e-06
1414547954	3.85e-06
1414548015	3.84e-06
1414548075	3.82e-06
1414548136	3.81e-06
1414548196	3.8e-06
1414548256	3.79e-06
1414548317	3.77e-06
1414548377	3.76e-06
1414548438	3.75e-06
1414548498	3.74e-06
1414548559	3.72e-06
1414548619	3.71e-06
1414548680	3.7e-06
1414548740	3.69e-06
1414548801	3.67e-06
1414548861	3.66e-06
1414548922	3.65e-06
1414548982	3.64e-06
1414549042	3.63e-06
1414549103	3.61e-06
1414549163	3.6e-06
1414549224	3.59e-06
1414549284	3.58e-06
1414549345	3.57e-06
1414549405	3.55e-06
1414549466	3.54e-06
1414549526	3.53e-06
1414549587	3.52e-06
1414549647	3.51e-06
1414549708	3.5e-06
1414549768	3.48e-06
1414549829	3.47e-06
1414549889	3.46e-06
1414549950	3.45e-06
1414550010	3.44e-06
1414550071	3.43e-06
1414550131	3.42e-06
1414550192	3.4e-06
1414550252	3.39e-06
1414550313	3.38e-06
1414550373	3.37e-06
1414550434	3.36e-06
1414550494	3.35e-06
1414550555	3.34e-06
1414550615	3.33e-06
1414550676	3.32e-06
1414550736	3.31e-06
1414550797	3.3e-06
1414550857	3.29e-06
1414550917	3.28e-06
1414550978	3.27e-06
1414551038	3.26e-06
1414551099	3.25e-06
1414551159	3.24e-06
1414551220	3.23e-06
1414551280	3.22e-06
1414551341	3.21e-06
1414551401	3.2e-06
1414551462	3.19e-06
1414551522	3.18e-06
1414551583	3.17e-06
1414551643	3.17e-06
1414551704	3.16e-06
1414551764	3.15e-06
1414551825	3.14e-06
1414551885	3.14e-06
1414551946	3.13e-06
1414552006	3.12e-06
1414552067	3.11e-06
1414552127	3.11e-06
1414552188	3.1e-06
1414552248	3.09e-06
1414552309	3.08e-06
1414552369	3.08e-06
1414552430	3.07e-06
1414552490	3.06e-06
1414552551	3.06e-06
1414552611	3.05e-06
1414552672	3.04e-06
1414552732	3.04e-06
1414552793	3.03e-06
1414552853	3.02e-06
1414552914	3.01e-06
1414552974	3.01e-06
1414553035	3e-06
1414553095	2.99e-06
1414553156	2.99e-06
1414553216	2.98e-06
1414553277	2.98e-06
1414553337	2.97e-06
1414553398	2.96e-06
1414553458	2.96e-06
1414553519	2.95e-06
1414553579	2.94e-06
1414553640	2.93e-06
1414553700	2.93e-06
1414553760	2.92e-06
1414553821	2.92e-06
1414553881	2.91e-06
1414553942	2.9e-06
1414554002	2.9e-06
1414554063	2.89e-06
1414554123	2.88e-06
1414554184	2.88e-06
1414554244	2.87e-06
1414554305	2.86e-06
1414554365	2.86e-06
1414554426	2.85e-06
1414554486	2.85e-06
1414554547	2.84e-06
1414554607	2.83e-06
1414554668	2.83e-06
1414554728	2.82e-06
1414554788	2.81e-06
1414554849	2.81e-06
1414554909	2.8e-06
1414554970	2.8e-06
1414555030	2.79e-06
1414555091	2.78e-06
1414555151	2.78e-06
1414555212	2.77e-06
1414555272	2.77e-06
1414555333	2.76e-06
1414555393	2.75e-06
1414555454	2.75e-06
1414555514	2.74e-06
1414555574	2.74e-06
1414555635	2.73e-06
1414555695	2.73e-06
1414555756	2.72e-06
1414555817	2.71e-06
1414555877	2.71e-06
1414555938	2.7e-06
1414555998	2.7e-06
1414556059	2.69e-06
1414556119	2.69e-06
1414556180	2.68e-06
1414556240	2.68e-06
1414556301	2.67e-06
1414556361	2.67e-06
1414556422	2.66e-06
1414556482	2.66e-06
1414556543	2.65e-06
1414556603	2.65e-06
1414556664	2.64e-06
1414556724	2.63e-06
1414556785	2.63e-06
1414556845	2.62e-06
1414556906	2.62e-06
1414556966	2.61e-06
1414557026	2.61e-06
1414557087	2.6e-06
1414557147	2.6e-06
1414557208	2.59e-06
1414557268	2.59e-06
1414557329	2.58e-06
1414557389	2.58e-06
1414557450	2.57e-06
1414557510	2.57e-06
1414557571	2.56e-06
1414557631	2.56e-06
1414557692	2.55e-06
1414557752	2.55e-06
1414557813	2.54e-06
1414557873	2.54e-06
1414557934	2.54e-06
1414557994	2.53e-06
1414558055	2.53e-06
1414558115	2.52e-06
1414558176	2.52e-06
1414558236	2.51e-06
1414558297	2.51e-06
1414558357	2.5e-06
1414558418	2.5e-06
1414558478	2.49e-06
1414558539	2.49e-06
1414558599	2.49e-06
1414558660	2.48e-06
1414558720	2.48e-06
1414558781	2.47e-06
1414558841	2.47e-06
1414558902	2.47e-06
1414558962	2.46e-06
1414559023	2.46e-06
1414559083	2.45e-06
1414559144	2.45e-06
1414559204	2.45e-06
1414559265	2.44e-06
1414559325	2.44e-06
1414559386	2.43e-06
1414559446	2.43e-06
1414559507	2.42e-06
1414559567	2.42e-06
1414559628	2.41e-06
1414559688	2.41e-06
1414559748	2.4e-06
1414559809	2.32e-06
1414559869	2.32e-06
1414559930	2.31e-06
1414559990	2.31e-06
1414560051	2.3e-06
1414560111	2.3e-06
1414560172	2.29e-06
1414560232	2.3e-06
1414560293	2.29e-06
1414560353	2.29e-06
1414560414	2.28e-06
1414560474	2.28e-06
1414560535	2.28e-06
1414560595	2.27e-06
1414560656	2.27e-06
1414560716	2.27e-06
1414560777	2.26e-06
1414560837	2.26e-06
1414560898	2.25e-06
1414560958	2.26e-06
1414561019	2.26e-06
1414561079	2.25e-06
1414561140	2.25e-06
1414561200	2.25e-06
1414561261	2.26e-06
1414561321	2.26e-06
1414561382	2.26e-06
1414561442	2.25e-06
1414561503	2.25e-06
1414561563	2.25e-06
1414561624	2.24e-06
1414561684	2.24e-06
1414561745	2.23e-06
1414561805	2.23e-06
1414561866	2.23e-06
1414561926	2.22e-06
1414561987	2.22e-06
1414562047	2.21e-06
1414562108	2.21e-06
1414562168	2.21e-06
1414562229	2.21e-06
1414562289	2.21e-06
1414562350	2.2e-06
1414562410	2.2e-06
1414562470	2.19e-06
1414562531	2.19e-06
1414562591	2.19e-06
1414562652	2.18e-06
1414562712	2.18e-06
1414562773	2.18e-06
1414562833	2.17e-06
1414562894	2.17e-06
1414562954	2.17e-06
1414563015	2.16e-06
1414563075	2.16e-06
1414563136	2.16e-06
1414563196	2.15e-06
1414563257	2.15e-06
1414563317	2.15e-06
1414563378	2.14e-06
1414563438	2.14e-06
1414563499	2.14e-06
1414563559	2.13e-06
1414563620	2.13e-06
1414563680	2.13e-06
1414563740	2.12e-06
1414563801	2.12e-06
1414563861	2.12e-06
1414563922	2.11e-06
1414563982	2.11e-06
1414564043	2.11e-06
1414564103	2.1e-06
1414564164	2.1e-06
1414564224	2.1e-06
1414564285	2.09e-06
1414564345	2.09e-06
1414564406	2.09e-06
1414564466	2.09e-06
1414564527	2.08e-06
1414564587	2.08e-06
1414564648	2.08e-06
1414564708	2.07e-06
1414564769	2.07e-06
1414564829	2.07e-06
1414564890	2.06e-06
1414564950	2.06e-06
1414565011	2.06e-06
1414565071	2.05e-06
1414565132	2.05e-06
1414565192	2.05e-06
1414565252	2.05e-06
1414565313	2.04e-06
1414565373	2.04e-06
1414565434	2.04e-06
1414565495	2.03e-06
1414565555	2.03e-06
1414565616	2.03e-06
1414565676	2.03e-06
1414565737	2.02e-06
1414565797	2.02e-06
1414565858	2.02e-06
1414565918	2.01e-06
1414565979	2.01e-06
1414566039	2.01e-06
1414566099	2e-06
1414566160	2e-06
1414566220	2e-06
1414566281	2e-06
1414566341	1.99e-06
1414566402	1.99e-06
1414566462	1.99e-06
1414566523	1.99e-06
1414566583	1.98e-06
1414566644	1.98e-06
1414566704	1.98e-06
1414566765	1.98e-06
1414566825	1.97e-06
1414566886	1.97e-06
1414566946	1.97e-06
1414567007	1.96e-06
1414567067	1.96e-06
1414567128	1.96e-06
1414567188	1.96e-06
1414567249	1.96e-06
1414567309	1.95e-06
1414567370	1.95e-06
1414567430	1.95e-06
1414567491	1.95e-06
1414567551	1.95e-06
1414567612	1.94e-06
1414567672	1.94e-06
1414567733	1.94e-06
1414567793	1.94e-06
1414567853	1.93e-06
1414567914	1.93e-06
1414567975	1.93e-06
1414568035	1.93e-06
1414568096	1.93e-06
1414568156	1.93e-06
1414568216	1.93e-06
1414568277	1.92e-06
1414568337	1.92e-06
1414568398	1.92e-06
1414568458	1.91e-06
1414568519	1.91e-06
1414568579	1.91e-06
1414568640	1.91e-06
1414568700	1.91e-06
1414568761	1.91e-06
1414568821	1.9e-06
1414568882	1.9e-06
1414568942	1.9e-06
1414569003	1.9e-06
1414569063	1.9e-06
1414569124	1.9e-06
1414569184	1.89e-06
1414569245	1.89e-06
1414569306	1.89e-06
1414569366	1.89e-06
1414569427	1.89e-06
1414569487	1.89e-06
1414569548	1.88e-06
1414569608	1.88e-06
1414569668	1.88e-06
1414569729	1.88e-06
1414569789	1.88e-06
1414569850	1.87e-06
1414569910	1.87e-06
1414569971	1.87e-06
1414570031	1.87e-06
1414570092	1.87e-06
1414570152	1.86e-06
1414570213	1.86e-06
1414570273	1.86e-06
1414570334	1.86e-06
1414570394	1.86e-06
1414570454	1.85e-06
1414570515	1.85e-06
1414570575	1.85e-06
1414570636	1.85e-06
1414570696	1.84e-06
1414570757	1.84e-06
1414570817	1.84e-06
1414570878	1.84e-06
1414570938	1.84e-06
1414570999	1.83e-06
1414571059	1.83e-06
1414571120	1.83e-06
1414571180	1.83e-06
1414571241	1.83e-06
1414571301	1.82e-06
1414571361	1.82e-06
1414571422	1.82e-06
1414571483	1.82e-06
1414571543	1.82e-06
1414571604	1.81e-06
1414571664	1.81e-06
1414571725	1.81e-06
1414571785	1.81e-06
1414571845	1.81e-06
1414571906	1.81e-06
1414571966	1.8e-06
1414572027	1.8e-06
1414572087	1.8e-06
1414572148	1.8e-06
1414572208	1.8e-06
1414572269	1.79e-06
1414572329	1.79e-06
1414572390	1.79e-06
1414572450	1.79e-06
1414572511	1.79e-06
1414572571	1.78e-06
1414572632	1.78e-06
1414572692	1.78e-06
1414572753	1.78e-06
1414572813	1.78e-06
1414572874	1.78e-06
1414572934	1.77e-06
1414572995	1.77e-06
1414573055	1.77e-06
1414573116	1.77e-06
1414573176	1.77e-06
1414573237	1.76e-06
1414573297	1.76e-06
1414573358	1.76e-06
1414573418	1.76e-06
1414573478	1.76e-06
1414573539	1.76e-06
1414573599	1.76e-06
1414573660	1.75e-06
1414573720	1.75e-06
1414573781	1.75e-06
1414573841	1.75e-06
1414573902	1.75e-06
1414573962	1.75e-06
1414574023	1.74e-06
1414574083	1.74e-06
1414574144	1.74e-06
1414574204	1.74e-06
1414574265	1.74e-06
1414574325	1.74e-06
1414574386	1.74e-06
1414574446	1.73e-06
1414574507	1.73e-06
1414574567	1.73e-06
1414574628	1.73e-06
1414574688	1.73e-06
1414574749	1.73e-06
1414574809	1.73e-06
1414574870	1.72e-06
1414574930	1.72e-06
1414574991	1.72e-06
1414575051	1.72e-06
1414575112	1.72e-06
1414575172	1.72e-06
1414575232	1.72e-06
1414575293	1.71e-06
1414575353	1.71e-06
1414575414	1.71e-06
1414575475	1.71e-06
1414575535	1.71e-06
1414575595	1.71e-06
1414575656	1.7e-06
1414575717	1.7e-06
1414575777	1.7e-06
1414575837	1.7e-06
1414575898	1.7e-06
1414575958	1.7e-06
1414576019	1.7e-06
1414576079	1.69e-06
1414576140	1.69e-06
1414576200	1.69e-06
1414576261	1.69e-06
1414576321	1.69e-06
1414576382	1.69e-06
1414576442	1.68e-06
1414576503	1.68e-06
1414576563	1.68e-06
1414576624	1.68e-06
1414576684	1.68e-06
1414576745	1.68e-06
1414576805	1.67e-06
1414576866	1.67e-06
1414576926	1.67e-06
1414576987	1.67e-06
1414577047	1.67e-06
1414577108	1.67e-06
1414577168	1.66e-06
1414577229	1.66e-06
1414577289	1.66e-06
1414577350	1.66e-06
1414577410	1.66e-06
1414577471	1.66e-06
1414577531	1.65e-06
1414577592	1.65e-06
1414577652	1.65e-06
1414577713	1.65e-06
1414577773	1.65e-06
1414577834	1.65e-06
1414577894	1.64e-06
1414577955	1.64e-06
1414578015	1.64e-06
1414578076	1.64e-06
1414578136	1.64e-06
1414578197	1.64e-06
1414578257	1.63e-06
1414578318	1.63e-06
1414578378	1.63e-06
1414578439	1.63e-06
1414578499	1.63e-06
1414578560	1.63e-06
1414578620	1.62e-06
1414578680	1.62e-06
1414578741	1.62e-06
1414578801	1.62e-06
1414578862	1.62e-06
1414578922	1.62e-06
1414578983	1.61e-06
1414579043	1.61e-06
1414579104	1.61e-06
1414579164	1.61e-06
1414579225	1.61e-06
1414579285	1.61e-06
1414579346	1.6e-06
1414579406	1.6e-06
1414579467	1.6e-06
1414579527	1.6e-06
1414579588	1.6e-06
1414579648	1.6e-06
1414579709	1.6e-06
1414579769	1.59e-06
1414579830	1.59e-06
1414579890	1.59e-06
1414579951	1.59e-06
1414580011	1.59e-06
1414580072	1.59e-06
1414580132	1.58e-06
1414580193	1.58e-06
1414580253	1.58e-06
1414580314	1.58e-06
1414580374	1.58e-06
1414580435	1.58e-06
1414580495	1.57e-06
1414580556	1.57e-06
1414580616	1.57e-06
1414580677	1.57e-06
1414580737	1.57e-06
1414580798	1.57e-06
1414580858	1.57e-06
1414580919	1.56e-06
1414580980	1.56e-06
1414581040	1.56e-06
1414581101	1.56e-06
1414581161	1.56e-06
1414581222	1.56e-06
1414581282	1.56e-06
1414581342	1.55e-06
1414581403	1.55e-06
1414581464	1.55e-06
1414581524	1.55e-06
1414581585	1.55e-06
1414581645	1.55e-06
1414581705	1.54e-06
1414581766	1.54e-06
1414581826	1.54e-06
1414581887	1.54e-06
1414581947	1.54e-06
1414582008	1.54e-06
1414582068	1.54e-06
1414582129	1.53e-06
1414582189	1.53e-06
1414582250	1.53e-06
1414582310	1.53e-06
1414582371	1.53e-06
1414582431	1.53e-06
1414582492	1.53e-06
1414582552	1.52e-06
1414582613	1.52e-06
1414582673	1.52e-06
1414582734	1.52e-06
1414582794	1.52e-06
1414582855	1.52e-06
1414582915	1.51e-06
1414582976	1.51e-06
1414583036	1.51e-06
1414583097	1.51e-06
1414583157	1.51e-06
1414583218	1.51e-06
1414583278	1.51e-06
1414583339	1.5e-06
1414583399	1.5e-06
1414583460	1.5e-06
1414583520	1.5e-06
1414583581	1.5e-06
1414583641	1.5e-06
1414583702	1.5e-06
1414583762	1.49e-06
1414583823	1.49e-06
1414583883	1.49e-06
1414583944	1.49e-06
1414584004	1.49e-06
1414584065	1.49e-06
1414584125	1.49e-06
1414584186	1.49e-06
1414584246	1.48e-06
1414584306	1.48e-06
1414584367	1.48e-06
1414584427	1.48e-06
1414584488	1.48e-06
1414584548	1.48e-06
1414584609	1.48e-06
1414584669	1.47e-06
1414584730	1.47e-06
1414584790	1.47e-06
1414584851	1.47e-06
1414584911	1.47e-06
1414584972	1.47e-06
1414585032	1.47e-06
1414585093	1.46e-06
1414585153	1.46e-06
1414585214	1.46e-06
1414585274	1.46e-06
1414585335	1.46e-06
1414585395	1.46e-06
1414585456	1.46e-06
1414585516	1.45e-06
1414585577	1.45e-06
1414585637	1.45e-06
1414585698	1.45e-06
1414585758	1.45e-06
1414585819	1.45e-06
1414585879	1.45e-06
1414585940	1.45e-06
1414586000	1.44e-06
1414586061	1.44e-06
1414586121	1.44e-06
1414586182	1.44e-06
1414586242	1.44e-06
1414586303	1.44e-06
1414586363	1.44e-06
1414586424	1.43e-06
1414586484	1.43e-06
1414586545	1.43e-06
1414586605	1.43e-06
1414586666	1.43e-06
1414586726	1.43e-06
1414586786	1.43e-06
1414586847	1.43e-06
1414586907	1.42e-06
1414586968	1.42e-06
1414587028	1.42e-06
1414587089	1.42e-06
1414587149	1.42e-06
1414587210	1.42e-06
1414587270	1.42e-06
1414587331	1.41e-06
1414587391	1.41e-06
1414587452	1.41e-06
1414587512	1.41e-06
1414587573	1.41e-06
1414587633	1.41e-06
1414587694	1.41e-06
1414587754	1.41e-06
1414587814	1.4e-06
1414587875	1.4e-06
1414587935	1.4e-06
1414587996	1.4e-06
1414588056	1.4e-06
1414588117	1.4e-06
1414588177	1.4e-06
1414588238	1.4e-06
1414588298	1.39e-06
1414588359	1.39e-06
1414588419	1.39e-06
1414588480	1.39e-06
1414588540	1.39e-06
1414588601	1.39e-06
1414588661	1.39e-06
1414588722	1.39e-06
1414588782	1.39e-06
1414588843	1.38e-06
1414588903	1.38e-06
1414588964	1.38e-06
1414589024	1.38e-06
1414589084	1.38e-06
1414589145	1.38e-06
1414589205	1.38e-06
1414589266	1.37e-06
1414589326	1.37e-06
1414589387	1.37e-06
1414589447	1.37e-06
1414589508	1.37e-06
1414589568	1.37e-06
1414589629	1.37e-06
1414589689	1.37e-06
1414589750	1.37e-06
1414589810	1.36e-06
1414589871	1.36e-06
1414589931	1.36e-06
1414589992	1.91e-05
1414590052	2.24e-05
1414590113	2.26e-05
1414590173	2.28e-05
1414590234	2.28e-05
1414591447	0.0
1414591507	1.59e-06
1414591568	1.5e-06
1414591628	1.46e-06
1414591689	1.44e-06
1414591749	1.42e-06
1414591810	1.41e-06
1414591870	1.41e-06
1414591931	1.4e-06
1414591991	1.4e-06
1414592052	1.39e-06
1414592112	1.39e-06
1414592173	1.38e-06
1414592233	1.38e-06
1414592293	1.38e-06
1414592354	1.37e-06
1414592414	1.37e-06
1414592475	1.37e-06
1414592535	1.37e-06
1414592596	1.36e-06
1414592656	1.36e-06
1414592717	1.36e-06
1414592777	1.36e-06
1414592838	1.35e-06
1414592898	1.35e-06
1414592959	1.35e-06
1414593019	1.35e-06
1414593080	1.34e-06
1414593140	1.34e-06
1414593201	1.34e-06
1414593261	1.34e-06
1414593321	1.34e-06
1414593382	1.33e-06
1414593443	1.33e-06
1414593503	1.33e-06
1414593564	1.33e-06
1414593624	1.33e-06
1414593685	1.32e-06
1414593745	1.32e-06
1414593805	1.32e-06
1414593866	1.32e-06
1414593926	1.32e-06
1414593987	1.31e-06
1414594047	1.31e-06
1414594108	1.31e-06
1414594168	1.31e-06
1414594229	1.31e-06
1414594289	1.31e-06
1414594350	1.3e-06
1414594410	1.3e-06
1414594471	1.3e-06
1414594531	1.3e-06
1414594592	1.3e-06
1414594652	1.3e-06
1414594713	1.29e-06
1414594773	1.29e-06
1414594834	1.29e-06
1414594894	1.29e-06
1414594955	1.29e-06
1414595015	1.29e-06
1414595076	1.29e-06
1414595136	1.28e-06
1414595197	1.28e-06
1414595257	1.28e-06
1414595318	1.28e-06
1414595378	1.28e-06
1414595439	1.28e-06
1414595499	1.28e-06
1414595560	1.27e-06
1414595620	1.27e-06
1414595681	1.27e-06
1414595741	1.27e-06
1414595802	1.27e-06
1414595862	1.27e-06
1414595923	1.27e-06
1414595983	1.27e-06
1414596044	1.26e-06
1414596104	1.26e-06
1414596165	1.26e-06
1414596225	1.26e-06
1414596286	1.26e-06
1414596346	1.26e-06
1414596407	1.26e-06
1414596467	1.26e-06
1414596528	1.25e-06
1414596588	1.25e-06
1414596649	1.25e-06
1414596710	1.25e-06
1414596770	1.25e-06
1414596831	1.25e-06
1414596891	1.25e-06
1414596952	1.25e-06
1414597012	1.24e-06
1414597073	1.24e-06
1414597133	1.24e-06
1414597194	1.24e-06
1414597254	1.24e-06
1414597315	1.24e-06
1414597375	1.24e-06
1414597436	1.24e-06
1414597496	1.23e-06
1414597557	1.23e-06
1414597618	1.23e-06
1414597678	1.23e-06
1414597738	1.23e-06
1414597799	1.23e-06
1414597860	1.23e-06
1414597920	1.23e-06
1414597981	1.23e-06
1414598041	1.22e-06
1414598102	1.22e-06
1414598162	1.22e-06
1414598223	1.22e-06
1414598283	1.22e-06
1414598344	1.22e-06
1414598404	1.22e-06
1414598465	1.22e-06
1414598525	1.22e-06
1414598586	1.21e-06
1414598646	1.21e-06
1414598707	1.21e-06
1414598767	1.21e-06
1414598828	1.21e-06
1414598888	1.21e-06
1414598949	1.21e-06
1414599009	1.21e-06
1414599070	1.21e-06
1414599130	1.21e-06
1414599191	1.2e-06
1414599251	1.2e-06
1414599312	1.2e-06
1414599372	1.2e-06
1414599433	1.2e-06
1414599493	1.2e-06
1414599554	1.2e-06
1414599614	1.2e-06
1414599675	1.2e-06
1414599735	1.19e-06
1414599796	1.19e-06
1414599856	1.19e-06
1414599916	1.19e-06
1414599977	1.19e-06
1414600037	1.19e-06
1414600098	1.19e-06
1414600158	1.19e-06
1414600219	1.19e-06
1414600279	1.19e-06
1414600340	1.18e-06
1414600400	1.18e-06
1414600461	1.18e-06
1414600521	1.18e-06
1414600582	1.18e-06
1414600642	1.18e-06
1414600703	1.18e-06
1414600763	1.18e-06
1414600824	1.18e-06
1414600884	1.18e-06
1414600945	1.17e-06
1414601005	1.17e-06
1414601066	1.17e-06
1414601126	1.17e-06
1414601187	1.17e-06
1414601247	1.17e-06
1414601308	1.17e-06
1414601368	1.17e-06
1414601429	1.17e-06
1414601489	1.17e-06
1414601550	1.17e-06
1414601610	1.16e-06
1414601671	1.16e-06
1414601731	1.16e-06
1414601792	1.16e-06
1414601852	1.16e-06
1414601913	1.16e-06
1414601973	1.16e-06
1414602034	1.16e-06
1414602094	1.16e-06
1414602155	1.16e-06
1414602215	1.16e-06
1414602276	1.15e-06
1414602336	1.15e-06
1414602397	1.15e-06
1414602457	1.15e-06
1414602518	1.15e-06
1414602578	1.15e-06
1414602639	1.15e-06
1414602699	1.15e-06
1414602760	1.15e-06
1414602820	1.15e-06
1414602881	1.14e-06
1414602941	1.14e-06
1414603002	1.14e-06
1414603062	1.14e-06
1414603123	1.14e-06
1414603183	1.14e-06
1414603244	1.14e-06
1414603304	1.14e-06
1414603365	1.14e-06
1414603425	1.14e-06
1414603486	1.14e-06
1414603546	1.14e-06
1414603607	1.13e-06
1414603667	1.13e-06
1414603728	1.13e-06
1414603788	1.13e-06
1414603849	1.13e-06
1414603909	1.13e-06
1414603970	1.13e-06
1414604030	1.13e-06
1414604091	1.13e-06
1414604151	1.13e-06
1414604212	1.13e-06
1414604272	1.12e-06
1414604333	1.12e-06
1414604393	1.12e-06
1414604454	1.12e-06
1414604514	1.12e-06
1414604575	1.12e-06
1414604635	1.12e-06
1414604696	1.12e-06
1414604756	1.12e-06
1414604817	1.12e-06
1414604877	1.12e-06
1414604938	1.11e-06
1414604998	1.11e-06
1414605059	1.11e-06
1414605119	1.11e-06
1414605180	1.11e-06
1414605240	1.11e-06
1414605301	1.11e-06
1414605361	1.11e-06
1414605422	1.11e-06
1414605482	1.11e-06
1414605543	1.11e-06
1414605603	1.1e-06
1414605664	1.1e-06
1414605724	1.1e-06
1414605785	1.1e-06
1414605845	1.1e-06
1414605905	1.1e-06
1414605966	1.1e-06
1414606026	1.1e-06
1414606087	1.1e-06
1414606147	1.1e-06
1414606208	1.1e-06
1414606268	1.1e-06
1414606329	1.09e-06
1414606389	1.09e-06
1414606450	1.09e-06
1414606510	1.09e-06
1414606571	1.09e-06
1414606631	1.09e-06
1414606692	1.09e-06
1414606752	1.09e-06
1414606813	1.09e-06
1414606873	1.09e-06
1414606934	1.09e-06
1414606994	1.08e-06
1414607055	1.08e-06
1414607115	1.08e-06
1414607176	1.08e-06
1414607236	1.08e-06
1414607297	1.08e-06
1414607357	1.08e-06
1414607418	1.08e-06
1414607478	1.08e-06
1414607539	1.08e-06
1414607599	1.08e-06
1414607660	1.08e-06
1414607720	1.07e-06
1414607781	1.07e-06
1414607841	1.07e-06
1414607902	1.07e-06
1414607962	1.07e-06
1414608023	1.07e-06
1414608083	1.07e-06
1414608144	1.07e-06
1414608204	1.07e-06
1414608265	1.07e-06
1414608325	1.07e-06
1414608386	1.06e-06
1414608447	1.06e-06
1414608507	1.06e-06
1414608568	1.06e-06
1414608628	1.06e-06
1414608689	1.06e-06
1414608749	1.06e-06
1414608810	1.06e-06
1414608870	1.06e-06
1414608931	1.06e-06
1414608991	1.06e-06
1414609052	1.06e-06
1414609112	1.06e-06
1414609173	1.05e-06
1414609233	1.05e-06
1414609294	1.05e-06
1414609354	1.05e-06
1414609415	1.05e-06
1414609475	1.05e-06
1414609536	1.05e-06
1414609596	1.05e-06
1414609657	1.05e-06
1414609717	1.05e-06
1414609778	1.05e-06
1414609838	1.05e-06
1414609899	1.04e-06
1414609959	1.04e-06
1414610020	1.04e-06
1414610081	1.04e-06
1414610141	1.04e-06
1414610202	1.04e-06
1414610262	1.04e-06
1414610323	1.04e-06
1414610383	1.04e-06
1414610444	1.04e-06
1414610504	1.04e-06
1414610565	1.04e-06
1414610625	1.04e-06
1414610686	1.03e-06
1414610746	1.03e-06
1414610807	1.03e-06
1414610867	1.03e-06
1414610928	1.03e-06
1414610988	1.03e-06
1414611049	1.03e-06
1414611109	1.03e-06
1414611170	1.03e-06
1414611231	1.03e-06
1414611291	1.03e-06
1414611352	1.03e-06
1414611412	1.03e-06
1414611473	1.02e-06
1414611533	1.02e-06
1414611593	1.02e-06
1414611654	1.02e-06
1414611714	1.02e-06
1414611775	1.02e-06
1414611835	1.02e-06
1414611896	1.02e-06
1414611956	1.02e-06
1414612017	1.02e-06
1414612077	1.02e-06
1414612138	1.02e-06
1414612198	1.02e-06
1414612259	1.02e-06
1414612319	1.01e-06
1414612380	1.01e-06
1414612440	1.01e-06
1414612501	1.01e-06
1414612561	1.01e-06
1414612622	1.01e-06
1414612682	1.01e-06
1414612743	1.01e-06
1414612803	1.01e-06
1414612864	1.01e-06
1414612924	1.01e-06
1414612984	1.01e-06
1414613045	1.01e-06
1414613105	1.01e-06
1414613166	1e-06
1414613226	1e-06
1414613287	1e-06
1414613347	1e-06
1414613408	1e-06
1414613468	1e-06
1414613529	1e-06
1414613589	9.99e-07
1414613650	9.99e-07
1414613710	9.98e-07
1414613771	9.97e-07
1414613831	9.97e-07
1414613892	9.96e-07
1414613952	9.95e-07
1414614013	9.94e-07
1414614073	9.94e-07
1414614134	9.93e-07
1414614194	9.93e-07
1414614255	9.92e-07
1414614315	9.91e-07
1414614376	9.9e-07
1414614436	9.9e-07
1414614497	9.89e-07
1414614557	9.89e-07
1414614618	9.88e-07
1414614678	9.87e-07
1414614739	9.87e-07
1414614799	9.86e-07
1414614860	9.85e-07
1414614920	9.85e-07
1414614981	9.84e-07
1414615041	9.83e-07
1414615102	9.83e-07
1414615162	9.82e-07
1414615223	9.81e-07
1414615283	9.81e-07
1414615344	9.8e-07
1414615404	9.79e-07
1414615465	9.79e-07
1414615526	9.78e-07
1414615586	9.77e-07
1414615647	9.77e-07
1414615707	9.76e-07
1414615768	9.75e-07
1414615828	9.75e-07
1414615889	9.74e-07
1414615949	9.73e-07
1414616010	9.73e-07
1414616070	9.72e-07
1414616131	9.71e-07
1414616191	9.71e-07
1414616252	9.7e-07
1414616312	9.7e-07
1414616373	9.69e-07
1414616433	9.68e-07
1414616494	9.68e-07
1414616554	9.67e-07
1414616615	9.66e-07
1414616675	9.66e-07
1414616736	9.65e-07
1414616796	9.65e-07
1414616857	9.64e-07
1414616917	9.64e-07
1414616978	9.63e-07
1414617038	9.62e-07
1414617099	9.62e-07
1414617159	9.61e-07
1414617220	9.61e-07
1414617280	9.6e-07
1414617341	9.6e-07
1414617401	9.59e-07
1414617462	9.58e-07
1414617522	9.58e-07
1414617583	9.57e-07
1414617643	9.56e-07
1414617704	9.56e-07
1414617764	9.55e-07
1414617825	9.54e-07
1414617885	9.54e-07
1414617946	9.53e-07
1414618006	9.53e-07
1414618067	9.52e-07
1414618127	9.52e-07
1414618188	9.51e-07
1414618248	9.5e-07
1414618309	9.5e-07
1414618369	9.49e-07
1414618430	9.48e-07
1414618490	9.48e-07
1414618550	9.47e-07
1414618611	9.47e-07
1414618671	9.46e-07
1414618732	9.45e-07
1414618792	9.45e-07
1414618853	9.44e-07
1414618913	9.44e-07
1414618974	9.43e-07
1414619034	9.42e-07
1414619095	9.42e-07
1414619155	9.41e-07
1414619216	9.41e-07
1414619276	9.4e-07
1414619337	9.39e-07
1414619397	9.39e-07
1414619458	9.38e-07
1414619518	9.38e-07
1414619579	9.37e-07
1414619639	9.37e-07
1414619700	9.36e-07
1414619760	9.35e-07
1414619821	9.35e-07
1414619881	9.34e-07
1414619942	9.34e-07
1414620002	9.33e-07
1414620063	9.32e-07
1414620123	9.31e-07
1414620184	9.31e-07
1414620245	9.3e-07
1414620305	9.3e-07
1414620366	9.29e-07
1414620426	9.28e-07
1414620487	9.28e-07
1414620547	9.27e-07
1414620608	9.27e-07
1414620668	9.26e-07
1414620729	9.25e-07
1414620789	9.25e-07
1414620850	9.24e-07
1414620910	9.24e-07
1414620971	9.23e-07
1414621031	9.22e-07
1414621092	9.22e-07
1414621152	9.21e-07
1414621213	9.21e-07
1414621273	9.2e-07
1414621334	9.19e-07
1414621394	9.19e-07
1414621455	9.18e-07
1414621515	9.17e-07
1414621576	9.17e-07
1414621636	9.16e-07
1414621697	9.16e-07
1414621757	9.15e-07
1414621818	9.15e-07
1414621878	9.14e-07
1414621939	9.13e-07
1414621999	9.12e-07
1414622060	9.12e-07
1414622120	9.11e-07
1414622181	9.11e-07
1414622241	9.1e-07
1414622302	9.09e-07
1414622362	9.09e-07
1414622423	9.08e-07
1414622483	9.08e-07
1414622544	9.07e-07
1414622604	9.07e-07
1414622665	9.06e-07
1414622725	9.06e-07
1414622786	9.05e-07
1414622846	9.04e-07
1414622907	9.04e-07
1414622967	9.03e-07
1414623028	9.03e-07
1414623088	9.02e-07
1414623149	9.02e-07
1414623209	9.01e-07
1414623270	9.01e-07
1414623330	9e-07
1414623391	8.99e-07
1414623451	8.99e-07
1414623512	8.99e-07
1414623572	8.98e-07
1414623632	8.97e-07
1414623693	1.01e-05
1414623754	1.49e-05
1414623814	1.54e-05
1414623875	1.55e-05
1414623935	1.55e-05
1414623996	1.56e-05
1414624056	1.56e-05
1414624117	1.57e-05
1414624177	1.57e-05
1414625157	0.0
1414625217	1.04e-06
1414625278	9.84e-07
1414625338	9.59e-07
1414625399	9.47e-07
1414625459	9.39e-07
1414625519	9.34e-07
1414625580	9.29e-07
1414625640	9.26e-07
1414625701	9.23e-07
1414625761	9.21e-07
1414625822	9.18e-07
1414625882	9.16e-07
1414625943	9.14e-07
1414626003	9.13e-07
1414626064	9.11e-07
1414626124	9.09e-07
1414626185	9.08e-07
1414626245	9.06e-07
1414626306	9.05e-07
1414626366	9.03e-07
1414626427	9.02e-07
1414626487	9.01e-07
1414626548	8.99e-07
1414626608	8.98e-07
1414626669	8.97e-07
1414626729	8.95e-07
1414626790	8.94e-07
1414626850	8.93e-07
1414626911	8.92e-07
1414626971	8.91e-07
1414627032	8.9e-07
1414627092	8.88e-07
1414627153	8.87e-07
1414627213	8.86e-07
1414627274	8.85e-07
1414627334	8.84e-07
1414627395	8.83e-07
1414627455	8.82e-07
1414627516	8.81e-07
1414627576	8.8e-07
1414627637	8.79e-07
1414627697	8.78e-07
1414627758	8.77e-07
1414627819	8.76e-07
1414627879	8.76e-07
1414627940	8.74e-07
1414628000	8.74e-07
1414628060	8.73e-07
1414628121	8.72e-07
1414628181	8.71e-07
1414628242	8.7e-07
1414628302	8.69e-07
1414628363	8.68e-07
1414628423	8.67e-07
1414628484	8.66e-07
1414628544	8.66e-07
1414628605	8.65e-07
1414628665	8.64e-07
1414628726	8.63e-07
1414628786	8.62e-07
1414628847	8.62e-07
1414628907	8.61e-07
1414628968	8.6e-07
1414629028	8.59e-07
1414629089	8.59e-07
1414629149	8.58e-07
1414629210	8.57e-07
1414629270	8.56e-07
1414629331	8.56e-07
1414629391	8.55e-07
1414629452	8.54e-07
1414629512	8.53e-07
1414629573	8.53e-07
1414629633	8.52e-07
1414629694	8.51e-07
1414629754	8.51e-07
1414629815	8.5e-07
1414629875	8.49e-07
1414629936	8.48e-07
1414629996	8.48e-07
1414630057	8.47e-07
1414630117	8.47e-07
1414630177	8.46e-07
1414630238	8.45e-07
1414630298	8.45e-07
1414630359	8.44e-07
1414630419	8.43e-07
1414630480	8.43e-07
1414630540	8.42e-07
1414630601	8.41e-07
1414630661	8.41e-07
1414630722	8.4e-07
1414630782	8.4e-07
1414630843	8.39e-07
1414630903	8.38e-07
1414630964	8.38e-07
1414631024	8.37e-07
1414631085	8.37e-07
1414631145	8.36e-07
1414631206	8.35e-07
1414631266	8.35e-07
1414631327	8.34e-07
1414631387	8.34e-07
1414631448	8.33e-07
1414631509	8.33e-07
1414631569	8.32e-07
1414631629	8.32e-07
1414631690	8.31e-07
1414631750	8.3e-07
1414631811	8.3e-07
1414631871	8.29e-07
1414631932	8.29e-07
1414631992	8.28e-07
1414632053	8.28e-07
1414632113	8.27e-07
1414632174	8.27e-07
1414632234	8.26e-07
1414632295	8.25e-07
1414632355	8.25e-07
1414632416	8.24e-07
1414632476	8.24e-07
1414632537	8.23e-07
1414632597	8.22e-07
1414632658	8.22e-07
1414632718	8.21e-07
1414632779	8.21e-07
1414632839	8.2e-07
1414632900	8.2e-07
1414632960	8.19e-07
1414633021	8.19e-07
1414633081	8.18e-07
1414633142	8.18e-07
1414633202	8.17e-07
1414633263	8.17e-07
1414633323	8.16e-07
1414633383	8.16e-07
1414633444	8.15e-07
1414633504	8.14e-07
1414633565	8.14e-07
1414633625	8.14e-07
1414633686	8.13e-07
1414633746	8.12e-07
1414633807	8.12e-07
1414633867	8.11e-07
1414633928	8.11e-07
1414633988	8.1e-07
1414634049	8.1e-07
1414634109	8.09e-07
1414634170	8.09e-07
1414634230	8.08e-07
1414634290	8.08e-07
1414634351	8.07e-07
1414634411	8.07e-07
1414634472	8.06e-07
1414634532	8.06e-07
1414634593	8.05e-07
1414634653	8.05e-07
1414634714	8.04e-07
1414634774	8.04e-07
1414634835	8.03e-07
1414634895	8.03e-07
1414634956	8.02e-07
1414635017	8.02e-07
1414635077	8.01e-07
1414635138	8.01e-07
1414635198	8e-07
1414635259	8e-07
1414635319	7.99e-07
1414635380	7.99e-07
1414635440	7.99e-07
1414635501	7.98e-07
1414635561	7.97e-07
1414635622	7.97e-07
1414635682	7.97e-07
1414635743	7.96e-07
1414635803	7.96e-07
1414635864	7.95e-07
1414635924	7.95e-07
1414635985	7.94e-07
1414636045	7.94e-07
1414636106	7.93e-07
1414636166	7.93e-07
1414636227	7.92e-07
1414636287	7.92e-07
1414636348	7.92e-07
1414636408	7.91e-07
1414636469	7.9e-07
1414636529	7.9e-07
1414636589	7.9e-07
1414636650	7.89e-07
1414636710	7.89e-07
1414636771	7.88e-07
1414636831	7.88e-07
1414636892	7.88e-07
1414636952	7.87e-07
1414637013	7.86e-07
1414637074	7.86e-07
1414637134	7.85e-07
1414637195	7.85e-07
1414637255	7.85e-07
1414637315	7.84e-07
1414637376	7.84e-07
1414637436	7.83e-07
1414637497	7.83e-07
1414637557	7.82e-07
1414637618	7.82e-07
1414637678	7.81e-07
1414637739	7.81e-07
1414637799	7.81e-07
1414637860	7.8e-07
1414637920	7.8e-07
1414637981	7.79e-07
1414638041	7.79e-07
1414638101	7.78e-07
1414638162	7.78e-07
1414638222	7.77e-07
1414638283	7.77e-07
1414638343	7.76e-07
1414638404	7.76e-07
1414638464	7.76e-07
1414638525	7.75e-07
1414638585	7.75e-07
1414638646	7.74e-07
1414638706	7.74e-07
1414638767	7.73e-07
1414638827	7.73e-07
1414638888	7.72e-07
1414638948	7.72e-07
1414639008	7.71e-07
1414639069	7.71e-07
1414639129	7.71e-07
1414639190	7.7e-07
1414639250	7.7e-07
1414639311	7.69e-07
1414639372	7.69e-07
1414639432	7.69e-07
1414639493	7.68e-07
1414639553	7.68e-07
1414639613	7.67e-07
1414639674	7.67e-07
1414639734	7.67e-07
1414639795	7.66e-07
1414639856	7.65e-07
1414639916	7.65e-07
1414639977	7.65e-07
1414640037	7.64e-07
1414640098	7.64e-07
1414640158	7.63e-07
1414640219	7.63e-07
1414640279	7.63e-07
1414640340	7.62e-07
1414640400	7.62e-07
1414640460	7.61e-07
1414640521	7.61e-07
1414640581	7.6e-07
1414640642	7.6e-07
1414640702	7.6e-07
1414640763	7.59e-07
1414640823	7.59e-07
1414640884	7.58e-07
1414640944	7.58e-07
1414641005	7.57e-07
1414641065	7.57e-07
1414641126	7.56e-07
1414641186	7.56e-07
1414641247	7.56e-07
1414641307	7.55e-07
1414641368	7.55e-07
1414641428	7.55e-07
1414641489	7.54e-07
1414641549	7.54e-07
1414641610	7.53e-07
1414641670	7.53e-07
1414641731	7.52e-07
1414641791	7.52e-07
1414641852	7.52e-07
1414641912	7.51e-07
1414641973	7.51e-07
1414642033	7.5e-07
1414642094	7.5e-07
1414642154	7.5e-07
1414642215	7.49e-07
1414642275	7.49e-07
1414642336	7.48e-07
1414642396	7.48e-07
1414642457	7.47e-07
1414642517	7.47e-07
1414642578	7.47e-07
1414642638	7.46e-07
1414642699	7.46e-07
1414642759	7.45e-07
1414642819	7.45e-07
1414642880	7.44e-07
1414642940	7.44e-07
1414643001	7.44e-07
1414643061	7.43e-07
1414643122	7.43e-07
1414643182	7.42e-07
1414643243	7.42e-07
1414643303	7.41e-07
1414643364	7.41e-07
1414643424	7.41e-07
1414643485	7.4e-07
1414643545	7.4e-07
1414643606	7.4e-07
1414643666	7.39e-07
1414643727	7.39e-07
1414643787	7.38e-07
1414643848	7.38e-07
1414643908	7.38e-07
1414643969	7.37e-07
1414644029	7.37e-07
1414644090	7.36e-07
1414644150	7.36e-07
1414644211	7.36e-07
1414644271	7.35e-07
1414644332	7.35e-07
1414644392	7.34e-07
1414644453	7.34e-07
1414644513	7.34e-07
1414644574	7.33e-07
1414644634	7.33e-07
1414644695	7.32e-07
1414644755	7.32e-07
1414644816	7.31e-07
1414644876	7.31e-07
1414644937	7.31e-07
1414644997	7.3e-07
1414645058	7.3e-07
1414645118	7.29e-07
1414645179	7.29e-07
1414645239	7.28e-07
1414645300	7.28e-07
1414645361	7.28e-07
1414645421	7.27e-07
1414645482	7.27e-07
1414645542	7.26e-07
1414645603	7.26e-07
1414645663	7.26e-07
1414645724	7.25e-07
1414645784	7.25e-07
1414645845	7.24e-07
1414645905	7.24e-07
1414645966	7.24e-07
1414646026	7.23e-07
1414646087	7.23e-07
1414646147	7.22e-07
1414646207	7.22e-07
1414646268	7.21e-07
1414646328	7.21e-07
1414646389	7.21e-07
1414646449	7.2e-07
1414646510	7.2e-07
1414646570	7.19e-07
1414646631	7.19e-07
1414646691	7.19e-07
1414646752	7.18e-07
1414646812	7.18e-07
1414646873	7.17e-07
1414646933	7.17e-07
1414646994	7.16e-07
1414647054	7.16e-07
1414647115	7.16e-07
1414647175	7.15e-07
1414647236	7.15e-07
1414647296	7.15e-07
1414647357	7.14e-07
1414647417	7.14e-07
1414647478	7.13e-07
1414647538	7.13e-07
1414647599	7.12e-07
1414647659	7.12e-07
1414647720	7.12e-07
1414647780	7.11e-07
1414647841	7.11e-07
1414647901	7.1e-07
1414647961	7.1e-07
1414648022	7.1e-07
1414648082	7.09e-07
1414648143	7.09e-07
1414648203	7.09e-07
1414648264	7.08e-07
1414648324	7.08e-07
1414648385	7.07e-07
1414648445	7.07e-07
1414648506	7.07e-07
1414648566	7.06e-07
1414648627	7.06e-07
1414648687	7.05e-07
1414648748	7.05e-07
1414648808	7.05e-07
1414648869	7.04e-07
1414648929	7.04e-07
1414648990	7.03e-07
1414649050	7.03e-07
1414649111	7.03e-07
1414649171	7.02e-07
1414649232	7.02e-07
1414649292	7.02e-07
1414649353	7.01e-07
1414649413	7.01e-07
1414649474	7.01e-07
1414649534	7e-07
1414649595	7e-07
1414649655	6.99e-07
1414649716	6.99e-07
1414649776	6.99e-07
1414649836	6.98e-07
1414649897	6.98e-07
1414649958	6.98e-07
1414650018	6.97e-07
1414650079	6.97e-07
1414650139	6.97e-07
1414650199	6.96e-07
1414650260	6.96e-07
1414650320	6.96e-07
1414650381	6.95e-07
1414650441	6.95e-07
1414650502	6.94e-07
1414650562	6.94e-07
1414650623	6.94e-07
1414650683	6.94e-07
1414650744	6.93e-07
1414650804	6.93e-07
1414650865	6.92e-07
1414650925	6.92e-07
1414650986	6.92e-07
1414651046	6.92e-07
1414651107	6.91e-07
1414651167	6.91e-07
1414651228	6.91e-07
1414651288	6.9e-07
1414651349	6.9e-07
1414651409	6.9e-07
1414651469	6.89e-07
1414651530	6.89e-07
1414651591	6.89e-07
1414651651	6.88e-07
1414651711	6.88e-07
1414651772	6.88e-07
1414651832	6.87e-07
1414651893	6.87e-07
1414651953	6.87e-07
1414652014	6.86e-07
1414652074	6.86e-07
1414652135	6.86e-07
1414652195	6.86e-07
1414652256	6.85e-07
1414652316	6.85e-07
1414652377	6.85e-07
1414652437	6.84e-07
1414652498	6.84e-07
1414652559	6.84e-07
1414652619	6.83e-07
1414652679	6.83e-07
1414652740	6.83e-07
1414652800	6.83e-07
1414652861	6.82e-07
1414652922	6.82e-07
1414652982	6.82e-07
1414653043	6.81e-07
1414653103	6.81e-07
1414653164	6.81e-07
1414653224	6.8e-07
1414653285	6.8e-07
1414653345	6.8e-07
1414653406	6.8e-07
1414653466	6.79e-07
1414653527	6.79e-07
1414653587	6.79e-07
1414653647	6.79e-07
1414653708	6.78e-07
1414653768	6.78e-07
1414653829	6.78e-07
1414653889	6.77e-07
1414653950	6.77e-07
1414654010	6.77e-07
1414654071	6.76e-07
1414654131	6.76e-07
1414654192	6.76e-07
1414654252	6.76e-07
1414654313	6.76e-07
1414654373	6.75e-07
1414654433	6.75e-07
1414654494	6.75e-07
1414654555	6.74e-07
1414654615	6.74e-07
1414654676	6.74e-07
1414654736	6.74e-07
1414654797	6.73e-07
1414654857	6.73e-07
1414654917	6.73e-07
1414654978	6.72e-07
1414655038	6.72e-07
1414655099	6.72e-07
1414655159	6.71e-07
1414655220	6.71e-07
1414655280	6.71e-07
1414655341	6.71e-07
1414655402	6.7e-07
1414655462	6.7e-07
1414655523	6.7e-07
1414655583	6.7e-07
1414655644	6.69e-07
1414655704	6.69e-07
1414655765	6.69e-07
1414655825	6.68e-07
1414655886	6.68e-07
1414655946	6.68e-07
1414656007	6.68e-07
1414656067	6.67e-07
1414656128	6.67e-07
1414656188	6.67e-07
1414656248	6.66e-07
1414656309	6.66e-07
1414656369	6.66e-07
1414656430	6.65e-07
1414656491	6.65e-07
1414656551	6.65e-07
1414656612	6.65e-07
1414656672	6.64e-07
1414656733	6.64e-07
1414656793	6.64e-07
1414656854	6.64e-07
1414656914	6.63e-07
1414656974	6.63e-07
1414657035	6.63e-07
1414657095	6.62e-07
1414657156	6.62e-07
1414657216	6.62e-07
1414657277	6.62e-07
1414657338	6.61e-07
1414657398	6.61e-07
1414657459	6.61e-07
1414657519	6.6e-07
1414657580	6.6e-07
1414657640	6.6e-07
1414657701	6.6e-07
1414657761	6.59e-07
1414657822	6.59e-07
1414657882	6.59e-07
1414657943	6.59e-07
1414658003	6.58e-07
1414658063	6.58e-07
1414658124	6.58e-07
1414658184	6.57e-07
1414658245	6.57e-07
1414658305	6.57e-07
1414658366	6.56e-07
1414658426	6.56e-07
1414658487	6.56e-07
1414658547	6.56e-07
1414658608	6.55e-07
1414658668	6.55e-07
1414658729	6.55e-07
1414658789	6.54e-07
1414658850	6.54e-07
1414658910	6.54e-07
1414658971	6.54e-07
1414659031	6.53e-07
1414659092	6.53e-07
1414659152	6.53e-07
1414659213	6.53e-07
1414659273	6.52e-07
1414659334	6.52e-07
1414659394	6.52e-07
1414659455	6.52e-07
1414659515	6.51e-07
1414659576	6.51e-07
1414659636	6.51e-07
1414659697	6.5e-07
1414659757	6.5e-07
1414659818	6.5e-07
1414659878	6.5e-07
1414659938	6.49e-07
1414659999	6.49e-07
1414660059	6.49e-07
1414660120	6.49e-07
1414660181	6.48e-07
1414660241	6.48e-07
1414660302	6.48e-07
1414660362	6.47e-07
1414660423	6.47e-07
1414660483	6.47e-07
1414660544	6.47e-07
1414660604	6.46e-07
1414660665	6.46e-07
1414660725	6.46e-07
1414660786	6.46e-07
1414660846	6.45e-07
1414660906	6.45e-07
1414660967	6.45e-07
1414661027	6.44e-07
1414661088	6.44e-07
1414661148	6.44e-07
1414661209	6.44e-07
1414661269	6.43e-07
1414661330	6.43e-07
1414661390	6.43e-07
1414661451	6.43e-07
1414661511	6.43e-07
1414661571	6.42e-07
1414661632	6.42e-07
1414661692	6.41e-07
1414661753	6.41e-07
1414661813	6.41e-07
1414661874	6.41e-07
1414661934	6.41e-07
1414661995	6.4e-07
1414662055	6.4e-07
1414662116	6.39e-07
1414662176	6.39e-07
1414662237	6.39e-07
1414662297	6.39e-07
1414662358	6.39e-07
1414662419	6.38e-07
1414662479	6.38e-07
1414662539	6.38e-07
1414662600	6.37e-07
1414662661	6.37e-07
1414662721	6.37e-07
1414662782	6.37e-07
1414662842	6.36e-07
1414662903	6.36e-07
1414662963	6.36e-07
1414663023	6.36e-07
1414663084	6.35e-07
1414663144	6.35e-07
1414663205	6.35e-07
1414663265	6.34e-07
1414663326	6.34e-07
1414663386	6.34e-07
1414663447	6.34e-07
1414663507	6.33e-07
1414663568	6.33e-07
1414663628	6.33e-07
1414663689	6.32e-07
1414663749	6.32e-07
1414663809	6.32e-07
1414663870	6.32e-07
1414663930	6.31e-07
1414663991	6.31e-07
1414664051	6.31e-07
1414664112	6.3e-07
1414664172	6.3e-07
1414664233	6.3e-07
1414664293	6.29e-07
1414664354	6.29e-07
1414664414	6.29e-07
1414664475	6.29e-07
1414664535	6.28e-07
1414664596	6.28e-07
1414664656	6.28e-07
1414664717	6.27e-07
1414664777	6.27e-07
1414664838	6.27e-07
1414664898	6.26e-07
1414664959	6.26e-07
1414665019	6.26e-07
1414665080	6.25e-07
1414665140	6.25e-07
1414665201	6.25e-07
1414665262	6.25e-07
1414665322	6.24e-07
1414665382	6.24e-07
1414665443	6.24e-07
1414665503	6.23e-07
1414665564	6.23e-07
1414665624	6.22e-07
1414665685	6.22e-07
1414665745	6.22e-07
1414665806	6.22e-07
1414665866	6.21e-07
1414665927	6.21e-07
1414665987	6.21e-07
1414666048	6.2e-07
1414666108	6.2e-07
1414666169	6.2e-07
1414666229	6.19e-07
1414666290	6.19e-07
1414666350	6.19e-07
1414666411	6.18e-07
1414666471	6.18e-07
1414666531	6.17e-07
1414666592	6.17e-07
1414666652	6.17e-07
1414666713	6.17e-07
1414666773	6.16e-07
1414666834	6.16e-07
1414666894	6.16e-07
1414666955	6.15e-07
1414667015	6.15e-07
1414667076	6.14e-07
1414667137	6.14e-07
1414667197	6.14e-07
1414667257	6.14e-07
1414667318	6.13e-07
1414667378	6.13e-07
1414667439	6.13e-07
1414667499	6.12e-07
1414667560	6.12e-07
1414667621	6.11e-07
1414667681	6.11e-07
1414667742	6.11e-07
1414667802	6.1e-07
1414667862	6.1e-07
1414667923	6.1e-07
1414667984	6.1e-07
1414668044	6.09e-07
1414668105	6.09e-07
1414668165	6.09e-07
1414668226	6.08e-07
1414668286	6.08e-07
1414668347	6.08e-07
1414668407	6.07e-07
1414668468	6.07e-07
1414668528	6.07e-07
1414668589	6.06e-07
1414668649	6.06e-07
1414668710	6.06e-07
1414668770	6.05e-07
1414668831	6.05e-07
1414668891	6.05e-07
1414668952	6.04e-07
1414669012	6.04e-07
1414669073	6.04e-07
1414669133	6.03e-07
1414669194	6.03e-07
1414669254	6.03e-07
1414669315	6.02e-07
1414669375	6.02e-07
1414669436	6.02e-07
1414669496	6.01e-07
1414669557	6.01e-07
1414669617	6.01e-07
1414669678	6.01e-07
1414669738	6e-07
1414669799	6e-07
1414669859	6e-07
1414669920	5.99e-07
1414669980	5.99e-07
1414670041	5.99e-07
1414670101	5.98e-07
1414670162	5.98e-07
1414670222	5.98e-07
1414670283	5.98e-07
1414670343	5.97e-07
1414670403	5.97e-07
1414670464	5.97e-07
1414670524	5.96e-07
1414670585	5.96e-07
1414670645	5.96e-07
1414670706	5.95e-07
1414670766	5.95e-07
1414670827	5.95e-07
1414670887	5.95e-07
1414670948	5.94e-07
1414671008	5.94e-07
1414671069	5.93e-07
1414671129	5.93e-07
1414671190	5.93e-07
1414671250	5.92e-07
1414671311	5.92e-07
1414671371	5.92e-07
1414671432	5.92e-07
1414671492	5.91e-07
1414671553	5.91e-07
1414671613	5.91e-07
1414671674	5.9e-07
1414671734	5.9e-07
1414671795	5.9e-07
1414671855	5.89e-07
1414671916	5.89e-07
1414671976	5.89e-07
1414672036	5.88e-07
1414672097	5.88e-07
1414672158	5.88e-07
1414672218	5.87e-07
1414672279	5.87e-07
1414672339	5.87e-07
1414672400	5.86e-07
1414672460	5.86e-07
1414672521	5.86e-07
1414672581	5.85e-07
1414672642	5.85e-07
1414672702	5.85e-07
1414672763	5.84e-07
1414672823	5.84e-07
1414672884	5.84e-07
1414672944	5.83e-07
1414673005	5.83e-07
1414673065	5.83e-07
1414673126	5.82e-07
1414673186	5.82e-07
1414673247	5.82e-07
1414673307	5.82e-07
1414673368	5.81e-07
1414673428	5.81e-07
1414673489	5.81e-07
1414673549	5.8e-07
1414673609	5.8e-07
1414673670	5.8e-07
1414673730	5.79e-07
1414673791	5.79e-07
1414673851	5.79e-07
1414673912	5.78e-07
1414673972	5.78e-07
1414674033	5.78e-07
1414674093	5.77e-07
1414674154	5.77e-07
1414674214	5.77e-07
1414674275	5.76e-07
1414674335	5.76e-07
1414674396	5.76e-07
1414674456	5.75e-07
1414674517	5.75e-07
1414674577	5.75e-07
1414674638	5.75e-07
1414674698	5.74e-07
1414674759	5.74e-07
1414674819	5.74e-07
1414674880	5.73e-07
1414674940	5.73e-07
1414675001	5.73e-07
1414675061	5.72e-07
1414675122	5.72e-07
1414675182	5.72e-07
1414675243	5.72e-07
1414675303	5.71e-07
1414675364	5.71e-07
1414675425	5.71e-07
1414675485	5.7e-07
1414675546	5.7e-07
1414675606	5.7e-07
1414675667	5.69e-07
1414675727	5.69e-07
1414675788	5.69e-07
1414675848	5.69e-07
1414675909	5.68e-07
1414675969	5.68e-07
1414676030	5.68e-07
1414676091	5.67e-07
1414676151	5.67e-07
1414676212	5.67e-07
1414676272	5.66e-07
1414676333	5.66e-07
1414676393	5.66e-07
1414676454	5.66e-07
1414676514	5.65e-07
1414676575	5.65e-07
1414676635	5.65e-07
1414676696	5.64e-07
1414676756	5.64e-07
1414676817	5.64e-07
1414676877	5.64e-07
1414676938	5.63e-07
1414676998	5.63e-07
1414677059	5.63e-07
1414677120	5.62e-07
1414677180	5.62e-07
1414677241	5.62e-07
1414677301	5.61e-07
1414677362	5.61e-07
1414677422	5.61e-07
1414677483	5.61e-07
1414677544	5.6e-07
1414677604	5.6e-07
1414677665	5.6e-07
1414677725	5.59e-07
1414677786	5.59e-07
1414677846	5.59e-07
1414677907	5.58e-07
1414677967	5.58e-07
1414678028	5.58e-07
1414678088	5.58e-07
1414678149	5.57e-07
1414678209	5.57e-07
1414678270	5.57e-07
1414678330	5.56e-07
1414678391	5.56e-07
1414678451	5.56e-07
1414678512	5.56e-07
1414678572	5.55e-07
1414678633	5.55e-07
1414678693	5.55e-07
1414678754	5.54e-07
1414678814	5.54e-07
1414678875	5.54e-07
1414678935	5.54e-07
1414678996	5.53e-07
1414679057	5.53e-07
1414679117	5.53e-07
1414679178	5.52e-07
1414679238	5.52e-07
1414679299	5.52e-07
1414679359	5.52e-07
1414679420	5.51e-07
1414679480	5.51e-07
1414679541	5.51e-07
1414679601	5.5e-07
1414679662	5.5e-07
1414679722	5.5e-07
1414679783	5.5e-07
1414679843	5.49e-07
1414679904	5.49e-07
1414679964	5.49e-07
1414680024	5.48e-07
1414680085	5.48e-07
1414680145	5.48e-07
1414680206	5.48e-07
1414680267	5.47e-07
1414680327	5.47e-07
1414680388	5.47e-07
1414680448	5.47e-07
1414680508	5.46e-07
1414680569	5.46e-07
1414680629	5.46e-07
1414680690	5.45e-07
1414680750	5.45e-07
1414680811	5.45e-07
1414680871	5.45e-07
1414680932	5.44e-07
1414680992	5.44e-07
1414681053	5.44e-07
1414681113	5.44e-07
1414681174	5.43e-07
1414681234	5.43e-07
1414681295	5.43e-07
1414681355	5.43e-07
1414681416	5.42e-07
1414681476	5.42e-07
1414681537	5.42e-07
1414681597	5.41e-07
1414681658	5.41e-07
1414681718	5.41e-07
1414681779	5.4e-07
1414681839	5.4e-07
1414681899	5.4e-07
1414681960	5.4e-07
1414682020	5.39e-07
1414682081	5.39e-07
1414682141	5.39e-07
1414682202	5.39e-07
1414682262	5.38e-07
1414682323	5.38e-07
1414682383	5.38e-07
1414682444	5.38e-07
1414682504	5.37e-07
1414682565	5.37e-07
1414682626	5.37e-07
1414682686	5.37e-07
1414682747	5.37e-07
1414682807	5.36e-07
1414682868	5.36e-07
1414682928	5.36e-07
1414682989	5.35e-07
1414683049	5.35e-07
1414683110	5.35e-07
1414683170	5.35e-07
1414683231	5.34e-07
1414683291	5.34e-07
1414683352	5.34e-07
1414683412	5.34e-07
1414683473	5.33e-07
1414683533	5.33e-07
1414683594	5.33e-07
1414683654	5.32e-07
1414683715	5.32e-07
1414683775	5.32e-07
1414683836	5.32e-07
1414683896	5.32e-07
1414683956	5.31e-07
1414684017	5.31e-07
1414684078	5.31e-07
1414684138	5.3e-07
1414684199	5.3e-07
1414684259	5.3e-07
1414684320	5.3e-07
1414684380	5.29e-07
1414684441	5.29e-07
1414684501	5.29e-07
1414684562	5.29e-07
1414684622	5.28e-07
1414684683	5.28e-07
1414684743	5.28e-07
1414684804	5.28e-07
1414684864	5.28e-07
1414684925	5.27e-07
1414684985	5.27e-07
1414685046	5.27e-07
1414685106	5.26e-07
1414685167	5.26e-07
1414685227	5.26e-07
1414685288	5.26e-07
1414685348	5.26e-07
1414685409	5.25e-07
1414685469	5.25e-07
1414685530	5.25e-07
1414685590	5.25e-07
1414685651	5.24e-07
1414685711	5.24e-07
1414685772	5.24e-07
1414685832	5.24e-07
1414685893	5.23e-07
1414685953	5.23e-07
1414686014	5.23e-07
1414686074	5.23e-07
1414686135	5.22e-07
1414686195	5.22e-07
1414686256	5.22e-07
1414686316	5.22e-07
1414686377	5.21e-07
1414686437	5.21e-07
1414686498	5.21e-07
1414686558	5.21e-07
1414686619	5.21e-07
1414686679	5.2e-07
1414686740	5.2e-07
1414686800	5.2e-07
1414686861	5.2e-07
1414686921	5.19e-07
1414686982	5.19e-07
1414687042	5.19e-07
1414687103	5.19e-07
1414687163	5.18e-07
1414687224	5.18e-07
1414687284	5.18e-07
1414687344	5.18e-07
1414687405	5.18e-07
1414687465	5.17e-07
1414687526	5.17e-07
1414687586	5.17e-07
1414687647	5.17e-07
1414687708	5.16e-07
1414687768	5.16e-07
1414687829	5.16e-07
1414687889	5.16e-07
1414687950	5.15e-07
1414688010	5.15e-07
1414688071	5.15e-07
1414688131	5.15e-07
1414688192	5.14e-07
1414688252	5.14e-07
1414688313	5.14e-07
1414688373	5.14e-07
1414688434	5.14e-07
1414688494	5.13e-07
1414688555	5.13e-07
1414688615	5.13e-07
1414688676	5.13e-07
1414688736	5.12e-07
1414688797	5.12e-07
1414688857	5.12e-07
1414688918	5.12e-07
1414688978	5.12e-07
1414689039	5.11e-07
1414689099	5.11e-07
1414689160	5.11e-07
1414689220	5.11e-07
1414689281	5.1e-07
1414689341	5.1e-07
1414689402	5.1e-07
1414689462	5.1e-07
1414689523	5.1e-07
1414689583	5.09e-07
1414689644	5.09e-07
1414689704	5.09e-07
1414689765	5.09e-07
1414689825	5.09e-07
1414689886	5.08e-07
1414689946	5.08e-07
1414690007	5.08e-07
1414690067	5.08e-07
1414690128	5.07e-07
1414690188	5.07e-07
1414690249	5.07e-07
1414690309	5.07e-07
1414690370	5.06e-07
1414690430	5.06e-07
1414690491	5.06e-07
1414690551	5.06e-07
1414690612	5.06e-07
1414690672	5.05e-07
1414690733	5.05e-07
1414690793	5.05e-07
1414690854	5.05e-07
1414690914	5.04e-07
1414690975	5.04e-07
1414691035	5.04e-07
1414691096	5.04e-07
1414691156	5.04e-07
1414691216	5.03e-07
1414691277	5.03e-07
1414691337	5.03e-07
1414691398	5.03e-07
1414691458	5.02e-07
1414691519	5.02e-07
1414691579	5.02e-07
1414691640	5.02e-07
1414691700	5.01e-07
1414691761	5.01e-07
1414691822	5.01e-07
1414691882	5.01e-07
1414691943	5.01e-07
1414692003	5e-07
1414692063	5e-07
1414692124	5e-07
1414692184	5e-07
1414692245	5e-07
1414692305	4.99e-07
1414692366	4.99e-07
1414692426	4.99e-07
1414692487	4.99e-07
1414692547	4.98e-07
1414692608	4.98e-07
1414692668	4.98e-07
1414692729	4.98e-07
1414692789	4.98e-07
1414692850	4.97e-07
1414692910	4.97e-07
1414692971	4.97e-07
1414693031	4.97e-07
1414693092	4.96e-07
1414693152	4.96e-07
1414693213	4.96e-07
1414693273	4.96e-07
1414693334	4.95e-07
1414693394	4.95e-07
1414693455	4.95e-07
1414693515	4.95e-07
1414693576	4.95e-07
1414693636	4.94e-07
1414693697	4.94e-07
1414693757	4.94e-07
1414693818	4.94e-07
1414693878	4.94e-07
1414693939	4.93e-07
1414693999	4.93e-07
1414694060	4.93e-07
1414694120	4.93e-07
1414694181	4.92e-07
1414694241	4.92e-07
1414694302	4.92e-07
1414694362	4.92e-07
1414694423	4.92e-07
1414694483	4.91e-07
1414694544	4.91e-07
1414694604	4.91e-07
1414694665	4.91e-07
1414694725	4.91e-07
1414694786	4.9e-07
1414694846	4.9e-07
1414694907	4.9e-07
1414694967	4.9e-07
1414695028	4.89e-07
1414695088	4.89e-07
1414695149	4.89e-07
1414695209	4.89e-07
1414695270	4.89e-07
1414695330	4.88e-07
1414695391	4.88e-07
1414695451	4.88e-07
1414695512	4.88e-07
1414695572	4.88e-07
1414695633	4.87e-07
1414695693	4.87e-07
1414695754	4.87e-07
1414695814	4.87e-07
1414695875	4.86e-07
1414695935	4.86e-07
1414695996	4.86e-07
1414696056	4.86e-07
1414696117	4.85e-07
1414696177	4.85e-07
1414696238	4.85e-07
1414696298	4.85e-07
1414696359	4.85e-07
1414696419	4.84e-07
1414696480	4.84e-07
1414696540	4.84e-07
1414696601	4.84e-07
1414696661	4.84e-07
1414696722	4.83e-07
1414696782	4.83e-07
1414696843	4.83e-07
1414696903	4.83e-07
1414696964	4.83e-07
1414697024	4.82e-07
1414697085	4.82e-07
1414697146	4.82e-07
1414697206	4.82e-07
1414697267	4.82e-07
1414697327	4.81e-07
1414697387	4.81e-07
1414697448	4.81e-07
1414697508	4.81e-07
1414697569	4.81e-07
1414697629	4.8e-07
1414697690	4.8e-07
1414697750	4.8e-07
1414697811	4.8e-07
1414697871	4.8e-07
1414697932	4.8e-07
1414697992	4.79e-07
1414698053	4.79e-07
1414698113	4.79e-07
1414698174	4.79e-07
1414698234	4.79e-07
1414698295	4.78e-07
1414698355	4.78e-07
1414698416	4.78e-07
1414698476	4.78e-07
1414698537	4.77e-07
1414698597	4.77e-07
1414698658	4.77e-07
1414698719	4.77e-07
1414698779	4.77e-07
1414698840	4.77e-07
1414698900	4.76e-07
1414698960	4.76e-07
1414699021	4.76e-07
1414699081	4.76e-07
1414699142	4.75e-07
1414699202	4.75e-07
1414699263	4.75e-07
1414699323	4.75e-07
1414699384	4.75e-07
1414699444	4.74e-07
1414699505	4.74e-07
1414699565	4.74e-07
1414699626	4.74e-07
1414699686	4.74e-07
1414699747	4.73e-07
1414699807	4.73e-07
1414699868	4.73e-07
1414699929	4.73e-07
1414699989	4.73e-07
1414700050	4.73e-07
1414700110	4.72e-07
1414700171	4.72e-07
1414700231	4.72e-07
1414700291	4.72e-07
1414700352	4.72e-07
1414700412	4.71e-07
1414700473	4.71e-07
1414700533	4.71e-07
1414700594	4.71e-07
1414700654	4.71e-07
1414700715	4.7e-07
1414700775	4.7e-07
1414700836	4.7e-07
1414700896	4.7e-07
1414700957	4.7e-07
1414701017	4.69e-07
1414701078	4.69e-07
1414701138	4.69e-07
1414701199	4.69e-07
1414701259	4.69e-07
1414701320	4.68e-07
1414701380	4.68e-07
1414701441	4.68e-07
1414701501	4.68e-07
1414701562	4.68e-07
1414701622	4.67e-07
1414701683	4.67e-07
1414701743	4.67e-07
1414701804	4.67e-07
1414701864	4.67e-07
1414701925	4.66e-07
1414701985	4.66e-07
1414702046	4.66e-07
1414702106	4.66e-07
1414702167	4.66e-07
1414702227	4.65e-07
1414702288	4.65e-07
1414702348	4.65e-07
1414702409	4.65e-07
1414702469	4.65e-07
1414702530	4.64e-07
1414702590	4.64e-07
1414702651	4.64e-07
1414702711	4.64e-07
1414702772	4.64e-07
1414702832	4.63e-07
1414702893	4.63e-07
1414702953	4.63e-07
1414703014	4.63e-07
1414703074	4.63e-07
1414703135	4.63e-07
1414703195	4.62e-07
1414703256	4.62e-07
1414703316	4.62e-07
1414703377	4.62e-07
1414703437	4.62e-07
1414703498	4.61e-07
1414703558	4.61e-07
1414703619	4.61e-07
1414703679	4.61e-07
1414703740	4.61e-07
1414703800	4.6e-07
1414703861	4.6e-07
1414703921	4.6e-07
1414703982	4.6e-07
1414704042	4.59e-07
1414704103	4.59e-07
1414704163	4.59e-07
1414704224	4.59e-07
1414704284	4.59e-07
1414704345	4.59e-07
1414704405	4.58e-07
1414704466	4.58e-07
1414704526	4.58e-07
1414704587	4.58e-07
1414704647	4.58e-07
1414704708	4.57e-07
1414704768	4.57e-07
1414704829	4.57e-07
1414704889	4.57e-07
1414704950	4.57e-07
1414705011	4.56e-07
1414705071	4.56e-07
1414705132	4.56e-07
1414705192	4.56e-07
1414705252	4.56e-07
1414705313	4.56e-07
1414705373	4.55e-07
1414705434	4.55e-07
1414705494	4.55e-07
1414705555	4.55e-07
1414705615	4.54e-07
1414705676	4.54e-07
1414705736	4.54e-07
1414705797	4.54e-07
1414705857	4.54e-07
1414705918	4.53e-07
1414705979	4.53e-07
1414706039	4.53e-07
1414706099	4.53e-07
1414706160	4.53e-07
1414706221	4.52e-07
1414706281	4.52e-07
1414706342	4.52e-07
1414706402	4.52e-07
1414706463	4.51e-07
1414706523	4.51e-07
1414706583	4.51e-07
1414706644	4.51e-07
1414706704	4.51e-07
1414706765	4.5e-07
1414706825	4.5e-07
1414706886	4.5e-07
1414706946	4.5e-07
1414707007	4.5e-07
1414707067	4.5e-07
1414707128	4.49e-07
1414707188	4.49e-07
1414707249	4.49e-07
1414707309	4.49e-07
1414707370	4.48e-07
1414707430	4.48e-07
1414707491	4.48e-07
1414707551	4.48e-07
1414707612	4.48e-07
1414707672	4.47e-07
1414707733	4.47e-07
1414707793	4.47e-07
1414707854	4.47e-07
1414707914	4.47e-07
1414707974	4.46e-07
1414708035	4.46e-07
1414708096	4.46e-07
1414708156	4.46e-07
1414708217	4.46e-07
1414708277	4.46e-07
1414708337	4.45e-07
1414708398	4.45e-07
1414708458	4.45e-07
1414708519	4.45e-07
1414708579	4.44e-07
1414708640	4.44e-07
1414708700	4.44e-07
1414708761	4.44e-07
1414708821	4.44e-07
1414708882	4.44e-07
1414708942	4.43e-07
1414709003	4.43e-07
1414709063	4.43e-07
1414709124	4.43e-07
1414709184	4.43e-07
1414709245	4.42e-07
1414709305	4.42e-07
1414709366	4.42e-07
1414709426	4.42e-07
1414709487	4.42e-07
1414709547	4.41e-07
1414709608	4.41e-07
1414709668	4.41e-07
1414709728	4.41e-07
1414709789	4.41e-07
1414709849	4.4e-07
1414709910	4.4e-07
1414709970	4.4e-07
1414710031	4.4e-07
1414710091	4.39e-07
1414710152	4.39e-07
1414710212	4.39e-07
1414710272	4.39e-07
1414710333	4.39e-07
1414710393	4.39e-07
1414710454	4.38e-07
1414710514	4.38e-07
1414710575	4.38e-07
1414710635	4.38e-07
1414710696	4.38e-07
1414710756	4.37e-07
1414710817	4.37e-07
1414710877	4.37e-07
1414710938	4.37e-07
1414710998	4.37e-07
1414711059	4.36e-07
1414711119	4.36e-07
1414711180	4.36e-07
1414711240	4.36e-07
1414711301	4.35e-07
1414711361	4.35e-07
1414711422	4.35e-07
1414711482	4.35e-07
1414711543	4.35e-07
1414711603	4.34e-07
1414711664	4.34e-07
1414711724	4.34e-07
1414711785	4.34e-07
1414711845	4.34e-07
1414711906	4.34e-07
1414711966	4.33e-07
1414712027	4.33e-07
1414712087	4.33e-07
1414712148	4.33e-07
1414712208	4.32e-07
1414712269	4.32e-07
1414712329	4.32e-07
1414712390	4.32e-07
1414712450	4.32e-07
1414712511	4.31e-07
1414712571	4.31e-07
1414712632	4.31e-07
1414712692	4.31e-07
1414712753	4.31e-07
1414712813	4.31e-07
1414712873	4.3e-07
1414712934	4.3e-07
1414712994	4.3e-07
1414713055	4.3e-07
1414713115	4.29e-07
1414713176	4.29e-07
1414713236	4.29e-07
1414713297	4.29e-07
1414713357	4.29e-07
1414713418	4.28e-07
1414713478	4.28e-07
1414713539	4.28e-07
1414713599	4.28e-07
1414713660	4.27e-07
1414713720	4.27e-07
1414713781	4.27e-07
1414713841	4.27e-07
1414713902	4.27e-07
1414713962	4.27e-07
1414714023	4.26e-07
1414714083	4.26e-07
1414714144	4.26e-07
1414714204	4.26e-07
1414714265	4.25e-07
1414714325	4.25e-07
1414714386	4.25e-07
1414714446	4.25e-07
1414714507	4.25e-07
1414714567	4.24e-07
1414714628	4.24e-07
1414714688	4.24e-07
1414714749	4.24e-07
1414714809	4.24e-07
1414714870	4.23e-07
1414714930	4.23e-07
1414714991	4.23e-07
1414715051	4.23e-07
1414715112	4.22e-07
1414715172	4.22e-07
1414715233	4.22e-07
1414715293	4.22e-07
1414715354	4.22e-07
1414715414	4.21e-07
1414715474	4.21e-07
1414715535	4.21e-07
1414715595	4.21e-07
1414715656	4.21e-07
1414715716	4.2e-07
1414715777	4.2e-07
1414715837	4.2e-07
1414715898	4.2e-07
1414715958	4.2e-07
1414716019	4.19e-07
1414716079	4.19e-07
1414716140	4.19e-07
1414716200	4.19e-07
1414716261	4.19e-07
1414716321	4.18e-07
1414716382	4.18e-07
1414716442	4.18e-07
1414716503	4.18e-07
1414716563	4.18e-07
1414716624	4.17e-07
1414716684	4.17e-07
1414716745	4.17e-07
1414716805	4.17e-07
1414716866	4.17e-07
1414716926	4.16e-07
1414716987	4.16e-07
1414717047	4.16e-07
1414717108	4.16e-07
1414717168	4.16e-07
1414717229	4.15e-07
1414717289	4.15e-07
1414717350	4.15e-07
1414717410	4.15e-07
1414717471	4.14e-07
1414717531	4.14e-07
1414717592	4.14e-07
1414717652	4.14e-07
1414717713	4.14e-07
1414717773	4.13e-07
1414717834	4.13e-07
1414717894	4.13e-07
1414717954	4.13e-07
1414718015	4.13e-07
1414718075	4.12e-07
1414718136	4.12e-07
1414718197	4.12e-07
1414718257	4.12e-07
1414718318	4.11e-07
1414718378	4.11e-07
1414718439	4.11e-07
1414718499	4.11e-07
1414718560	4.11e-07
1414718620	4.1e-07
1414718681	4.1e-07
1414718741	4.1e-07
1414718802	4.1e-07
1414718862	4.09e-07
1414718923	4.09e-07
1414718983	4.09e-07
1414719044	4.09e-07
1414719104	4.09e-07
1414719165	4.08e-07
1414719225	4.08e-07
1414719286	4.08e-07
1414719346	4.08e-07
1414719407	4.08e-07
1414719467	4.07e-07
1414719528	4.07e-07
1414719588	4.07e-07
1414719649	4.07e-07
1414719709	4.06e-07
1414719770	4.06e-07
1414719830	4.06e-07
1414719891	4.06e-07
1414719951	4.06e-07
1414720012	4.05e-07
1414720072	4.05e-07
1414720133	4.05e-07
1414720193	4.05e-07
1414720254	4.05e-07
1414720314	4.04e-07
1414720375	4.04e-07
1414720435	4.04e-07
1414720495	4.04e-07
1414720556	4.04e-07
1414720616	4.03e-07
1414720677	4.03e-07
1414720737	4.03e-07
1414720798	4.03e-07
1414720858	4.02e-07
1414720919	4.02e-07
1414720979	4.02e-07
1414721040	4.02e-07
1414721100	4.02e-07
1414721161	4.01e-07
1414721221	4.01e-07
1414721282	4.01e-07
1414721342	4.01e-07
1414721403	4.01e-07
1414721463	4e-07
1414721524	4e-07
1414721584	4e-07
1414721645	4e-07
1414721705	4e-07
1414721766	3.99e-07
1414721826	3.99e-07
1414721887	3.99e-07
1414721947	3.99e-07
1414722007	3.99e-07
1414722068	3.99e-07
1414722128	3.98e-07
1414722189	3.98e-07
1414722249	3.98e-07
1414722310	3.98e-07
1414722370	3.98e-07
1414722431	3.97e-07
1414722491	3.97e-07
1414722552	3.97e-07
1414722612	3.97e-07
1414722673	3.97e-07
1414722733	3.96e-07
1414722794	3.96e-07
1414722854	3.96e-07
1414722915	3.96e-07
1414722975	3.96e-07
1414723036	3.96e-07
1414723096	3.95e-07
1414723157	3.95e-07
1414723217	3.95e-07
1414723277	3.95e-07
1414723338	3.95e-07
1414723398	3.94e-07
1414723459	3.94e-07
1414723519	3.94e-07
1414723580	3.94e-07
1414723641	3.94e-07
1414723701	3.94e-07
1414723762	3.94e-07
1414723822	3.94e-07
1414723883	3.93e-07
1414723943	3.93e-07
1414724004	3.93e-07
1414724064	3.93e-07
1414724125	3.93e-07
1414724185	3.92e-07
1414724246	3.92e-07
1414724306	3.92e-07
1414724366	3.92e-07
1414724427	3.92e-07
1414724487	3.92e-07
1414724548	3.92e-07
1414724608	3.91e-07
1414724669	3.91e-07
1414724729	3.91e-07
1414724790	3.91e-07
1414724850	3.91e-07
1414724911	3.91e-07
1414724971	3.91e-07
1414725032	3.91e-07
1414725092	3.9e-07
1414725153	3.9e-07
1414725214	3.9e-07
1414725274	3.9e-07
1414725334	3.9e-07
1414725395	3.9e-07
1414725455	3.9e-07
1414725516	3.89e-07
1414725576	3.89e-07
1414725637	3.89e-07
1414725697	3.89e-07
1414725758	3.89e-07
1414725819	3.89e-07
1414725879	3.89e-07
1414725940	3.88e-07
1414726000	3.88e-07
1414726061	3.88e-07
1414726121	3.88e-07
1414726182	3.88e-07
1414726242	3.88e-07
1414726303	3.88e-07
1414726363	3.88e-07
1414726424	3.87e-07
1414726484	3.87e-07
1414726545	3.87e-07
1414726605	3.87e-07
1414726665	3.87e-07
1414726726	3.87e-07
1414726786	3.87e-07
1414726847	3.86e-07
1414726907	3.86e-07
1414726968	3.86e-07
1414727028	3.86e-07
1414727089	3.86e-07
1414727149	3.86e-07
1414727210	3.86e-07
1414727270	3.85e-07
1414727331	3.85e-07
1414727391	3.85e-07
1414727452	3.85e-07
1414727512	3.85e-07
1414727573	3.85e-07
1414727633	3.84e-07
1414727694	3.84e-07
1414727754	3.84e-07
1414727815	3.84e-07
1414727875	3.84e-07
1414727936	3.84e-07
1414727997	3.83e-07
1414728057	3.83e-07
1414728118	3.83e-07
1414728178	3.83e-07
1414728239	3.83e-07
1414728299	3.83e-07
1414728360	3.83e-07
1414728420	3.83e-07
1414728481	3.82e-07
1414728541	3.82e-07
1414728602	3.82e-07
1414728662	3.82e-07
1414728723	3.82e-07
1414728783	3.82e-07
1414728844	3.81e-07
1414728904	3.81e-07
1414728965	3.81e-07
1414729025	3.81e-07
1414729086	3.81e-07
1414729146	3.81e-07
1414729207	3.8e-07
1414729267	3.8e-07
1414729328	3.8e-07
1414729388	3.8e-07
1414729449	3.8e-07
1414729509	3.8e-07
1414729570	3.79e-07
1414729630	3.79e-07
1414729691	3.79e-07
1414729751	3.79e-07
1414729812	3.79e-07
1414729872	3.79e-07
1414729933	3.79e-07
1414729993	3.79e-07
1414730054	3.78e-07
1414730114	3.78e-07
1414730175	3.78e-07
1414730235	3.78e-07
1414730296	3.78e-07
1414730356	3.77e-07
1414730417	3.77e-07
1414730477	3.77e-07
1414730538	3.77e-07
1414730598	3.77e-07
1414730659	3.77e-07
1414730719	3.76e-07
1414730780	3.76e-07
1414730840	3.76e-07
1414730901	3.76e-07
1414730961	3.76e-07
1414731022	3.76e-07
1414731082	3.76e-07
1414731143	3.75e-07
1414731203	3.75e-07
1414731264	3.75e-07
1414731324	3.75e-07
1414731385	3.75e-07
1414731445	3.74e-07
1414731505	3.74e-07
1414731566	3.74e-07
1414731626	3.74e-07
1414731687	3.74e-07
1414731747	3.74e-07
1414731808	3.74e-07
1414731869	3.73e-07
1414731929	3.73e-07
1414731989	3.73e-07
1414732050	3.73e-07
1414732110	3.73e-07
1414732171	3.73e-07
1414732232	3.72e-07
1414732292	3.72e-07
1414732352	3.72e-07
1414732413	3.72e-07
1414732474	3.72e-07
1414732534	3.72e-07
1414732594	3.72e-07
1414732655	3.71e-07
1414732715	3.71e-07
1414732776	3.71e-07
1414732836	3.71e-07
1414732897	3.71e-07
1414732957	3.71e-07
1414733018	3.7e-07
1414733078	3.7e-07
1414733139	3.7e-07
1414733199	3.7e-07
1414733260	3.7e-07
1414733320	3.7e-07
1414733381	3.69e-07
1414733441	3.69e-07
1414733501	3.69e-07
1414733562	3.69e-07
1414733622	3.69e-07
1414733683	3.69e-07
1414733743	3.68e-07
1414733804	3.68e-07
1414733864	3.68e-07
1414733925	3.68e-07
1414733986	3.68e-07
1414734046	3.68e-07
1414734107	3.67e-07
1414734167	3.67e-07
1414734228	3.67e-07
1414734288	3.67e-07
1414734349	3.67e-07
1414734409	3.67e-07
1414734470	3.66e-07
1414734530	3.66e-07
1414734591	3.66e-07
1414734651	3.66e-07
1414734712	3.66e-07
1414734772	3.66e-07
1414734833	3.66e-07
1414734893	3.65e-07
1414734954	3.65e-07
1414735014	3.65e-07
1414735075	3.65e-07
1414735135	3.65e-07
1414735196	3.65e-07
1414735256	3.65e-07
1414735317	3.64e-07
1414735377	3.64e-07
1414735438	3.64e-07
1414735498	3.64e-07
1414735559	3.64e-07
1414735619	3.64e-07
1414735680	3.63e-07
1414735740	3.63e-07
1414735801	3.63e-07
1414735861	3.63e-07
1414735921	3.63e-07
1414735982	3.63e-07
1414736042	3.62e-07
1414736103	3.62e-07
1414736163	3.62e-07
1414736224	3.62e-07
1414736284	3.62e-07
1414736345	3.62e-07
1414736405	3.62e-07
1414736466	3.61e-07
1414736526	3.61e-07
1414736586	3.61e-07
1414736647	3.61e-07
1414736707	3.61e-07
1414736768	3.61e-07
1414736828	3.6e-07
1414736889	3.6e-07
1414736949	3.6e-07
1414737010	3.6e-07
1414737070	3.6e-07
1414737131	3.6e-07
1414737191	3.6e-07
1414737252	3.59e-07
1414737312	3.59e-07
1414737373	3.59e-07
1414737433	3.59e-07
1414737494	3.59e-07
1414737554	3.59e-07
1414737615	3.58e-07
1414737676	3.58e-07
1414737736	3.58e-07
1414737797	3.58e-07
1414737857	3.58e-07
1414737917	3.58e-07
1414737978	3.57e-07
1414738038	3.57e-07
1414738099	3.57e-07
1414738159	3.57e-07
1414738220	3.57e-07
1414738281	3.57e-07
1414738341	3.57e-07
1414738401	3.56e-07
1414738462	3.56e-07
1414738523	3.56e-07
1414738583	3.56e-07
1414738643	3.56e-07
1414738704	3.56e-07
1414738765	3.56e-07
1414738825	3.55e-07
1414738886	3.55e-07
1414738946	3.55e-07
1414739007	3.55e-07
1414739067	3.55e-07
1414739128	3.55e-07
1414739188	3.54e-07
1414739249	3.54e-07
1414739309	3.54e-07
1414739370	3.54e-07
1414739430	3.54e-07
1414739491	3.54e-07
1414739551	3.54e-07
1414739612	3.53e-07
1414739672	3.53e-07
1414739733	3.53e-07
1414739793	3.53e-07
1414739854	3.53e-07
1414739914	3.53e-07
1414739975	3.53e-07
1414740035	3.52e-07
1414740096	3.52e-07
1414740156	3.52e-07
1414740217	3.52e-07
1414740277	3.52e-07
1414740338	3.52e-07
1414740398	3.52e-07
1414740459	3.51e-07
1414740519	3.51e-07
1414740580	3.51e-07
1414740640	3.51e-07
1414740701	3.51e-07
1414740761	3.51e-07
1414740821	3.5e-07
1414740882	3.5e-07
1414740942	3.5e-07
1414741003	3.5e-07
1414741064	3.5e-07
1414741124	3.5e-07
1414741185	3.49e-07
1414741245	3.49e-07
1414741305	3.49e-07
1414741366	3.49e-07
1414741427	3.49e-07
1414741487	3.49e-07
1414741548	3.49e-07
1414741608	3.48e-07
1414741669	3.48e-07
1414741729	3.48e-07
1414741789	3.48e-07
1414741850	3.48e-07
1414741910	3.48e-07
1414741971	3.48e-07
1414742031	3.47e-07
1414742092	3.47e-07
1414742152	3.47e-07
1414742213	3.47e-07
1414742273	3.47e-07
1414742334	3.47e-07
1414742394	3.46e-07
1414742455	3.46e-07
1414742515	3.46e-07
1414742576	3.46e-07
1414742636	3.46e-07
1414742697	3.46e-07
1414742757	3.45e-07
1414742818	3.45e-07
1414742878	3.45e-07
1414742939	3.45e-07
1414742999	3.45e-07
1414743060	3.45e-07
1414743120	3.45e-07
1414743181	3.44e-07
1414743241	3.44e-07
1414743302	3.44e-07
1414743362	3.44e-07
1414743423	3.44e-07
1414743483	3.44e-07
1414743544	3.44e-07
1414743604	3.43e-07
1414743665	3.43e-07
1414743725	3.43e-07
1414743786	3.43e-07
1414743846	3.43e-07
1414743907	3.43e-07
1414743967	3.43e-07
1414744028	3.42e-07
1414744088	3.42e-07
1414744149	3.42e-07
1414744209	3.42e-07
1414744270	3.42e-07
1414744330	3.42e-07
1414744391	3.41e-07
1414744451	3.41e-07
1414744511	3.41e-07
1414744572	3.41e-07
1414744632	3.41e-07
1414744693	3.41e-07
1414744753	3.41e-07
1414744814	3.4e-07
1414744874	3.4e-07
1414744935	3.4e-07
1414744995	3.4e-07
1414745056	3.4e-07
1414745116	3.4e-07
1414745177	3.4e-07
1414745237	3.39e-07
1414745298	3.39e-07
1414745358	3.39e-07
1414745419	3.39e-07
1414745479	3.39e-07
1414745540	3.39e-07
1414745600	3.39e-07
1414745661	3.38e-07
1414745721	3.38e-07
1414745782	3.38e-07
1414745842	3.38e-07
1414745903	3.38e-07
1414745963	3.38e-07
1414746024	3.37e-07
1414746084	3.37e-07
1414746145	3.37e-07
1414746205	3.37e-07
1414746266	3.37e-07
1414746326	3.37e-07
1414746387	3.37e-07
1414746447	3.36e-07
1414746508	3.36e-07
1414746568	3.36e-07
1414746629	3.36e-07
1414746689	3.36e-07
1414746749	3.36e-07
1414746810	3.36e-07
1414746870	3.35e-07
1414746931	3.35e-07
1414746991	3.35e-07
1414747052	3.35e-07
1414747113	3.35e-07
1414747173	3.35e-07
1414747233	3.34e-07
1414747294	3.34e-07
1414747354	3.34e-07
1414747415	3.34e-07
1414747475	3.34e-07
1414747536	3.34e-07
1414747597	3.34e-07
1414747657	3.34e-07
1414747718	3.34e-07
1414747778	3.33e-07
1414747839	3.33e-07
1414747899	3.33e-07
1414747960	3.33e-07
1414748020	3.33e-07
1414748081	3.33e-07
1414748141	3.32e-07
1414748202	3.32e-07
1414748262	3.32e-07
1414748322	3.32e-07
1414748383	3.32e-07
1414748444	3.32e-07
1414748504	3.32e-07
1414748565	3.31e-07
1414748625	3.31e-07
1414748686	3.31e-07
1414748746	3.31e-07
1414748807	3.31e-07
1414748867	3.31e-07
1414748928	3.31e-07
1414748988	3.31e-07
1414749049	3.3e-07
1414749109	3.3e-07
1414749170	3.3e-07
1414749230	3.3e-07
1414749291	3.3e-07
1414749351	3.3e-07
1414749412	3.29e-07
1414749472	3.29e-07
1414749533	3.29e-07
1414749593	3.29e-07
1414749654	3.29e-07
1414749714	3.29e-07
1414749775	3.29e-07
1414749835	3.28e-07
1414749896	3.28e-07
1414749956	3.28e-07
1414750017	3.28e-07
1414750077	3.28e-07
1414750138	3.28e-07
1414750198	3.28e-07
1414750259	3.27e-07
1414750319	3.27e-07
1414750380	3.27e-07
1414750440	3.27e-07
1414750501	3.27e-07
1414750561	3.27e-07
1414750622	3.27e-07
1414750682	3.26e-07
1414750743	3.26e-07
1414750803	3.26e-07
1414750864	3.26e-07
1414750924	3.26e-07
1414750985	3.26e-07
1414751045	3.26e-07
1414751106	3.26e-07
1414751166	3.25e-07
1414751227	3.25e-07
1414751287	3.25e-07
1414751348	3.25e-07
1414751408	3.25e-07
1414751469	3.25e-07
1414751529	3.25e-07
1414751590	3.24e-07
1414751650	3.24e-07
1414751711	3.24e-07
1414751771	3.24e-07
1414751832	3.24e-07
1414751892	3.24e-07
1414751953	3.24e-07
1414752013	3.23e-07
1414752074	3.23e-07
1414752134	3.23e-07
1414752195	3.23e-07
1414752255	3.23e-07
1414752315	3.23e-07
1414752376	3.23e-07
1414752437	3.22e-07
1414752497	3.22e-07
1414752558	3.22e-07
1414752618	3.22e-07
1414752679	3.22e-07
1414752739	3.22e-07
1414752799	3.22e-07
1414752860	3.22e-07
1414752920	3.21e-07
1414752981	3.21e-07
1414753041	3.21e-07
1414753102	3.21e-07
1414753162	3.21e-07
1414753223	3.21e-07
1414753283	3.21e-07
1414753344	3.2e-07
1414753404	3.2e-07
1414753465	3.2e-07
1414753525	3.2e-07
1414753586	3.2e-07
1414753646	3.2e-07
1414753707	3.2e-07
1414753767	3.2e-07
1414753828	3.19e-07
1414753888	3.19e-07
1414753949	3.19e-07
1414754009	3.19e-07
1414754070	3.19e-07
1414754130	3.19e-07
1414754191	3.19e-07
1414754251	3.18e-07
1414754312	3.18e-07
1414754372	3.18e-07
1414754433	3.18e-07
1414754493	3.18e-07
1414754554	3.18e-07
1414754614	3.18e-07
1414754675	3.17e-07
1414754735	3.17e-07
1414754796	3.17e-07
1414754856	3.17e-07
1414754917	3.17e-07
1414754977	3.17e-07
1414755038	3.17e-07
1414755098	3.17e-07
1414755159	3.16e-07
1414755219	3.16e-07
1414755280	3.16e-07
1414755340	3.16e-07
1414755400	3.16e-07
1414755461	3.16e-07
1414755521	3.16e-07
1414755582	3.15e-07
1414755643	3.15e-07
1414755703	3.15e-07
1414755763	3.15e-07
1414755824	3.15e-07
1414755884	3.15e-07
1414755945	3.15e-07
1414756005	3.15e-07
1414756066	3.14e-07
1414756126	3.14e-07
1414756187	3.14e-07
1414756247	3.14e-07
1414756308	3.14e-07
1414756368	3.14e-07
1414756429	3.14e-07
1414756490	3.13e-07
1414756550	3.13e-07
1414756610	3.13e-07
1414756671	3.13e-07
1414756731	3.13e-07
1414756792	3.13e-07
1414756853	3.13e-07
1414756913	3.12e-07
1414756973	3.12e-07
1414757034	3.12e-07
1414757094	3.12e-07
1414757155	3.12e-07
1414757215	3.12e-07
1414757276	3.12e-07
1414757336	3.12e-07
1414757397	3.12e-07
1414757457	3.11e-07
1414757518	3.11e-07
1414757578	3.11e-07
1414757639	3.11e-07
1414757699	3.11e-07
1414757760	3.11e-07
1414757821	3.11e-07
1414757881	3.1e-07
1414757941	3.1e-07
1414758002	3.1e-07
1414758062	3.1e-07
1414758123	3.1e-07
1414758183	3.1e-07
1414758244	3.1e-07
1414758304	3.1e-07
1414758365	3.09e-07
1414758425	3.09e-07
1414758486	3.09e-07
1414758546	3.09e-07
1414758607	3.09e-07
1414758667	3.09e-07
1414758728	3.09e-07
1414758788	3.09e-07
1414758849	3.08e-07
1414758909	3.08e-07
1414758970	3.08e-07
1414759030	3.08e-07
1414759091	3.08e-07
1414759151	3.08e-07
1414759212	3.08e-07
1414759272	3.07e-07
1414759333	3.07e-07
1414759393	3.07e-07
1414759454	3.07e-07
1414759514	3.07e-07
1414759575	3.07e-07
1414759635	3.07e-07
1414759696	3.06e-07
1414759756	3.06e-07
1414759817	3.06e-07
1414759877	3.06e-07
1414759938	3.06e-07
1414759998	3.06e-07
1414760059	3.06e-07
1414760119	3.06e-07
1414760180	3.05e-07
1414760240	3.05e-07
1414760301	3.05e-07
1414760361	3.05e-07
1414760422	3.05e-07
1414760482	3.05e-07
1414760543	3.05e-07
1414760603	3.05e-07
1414760664	3.04e-07
1414760725	3.04e-07
1414760785	3.04e-07
1414760846	3.04e-07
1414760906	3.04e-07
1414760967	3.04e-07
1414761027	3.04e-07
1414761088	3.04e-07
1414761148	3.03e-07
1414761209	3.03e-07
1414761269	3.03e-07
1414761330	3.03e-07
1414761390	3.03e-07
1414761451	3.03e-07
1414761511	3.03e-07
1414761572	3.03e-07
1414761632	3.02e-07
1414761692	3.02e-07
1414761753	3.02e-07
1414761813	3.02e-07
1414761874	3.02e-07
1414761934	3.02e-07
1414761995	3.02e-07
1414762055	3.02e-07
1414762116	3.01e-07
1414762176	3.01e-07
1414762237	3.01e-07
1414762297	3.01e-07
1414762358	3.01e-07
1414762418	3.01e-07
1414762479	3.01e-07
1414762539	3.01e-07
1414762600	3.01e-07
1414762660	3e-07
1414762721	3e-07
1414762781	3e-07
1414762842	3e-07
1414762902	3e-07
1414762963	3e-07
1414763023	3e-07
1414763084	3e-07
1414763144	2.99e-07
1414763205	2.99e-07
1414763265	2.99e-07
1414763326	2.99e-07
1414763386	2.99e-07
1414763447	2.99e-07
1414763507	2.99e-07
1414763568	2.99e-07
1414763628	2.98e-07
1414763689	2.98e-07
1414763749	2.98e-07
1414763810	2.98e-07
1414763870	2.98e-07
1414763931	2.98e-07
1414763991	2.98e-07
1414764051	2.98e-07
1414764112	2.97e-07
1414764172	2.97e-07
1414764233	2.97e-07
1414764293	2.97e-07
1414764354	2.97e-07
1414764415	2.97e-07
1414764475	2.97e-07
1414764536	2.97e-07
1414764596	2.96e-07
1414764657	2.96e-07
1414764717	2.96e-07
1414764777	2.96e-07
1414764838	2.96e-07
1414764898	2.96e-07
1414764959	2.96e-07
1414765019	2.96e-07
1414765080	2.95e-07
1414765141	2.95e-07
1414765201	2.95e-07
1414765262	2.95e-07
1414765322	2.95e-07
1414765382	2.95e-07
1414765443	2.95e-07
1414765504	2.95e-07
1414765564	2.94e-07
1414765624	2.94e-07
1414765685	2.94e-07
1414765745	2.94e-07
1414765806	2.94e-07
1414765866	2.94e-07
1414765927	2.94e-07
1414765987	2.94e-07
1414766048	2.94e-07
1414766108	2.93e-07
1414766169	2.93e-07
1414766229	2.93e-07
1414766290	2.93e-07
1414766350	2.93e-07
1414766411	2.93e-07
1414766471	2.93e-07
1414766532	2.93e-07
1414766592	2.92e-07
1414766653	2.92e-07
1414766713	2.92e-07
1414766774	2.92e-07
1414766834	2.92e-07
1414766895	2.92e-07
1414766955	2.92e-07
1414767016	2.91e-07
1414767076	2.91e-07
1414767137	2.91e-07
1414767197	2.91e-07
1414767258	2.91e-07
1414767318	2.91e-07
1414767379	2.91e-07
1414767439	2.91e-07
1414767500	2.91e-07
1414767560	2.91e-07
1414767620	2.9e-07
1414767681	2.9e-07
1414767742	2.9e-07
1414767802	2.9e-07
1414767862	2.9e-07
1414767923	2.9e-07
1414767983	2.9e-07
1414768044	2.9e-07
1414768105	2.89e-07
1414768165	2.89e-07
1414768225	2.89e-07
1414768286	2.89e-07
1414768347	2.89e-07
1414768407	2.89e-07
1414768467	2.89e-07
1414768528	2.89e-07
1414768588	2.89e-07
1414768649	2.88e-07
1414768709	2.88e-07
1414768770	2.88e-07
1414768830	2.88e-07
1414768891	2.88e-07
1414768951	2.88e-07
1414769012	2.88e-07
1414769072	2.88e-07
1414769133	2.88e-07
1414769193	2.87e-07
1414769254	2.87e-07
1414769314	2.87e-07
1414769375	2.87e-07
1414769435	2.87e-07
1414769496	2.87e-07
1414769556	2.87e-07
1414769617	2.87e-07
1414769677	2.86e-07
1414769738	2.86e-07
1414769798	2.86e-07
1414769859	2.86e-07
1414769919	2.86e-07
1414769980	2.86e-07
1414770040	2.86e-07
1414770100	2.86e-07
1414770161	2.86e-07
1414770221	2.86e-07
1414770282	2.85e-07
1414770342	2.85e-07