1415660497	3.09
1415660557	1.31
1415660618	0.929
1415660678	0.00237
1415660739	0.000337
1415660799	0.000279
1415660860	0.00025
1415660920	0.00023
1415660981	0.000214
1415661041	0.000201
1415661102	0.000189
1415661162	0.000179
1415661223	0.000168
1415661283	0.000161
1415661344	0.000154
1415661404	0.000148
1415661465	0.000143
1415661525	0.000138
1415661586	0.000133
1415661646	0.000129
1415661707	0.000125
1415661767	0.000122
1415661828	0.000118
1415661888	0.000115
1415661949	0.000112
1415662009	0.000109
1415662070	0.000107
1415662130	0.000103
1415662191	9.98e-05
1415662251	9.8e-05
1415662312	9.62e-05
1415662372	9.45e-05
1415662433	9.29e-05
1415662493	9.14e-05
1415662554	8.99e-05
1415662614	8.84e-05
1415662675	8.7e-05
1415662735	8.57e-05
1415662795	8.44e-05
1415662856	8.32e-05
1415662916	8.19e-05
1415662977	8.08e-05
1415663038	7.97e-05
1415663098	7.86e-05
1415663158	7.75e-05
1415663219	7.65e-05
1415663280	7.54e-05
1415663340	7.45e-05
1415663400	7.35e-05
1415663461	7.26e-05
1415663521	7.17e-05
1415663582	7.09e-05
1415663642	7e-05
1415663703	6.92e-05
1415663763	6.84e-05
1415663824	6.76e-05
1415663884	6.69e-05
1415663945	6.61e-05
1415664005	6.54e-05
1415664066	6.47e-05
1415664126	6.4e-05
1415664187	6.34e-05
1415664247	6.27e-05
1415664308	6.21e-05
1415664368	6.15e-05
1415664429	6.09e-05
1415664489	6.03e-05
1415664550	5.97e-05
1415664610	5.91e-05
1415664671	5.86e-05
1415664731	5.8e-05
1415664792	5.75e-05
1415664852	5.7e-05
1415664913	5.65e-05
1415664973	5.6e-05
1415665033	5.55e-05
1415665094	5.5e-05
1415665155	5.46e-05
1415665215	5.41e-05
1415665276	5.37e-05
1415665336	5.32e-05
1415665396	5.28e-05
1415665457	5.23e-05
1415665518	5.19e-05
1415665578	5.15e-05
1415665638	5.11e-05
1415665699	5.07e-05
1415665760	5.03e-05
1415665820	4.99e-05
1415665880	4.95e-05
1415665941	4.92e-05
1415666001	4.88e-05
1415666062	4.84e-05
1415666122	4.81e-05
1415666183	4.77e-05
1415666243	4.74e-05
1415666304	4.7e-05
1415666364	4.67e-05
1415666425	4.64e-05
1415666485	4.6e-05
1415666546	4.57e-05
1415666606	4.54e-05
1415666667	4.51e-05
1415666727	4.48e-05
1415666788	4.45e-05
1415666848	4.42e-05
1415666909	4.39e-05
1415666969	4.36e-05
1415667030	4.33e-05
1415667090	4.3e-05
1415667151	4.27e-05
1415667211	4.25e-05
1415667272	4.22e-05
1415667332	4.19e-05
1415667393	4.17e-05
1415667453	4.14e-05
1415667514	4.11e-05
1415667574	4.09e-05
1415667635	4.06e-05
1415667695	4.04e-05
1415667756	4.01e-05
1415667816	3.99e-05
1415667877	3.96e-05
1415667937	3.94e-05
1415667998	3.92e-05
1415668058	3.89e-05
1415668119	3.89e-05
1415668179	3.87e-05
1415668240	3.84e-05
1415668300	3.82e-05
1415668361	3.8e-05
1415668421	3.78e-05
1415668482	3.76e-05
1415668542	3.74e-05
1415668603	3.72e-05
1415668663	3.69e-05
1415668724	3.67e-05
1415668784	3.65e-05
1415668844	3.63e-05
1415668905	3.61e-05
1415668965	3.59e-05
1415669026	3.57e-05
1415669086	3.55e-05
1415669147	3.54e-05
1415669207	3.52e-05
1415669268	3.5e-05
1415669328	3.48e-05
1415669389	3.46e-05
1415669449	3.44e-05
1415669510	3.43e-05
1415669570	3.41e-05
1415669631	3.39e-05
1415669691	3.38e-05
1415669752	3.36e-05
1415669812	3.34e-05
1415669873	3.33e-05
1415669933	3.31e-05
1415669994	3.29e-05
1415670054	3.28e-05
1415670115	3.26e-05
1415670175	3.25e-05
1415670235	3.23e-05
1415670296	3.22e-05
1415670356	3.2e-05
1415670417	3.19e-05
1415670477	3.17e-05
1415670538	3.16e-05
1415670598	3.14e-05
1415670659	3.13e-05
1415670719	3.11e-05
1415670780	3.1e-05
1415670840	3.09e-05
1415670900	3.07e-05
1415670961	3.06e-05
1415671021	3.05e-05
1415671082	3.03e-05
1415671142	3.02e-05
1415671203	3.01e-05
1415671263	2.99e-05
1415671324	2.98e-05
1415671384	2.97e-05
1415671445	2.96e-05
1415671505	2.94e-05
1415671566	2.93e-05
1415671626	2.92e-05
1415671687	2.91e-05
1415671747	2.89e-05
1415671808	2.88e-05
1415671868	2.87e-05
1415671929	2.86e-05
1415671989	2.85e-05
1415672050	2.84e-05
1415672110	2.83e-05
1415672171	2.81e-05
1415672231	2.8e-05
1415672292	2.79e-05
1415672352	2.78e-05
1415672413	2.77e-05
1415672473	2.76e-05
1415672533	2.75e-05
1415672594	2.74e-05
1415672654	2.73e-05
1415672715	2.72e-05
1415672775	2.71e-05
1415672836	2.7e-05
1415672896	2.69e-05
1415672957	2.68e-05
1415673017	2.67e-05
1415673078	2.66e-05
1415673138	2.65e-05
1415673199	2.64e-05
1415673259	2.63e-05
1415673320	2.62e-05
1415673380	2.61e-05
1415673441	2.6e-05
1415673501	2.59e-05
1415673561	2.58e-05
1415673622	2.57e-05
1415673682	2.57e-05
1415673743	2.56e-05
1415673803	2.55e-05
1415673864	2.54e-05
1415673924	2.53e-05
1415673985	2.52e-05
1415674045	2.51e-05
1415674106	2.51e-05
1415674166	2.5e-05
1415674227	2.49e-05
1415674287	2.48e-05
1415674348	2.47e-05
1415674408	2.46e-05
1415674468	2.46e-05
1415674529	2.45e-05
1415674590	2.44e-05
1415674650	2.43e-05
1415674711	2.42e-05
1415674771	2.42e-05
1415674832	2.41e-05
1415674892	2.4e-05
1415674952	2.39e-05
1415675013	2.38e-05
1415675073	2.38e-05
1415675134	2.37e-05
1415675194	2.36e-05
1415675255	2.35e-05
1415675315	2.35e-05
1415675376	2.34e-05
1415675436	2.33e-05
1415675497	2.32e-05
1415675557	2.32e-05
1415675618	2.31e-05
1415675678	2.3e-05
1415675739	2.3e-05
1415675799	2.29e-05
1415675860	2.28e-05
1415675920	2.28e-05
1415675981	2.27e-05
1415676041	2.26e-05
1415676102	2.25e-05
1415676163	2.25e-05
1415676223	2.24e-05
1415676284	2.23e-05
1415676344	2.23e-05
1415676404	2.22e-05
1415676465	2.21e-05
1415676526	2.21e-05
1415676586	2.2e-05
1415676646	2.2e-05
1415676707	2.19e-05
1415676767	2.18e-05
1415676828	2.18e-05
1415676888	2.17e-05
1415676949	2.16e-05
1415677009	2.16e-05
1415677070	2.15e-05
1415677130	2.15e-05
1415677191	2.14e-05
1415677251	2.13e-05
1415677312	2.13e-05
1415677372	2.12e-05
1415677433	2.12e-05
1415677493	2.11e-05
1415677554	2.1e-05
1415677614	2.1e-05
1415677675	2.09e-05
1415677735	2.09e-05
1415677796	2.08e-05
1415677856	2.08e-05
1415677916	2.07e-05
1415677977	2.06e-05
1415678037	2.06e-05
1415678098	2.05e-05
1415678158	2.05e-05
1415678219	2.04e-05
1415678279	2.04e-05
1415678340	2.03e-05
1415678400	2.03e-05
1415678461	2.02e-05
1415678521	2.01e-05
1415678582	2.01e-05
1415678642	2e-05
1415678702	2e-05
1415678763	1.99e-05
1415678823	1.99e-05
1415678884	1.98e-05
1415678944	1.98e-05
1415679005	1.97e-05
1415679065	1.97e-05
1415679126	1.96e-05
1415679186	1.96e-05
1415679247	1.95e-05
1415679307	1.95e-05
1415679367	1.94e-05
1415679428	1.94e-05
1415679488	1.93e-05
1415679549	1.93e-05
1415679609	1.92e-05
1415679670	1.92e-05
1415679730	1.91e-05
1415679791	1.91e-05
1415679851	1.9e-05
1415679912	1.9e-05
1415679972	1.89e-05
1415680033	1.89e-05
1415680093	1.89e-05
1415680153	1.88e-05
1415680214	1.88e-05
1415680274	1.87e-05
1415680335	1.87e-05
1415680395	1.86e-05
1415680456	1.86e-05
1415680516	1.85e-05
1415680577	1.85e-05
1415680637	1.84e-05
1415680698	1.84e-05
1415680758	1.84e-05
1415680819	1.83e-05
1415680879	1.83e-05
1415680940	1.82e-05
1415681000	1.82e-05
1415681061	1.81e-05
1415681121	1.81e-05
1415681182	1.8e-05
1415681242	1.8e-05
1415681303	1.8e-05
1415681363	1.79e-05
1415681424	1.79e-05
1415681484	1.78e-05
1415681544	1.78e-05
1415681605	1.78e-05
1415681665	1.77e-05
1415681726	1.77e-05
1415681786	1.76e-05
1415681847	1.76e-05
1415681907	1.76e-05
1415681968	1.75e-05
1415682028	1.75e-05
1415682089	1.74e-05
1415682149	1.74e-05
1415682210	1.74e-05
1415682270	1.73e-05
1415682331	1.73e-05
1415682391	1.72e-05
1415682452	1.72e-05
1415682512	1.72e-05
1415682573	1.71e-05
1415682633	1.71e-05
1415682694	1.7e-05
1415682754	1.7e-05
1415682814	1.7e-05
1415682875	1.69e-05
1415682935	1.69e-05
1415682996	1.69e-05
1415683056	1.68e-05
1415683117	1.68e-05
1415683177	1.68e-05
1415683238	1.67e-05
1415683298	1.67e-05
1415683359	1.67e-05
1415683419	1.66e-05
1415683480	1.66e-05
1415683540	1.65e-05
1415683601	1.65e-05
1415683661	1.65e-05
1415683722	1.64e-05
1415683782	1.64e-05
1415683843	1.64e-05
1415683903	1.63e-05
1415683964	1.63e-05
1415684024	1.63e-05
1415684084	1.62e-05
1415684145	1.62e-05
1415684206	1.62e-05
1415684266	1.61e-05
1415684327	1.61e-05
1415684387	1.61e-05
1415684448	1.6e-05
1415684508	1.6e-05
1415684569	1.6e-05
1415684629	1.59e-05
1415684690	1.59e-05
1415684750	1.59e-05
1415684811	1.58e-05
1415684871	1.58e-05
1415684932	1.58e-05
1415684992	1.57e-05
1415685053	1.57e-05
1415685113	1.57e-05
1415685174	1.56e-05
1415685234	1.56e-05
1415685295	1.56e-05
1415685355	1.56e-05
1415685416	1.55e-05
1415685476	1.55e-05
1415685537	1.55e-05
1415685597	1.54e-05
1415685657	1.54e-05
1415685718	1.54e-05
1415685779	1.53e-05
1415685839	1.53e-05
1415685900	1.53e-05
1415685960	1.53e-05
1415686021	1.52e-05
1415686081	1.52e-05
1415686142	1.52e-05
1415686202	1.51e-05
1415686262	1.51e-05
1415686323	1.51e-05
1415686383	1.51e-05
1415686444	1.5e-05
1415686504	1.5e-05
1415686565	1.5e-05
1415686625	1.49e-05
1415686686	1.49e-05
1415686746	1.49e-05
1415686807	1.49e-05
1415686867	1.48e-05
1415686927	1.48e-05
1415686988	1.48e-05
1415687049	1.48e-05
1415687109	1.47e-05
1415687170	1.47e-05
1415687230	1.47e-05
1415687290	1.46e-05
1415687351	1.46e-05
1415687411	1.46e-05
1415687472	1.46e-05
1415687532	1.45e-05
1415687593	1.45e-05
1415687653	1.45e-05
1415687714	1.45e-05
1415687774	1.44e-05
1415687835	1.44e-05
1415687895	1.44e-05
1415687956	1.44e-05
1415688016	1.43e-05
1415688077	1.43e-05
1415688137	1.43e-05
1415688197	1.43e-05
1415688258	1.42e-05
1415688318	1.42e-05
1415688379	1.42e-05
1415688440	1.42e-05
1415688500	1.41e-05
1415688561	1.41e-05
1415688621	1.41e-05
1415688681	1.41e-05
1415688742	1.4e-05
1415688802	1.4e-05
1415688863	1.4e-05
1415688923	1.4e-05
1415688984	1.39e-05
1415689044	1.39e-05
1415689105	1.39e-05
1415689165	1.39e-05
1415689226	1.38e-05
1415689286	1.38e-05
1415689347	1.38e-05
1415689407	1.38e-05
1415689468	1.37e-05
1415689528	1.37e-05
1415689589	1.37e-05
1415689649	1.37e-05
1415689710	1.37e-05
1415689770	1.36e-05
1415689831	1.36e-05
1415689891	1.36e-05
1415689951	1.36e-05
1415690012	1.35e-05
1415690072	1.35e-05
1415690133	1.35e-05
1415690193	1.35e-05
1415690254	1.35e-05
1415690314	1.34e-05
1415690375	1.34e-05
1415690435	1.34e-05
1415690496	1.34e-05
1415690556	1.33e-05
1415690617	1.33e-05
1415690677	1.33e-05
1415690738	1.33e-05
1415690798	1.33e-05
1415690859	1.32e-05
1415690919	1.32e-05
1415690979	1.32e-05
1415691040	1.32e-05
1415691100	1.31e-05
1415691161	1.31e-05
1415691221	1.31e-05
1415691282	1.31e-05
1415691342	1.31e-05
1415691403	1.3e-05
1415691463	1.3e-05
1415691523	1.3e-05
1415691584	1.3e-05
1415691645	1.3e-05
1415691705	1.29e-05
1415691766	1.29e-05
1415691826	1.29e-05
1415691887	1.29e-05
1415691947	1.29e-05
1415692008	1.28e-05
1415692068	1.28e-05
1415692129	1.28e-05
1415692189	1.28e-05
1415692250	1.28e-05
1415692310	1.27e-05
1415692371	1.27e-05
1415692431	1.27e-05
1415692492	1.27e-05
1415692552	1.27e-05
1415692613	1.26e-05
1415692673	1.26e-05
1415692734	1.26e-05
1415692794	1.26e-05
1415692855	1.26e-05
1415692915	1.25e-05
1415692976	1.25e-05
1415693036	1.25e-05
1415693097	1.25e-05
1415693157	1.25e-05
1415693218	1.24e-05
1415693278	1.24e-05
1415693339	1.24e-05
1415693399	1.24e-05
1415693460	1.24e-05
1415693520	1.24e-05
1415693581	1.23e-05
1415693641	1.23e-05
1415693701	1.23e-05
1415693762	1.23e-05
1415693822	1.23e-05
1415693883	1.23e-05
1415693944	1.22e-05
1415694004	1.22e-05
1415694064	1.22e-05
1415694125	1.22e-05
1415694185	1.22e-05
1415694246	1.22e-05
1415694306	1.21e-05
1415694367	1.21e-05
1415694427	1.21e-05
1415694488	1.21e-05
1415694548	1.21e-05
1415694609	1.2e-05
1415694669	1.2e-05
1415694730	1.2e-05
1415694790	1.2e-05
1415694851	1.2e-05
1415694911	1.2e-05
1415694972	1.19e-05
1415695032	1.19e-05
1415695093	1.19e-05
1415695153	1.19e-05
1415695214	1.19e-05
1415695274	1.19e-05
1415695335	1.18e-05
1415695395	1.18e-05
1415695456	1.18e-05
1415695516	1.18e-05
1415695577	1.18e-05
1415695637	1.18e-05
1415695698	1.17e-05
1415695758	1.17e-05
1415695819	1.17e-05
1415695879	1.17e-05
1415695940	1.17e-05
1415696000	1.17e-05
1415696061	1.17e-05
1415696121	1.16e-05
1415696181	1.16e-05
1415696242	1.16e-05
1415696302	1.16e-05
1415696363	1.16e-05
1415696423	1.16e-05
1415696484	1.15e-05
1415696544	1.15e-05
1415696605	1.15e-05
1415696665	1.15e-05
1415696726	1.15e-05
1415696786	1.15e-05
1415696847	1.14e-05
1415696907	1.14e-05
1415696968	1.14e-05
1415697028	1.14e-05
1415697089	1.14e-05
1415697149	1.14e-05
1415697210	1.14e-05
1415697270	1.13e-05
1415697330	1.13e-05
1415697391	1.13e-05
1415697451	1.13e-05
1415697512	1.13e-05
1415697572	1.13e-05
1415697633	1.13e-05
1415697693	1.12e-05
1415697754	1.12e-05
1415697814	1.12e-05
1415697875	1.12e-05
1415697935	1.12e-05
1415697996	1.12e-05
1415698056	1.11e-05
1415698117	1.11e-05
1415698177	1.11e-05
1415698238	1.11e-05
1415698298	1.11e-05
1415698359	1.11e-05
1415698419	1.11e-05
1415698480	1.1e-05
1415698540	1.1e-05
1415698601	1.1e-05
1415698661	1.1e-05
1415698722	1.08e-05
1415698782	1.08e-05
1415698842	1.07e-05
1415698903	1.07e-05
1415698963	1.07e-05
1415699024	1.07e-05
1415699084	1.07e-05
1415699145	1.07e-05
1415699206	1.07e-05
1415699266	1.06e-05
1415699326	1.06e-05
1415699387	1.06e-05
1415699447	1.06e-05
1415699508	1.06e-05
1415699568	1.06e-05
1415699629	1.06e-05
1415699689	1.06e-05
1415699750	1.05e-05
1415699810	1.05e-05
1415699871	1.05e-05
1415699931	1.05e-05
1415699992	1.05e-05
1415700052	1.05e-05
1415700113	1.05e-05
1415700173	1.05e-05
1415700234	1.04e-05
1415700294	1.04e-05
1415700355	1.04e-05
1415700415	1.04e-05
1415700476	1.04e-05
1415700536	1.04e-05
1415700596	1.04e-05
1415700657	1.04e-05
1415700717	1.03e-05
1415700778	1.03e-05
1415700838	1.03e-05
1415700899	1.03e-05
1415700959	1.03e-05
1415701020	1.03e-05
1415701080	1.03e-05
1415701141	1.02e-05
1415701201	1.02e-05
1415701262	1.02e-05
1415701322	1.02e-05
1415701383	1.02e-05
1415701443	1.02e-05
1415701504	1.02e-05
1415701564	1.02e-05
1415701625	1.02e-05
1415701685	1.01e-05
1415701745	1.01e-05
1415701806	1.01e-05
1415701866	1.01e-05
1415701927	1.01e-05
1415701987	1.01e-05
1415702048	1.01e-05
1415702108	1.01e-05
1415702169	1e-05
1415702229	1e-05
1415702290	1e-05
1415702350	1e-05
1415702411	1e-05
1415702471	9.99e-06
1415702532	9.98e-06
1415702592	9.96e-06
1415702653	9.95e-06
1415702713	9.94e-06
1415702774	9.93e-06
1415702834	9.92e-06
1415702895	9.91e-06
1415702955	9.89e-06
1415703016	9.88e-06
1415703076	9.87e-06
1415703137	9.86e-06
1415703197	9.85e-06
1415703258	9.84e-06
1415703318	9.82e-06
1415703379	9.81e-06
1415703439	9.8e-06
1415703500	9.79e-06
1415703560	9.78e-06
1415703620	9.77e-06
1415703681	9.76e-06
1415703741	9.75e-06
1415703802	9.74e-06
1415703862	9.73e-06
1415703923	9.72e-06
1415703983	9.71e-06
1415704044	9.69e-06
1415722576	7.4e-06
1415722637	7.4e-06
1415722697	7.39e-06
1415722758	7.39e-06
1415722818	7.39e-06
1415722879	7.38e-06
1415722940	7.38e-06
1415723000	7.38e-06
1415723061	7.37e-06
1415723121	7.37e-06
1415723182	7.36e-06
1415723242	7.36e-06
1415723303	7.35e-06
1415723363	7.35e-06
1415723424	7.34e-06
1415723484	7.34e-06
1415723545	7.33e-06
1415723605	7.33e-06
1415723666	7.32e-06
1415723726	7.32e-06
1415723787	7.31e-06
1415723847	7.31e-06
1415723908	7.3e-06
1415723968	7.3e-06
1415724029	7.29e-06
1415724090	7.29e-06
1415724150	7.28e-06
1415724211	7.28e-06
1415724271	7.27e-06
1415724332	7.27e-06
1415724392	7.26e-06
1415724453	7.26e-06
1415724513	7.25e-06
1415724574	7.25e-06
1415724634	7.24e-06
1415724695	7.24e-06
1415724755	7.23e-06
1415724816	7.23e-06
1415724876	7.23e-06
1415724937	7.22e-06
1415724997	7.22e-06
1415725058	7.21e-06
1415725118	7.21e-06
1415725179	7.2e-06
1415725239	7.19e-06
1415725300	7.19e-06
1415725360	7.18e-06
1415725421	7.18e-06
1415725481	7.17e-06
1415725542	7.17e-06
1415725602	7.16e-06
1415725663	7.16e-06
1415725723	7.15e-06
1415725784	7.15e-06
1415725844	7.14e-06
1415725905	7.14e-06
1415725965	7.13e-06
1415726026	7.12e-06
1415726086	7.12e-06
1415726146	7.11e-06
1415726207	7.11e-06
1415726267	7.1e-06
1415726328	7.1e-06
1415726388	7.09e-06
1415726449	7.08e-06
1415726509	7.08e-06
1415726570	7.07e-06
1415726630	7.06e-06
1415726691	7.06e-06
1415726751	7.05e-06
1415726812	7.04e-06
1415726872	7.04e-06
1415726933	7.03e-06
1415726993	7.03e-06
1415727054	7.02e-06
1415727114	7.02e-06
1415727175	7.01e-06
1415727235	7.01e-06
1415727295	7e-06
1415727356	6.99e-06
1415727416	6.99e-06
1415727477	6.98e-06
1415727537	6.97e-06
1415727598	6.97e-06
1415727658	6.96e-06
1415727719	6.96e-06
1415727779	6.95e-06
1415727840	6.95e-06
1415727900	6.94e-06
1415727961	6.94e-06
1415728021	6.93e-06
1415728082	6.93e-06
1415728142	6.92e-06
1415728203	6.92e-06
1415728263	6.92e-06
1415728324	6.91e-06
1415728384	6.91e-06
1415728445	6.9e-06
1415728505	6.89e-06
1415728566	6.89e-06
1415728626	6.89e-06
1415728687	6.88e-06
1415728747	6.88e-06
1415728808	6.87e-06
1415728868	6.87e-06
1415728929	6.86e-06
1415728989	6.86e-06
1415729050	6.85e-06
1415729110	6.85e-06
1415729171	6.84e-06
1415729231	6.84e-06
1415729292	6.83e-06
1415729352	6.83e-06
1415729413	6.82e-06
1415729473	6.82e-06
1415729534	6.81e-06
1415729594	6.81e-06
1415729655	6.8e-06
1415729715	6.8e-06
1415729776	6.79e-06
1415729836	6.79e-06
1415729897	6.78e-06
1415729957	6.78e-06
1415730018	6.78e-06
1415730078	6.77e-06
1415730139	6.76e-06
1415730199	6.76e-06
1415730260	6.75e-06
1415730320	6.75e-06
1415730381	6.75e-06
1415730442	6.74e-06
1415730502	6.74e-06
1415730563	6.73e-06
1415730623	6.73e-06
1415730684	6.72e-06
1415730744	6.72e-06
1415730805	6.71e-06
1415730865	6.71e-06
1415730926	6.7e-06
1415730986	6.7e-06
1415731047	6.69e-06
1415731107	6.69e-06
1415731168	6.68e-06
1415731228	6.68e-06
1415731289	6.67e-06
1415731349	6.67e-06
1415731410	6.66e-06
1415731470	6.66e-06
1415731531	6.66e-06
1415731591	6.65e-06
1415731652	6.65e-06
1415731712	6.65e-06
1415731773	6.64e-06
1415731833	6.64e-06
1415731894	6.63e-06
1415731954	6.63e-06
1415732014	6.62e-06
1415732075	6.62e-06
1415732135	6.61e-06
1415732196	6.61e-06
1415732256	6.61e-06
1415732317	6.6e-06
1415732377	6.6e-06
1415732438	6.59e-06
1415732498	6.59e-06
1415732559	6.58e-06
1415732619	6.58e-06
1415732680	6.58e-06
1415732740	6.57e-06
1415732801	6.57e-06
1415732861	6.56e-06
1415732922	6.56e-06
1415732982	6.55e-06
1415733043	6.55e-06
1415733103	6.54e-06
1415733164	6.54e-06
1415733224	6.53e-06
1415733285	6.53e-06
1415733346	6.53e-06
1415733406	6.52e-06
1415733466	6.52e-06
1415733527	6.51e-06
1415733587	6.51e-06
1415733648	6.51e-06
1415733709	6.5e-06
1415733769	6.49e-06
1415733830	6.49e-06
1415733890	6.49e-06
1415733951	6.48e-06
1415734011	6.48e-06
1415734071	6.48e-06
1415734132	6.47e-06
1415734192	6.47e-06
1415734253	6.46e-06
1415734313	6.46e-06
1415734374	6.45e-06
1415734434	6.45e-06
1415734495	6.45e-06
1415734555	6.44e-06
1415734616	6.44e-06
1415734676	6.43e-06
1415734737	6.43e-06
1415734797	6.42e-06
1415734858	6.42e-06
1415734918	6.42e-06
1415734978	6.41e-06
1415735039	6.41e-06
1415735099	6.4e-06
1415735160	6.4e-06
1415735220	6.4e-06
1415735281	6.39e-06
1415735341	6.39e-06
1415735402	6.38e-06
1415735462	6.38e-06
1415735523	6.38e-06
1415735583	6.37e-06
1415735644	6.37e-06
1415735704	6.37e-06
1415735765	6.36e-06
1415735825	6.36e-06
1415735886	6.35e-06
1415735946	6.35e-06
1415736007	6.35e-06
1415736067	6.34e-06
1415736127	6.34e-06
1415736188	6.33e-06
1415736248	6.33e-06
1415736309	6.33e-06
1415736369	6.32e-06
1415736430	6.32e-06
1415736490	6.31e-06
1415736551	6.31e-06
1415736611	6.31e-06
1415736672	6.3e-06
1415736732	6.3e-06
1415736793	6.29e-06
1415736853	6.29e-06
1415736914	6.29e-06
1415736974	6.28e-06
1415737035	6.28e-06
1415737095	6.28e-06
1415737156	6.27e-06
1415737216	6.27e-06
1415737277	6.26e-06
1415737337	6.26e-06
1415737398	6.26e-06
1415737458	6.25e-06
1415737519	6.25e-06
1415737579	6.25e-06
1415737640	6.24e-06
1415737700	6.24e-06
1415737761	6.23e-06
1415737821	6.23e-06
1415737882	6.23e-06
1415737942	6.22e-06
1415738003	6.22e-06
1415738063	6.22e-06
1415738124	6.21e-06
1415738184	6.21e-06
1415738245	6.21e-06
1415738305	6.2e-06
1415738366	6.2e-06
1415738426	6.2e-06
1415738487	6.19e-06
1415738547	6.19e-06
1415738608	6.18e-06
1415738668	6.18e-06
1415738729	6.18e-06
1415738789	6.17e-06
1415738850	6.17e-06
1415738910	6.16e-06
1415738971	6.16e-06
1415739031	6.16e-06
1415739092	6.15e-06
1415739152	6.15e-06
1415739212	6.15e-06
1415739273	6.14e-06
1415739333	6.14e-06
1415739394	6.13e-06
1415739454	6.13e-06
1415739515	6.13e-06
1415739575	6.13e-06
1415739636	6.12e-06
1415739696	6.12e-06
1415739757	6.11e-06
1415739817	6.11e-06
1415739878	6.11e-06
1415739938	6.1e-06
1415739999	6.1e-06
1415740059	6.1e-06
1415740120	6.09e-06
1415740180	6.09e-06
1415740241	6.09e-06
1415740301	6.08e-06
1415740362	6.08e-06
1415740422	6.08e-06
1415740483	6.07e-06
1415740543	6.07e-06
1415740604	6.06e-06
1415740664	6.05e-06
1415740725	6.05e-06
1415740785	6.05e-06
1415740846	6.04e-06
1415740906	6.04e-06
1415740967	6.04e-06
1415741027	6.03e-06
1415741088	6.03e-06
1415741148	6.03e-06
1415741209	6.02e-06
1415741269	6.02e-06
1415741330	6.02e-06
1415741390	6.01e-06
1415741451	6.01e-06
1415741511	6e-06
1415741572	6e-06
1415741632	6e-06
1415741692	5.99e-06
1415741753	5.99e-06
1415741813	5.99e-06
1415741874	5.98e-06
1415741934	5.98e-06
1415741995	5.98e-06
1415742055	5.97e-06
1415742116	5.97e-06
1415742176	5.97e-06
1415742237	5.96e-06
1415742297	5.96e-06
1415742358	5.96e-06
1415742418	5.95e-06
1415742478	5.95e-06
1415742539	5.95e-06
1415742599	5.94e-06
1415742660	5.94e-06
1415742721	5.94e-06
1415742781	5.93e-06
1415742842	5.93e-06
1415742902	5.93e-06
1415742963	5.92e-06
1415743023	5.92e-06
1415743084	5.92e-06
1415743144	5.92e-06
1415743205	5.91e-06
1415743265	5.91e-06
1415743326	5.91e-06
1415743386	5.9e-06
1415743447	5.9e-06
1415743507	5.9e-06
1415743567	5.89e-06
1415743628	5.89e-06
1415743688	5.89e-06
1415743749	5.88e-06
1415743809	5.88e-06
1415743870	5.88e-06
1415743930	5.87e-06
1415743991	5.87e-06
1415744051	5.87e-06
1415744112	5.86e-06
1415744172	5.86e-06
1415744232	5.86e-06
1415744293	5.85e-06
1415744353	5.85e-06
1415744414	5.85e-06
1415744474	5.84e-06
1415744535	5.84e-06
1415744595	5.84e-06
1415744656	5.83e-06
1415744716	5.83e-06
1415744777	5.83e-06
1415744837	5.82e-06
1415744898	5.82e-06
1415744958	5.82e-06
1415745019	5.81e-06
1415745079	5.81e-06
1415745140	5.81e-06
1415745200	5.8e-06
1415745261	5.8e-06
1415745321	5.8e-06
1415745382	5.8e-06
1415745442	5.79e-06
1415745503	5.79e-06
1415745563	5.79e-06
1415745624	5.78e-06
1415745684	5.78e-06
1415745745	5.77e-06
1415745805	5.77e-06
1415745866	5.77e-06
1415745926	5.77e-06
1415745986	5.76e-06
1415746047	5.76e-06
1415746107	5.76e-06
1415746168	5.76e-06
1415746228	5.75e-06
1415746289	5.75e-06
1415746349	5.74e-06
1415746410	5.74e-06
1415746470	5.74e-06
1415746531	5.73e-06
1415746591	5.73e-06
1415746652	5.73e-06
1415746712	5.72e-06
1415746773	5.72e-06
1415746833	5.72e-06
1415746894	5.72e-06
1415746954	5.71e-06
1415747015	5.71e-06
1415747075	5.71e-06
1415747136	5.7e-06
1415747196	5.7e-06
1415747257	5.7e-06
1415747317	5.69e-06
1415747378	5.69e-06
1415747438	5.69e-06
1415747499	5.69e-06
1415747559	5.68e-06
1415747620	5.68e-06
1415747680	5.68e-06
1415747741	5.67e-06
1415747801	5.67e-06
1415747862	5.67e-06
1415747922	5.66e-06
1415747983	5.66e-06
1415748043	5.66e-06
1415748104	5.66e-06
1415748164	5.65e-06
1415748225	5.65e-06
1415748285	5.65e-06
1415748346	5.64e-06
1415748406	5.64e-06
1415748467	5.64e-06
1415748527	5.63e-06
1415748588	5.63e-06
1415748648	5.63e-06
1415748709	5.63e-06
1415748769	5.62e-06
1415748830	5.62e-06
1415748890	5.62e-06
1415748951	5.62e-06
1415749011	5.61e-06
1415749072	5.61e-06
1415749132	5.61e-06
1415749193	5.6e-06
1415749253	5.6e-06
1415749314	5.6e-06
1415749374	5.59e-06
1415749435	5.59e-06
1415749495	5.59e-06
1415749555	5.58e-06
1415749616	5.58e-06
1415749676	5.58e-06
1415749737	5.58e-06
1415749797	5.57e-06
1415749858	5.57e-06
1415749918	5.57e-06
1415749979	5.57e-06
1415750039	5.56e-06
1415750100	5.56e-06
1415750160	5.56e-06
1415750221	5.55e-06
1415750281	5.55e-06
1415750342	5.55e-06
1415750402	5.55e-06
1415750462	5.54e-06
1415750523	5.54e-06
1415750583	5.54e-06
1415750644	5.53e-06
1415750704	5.53e-06
1415750765	5.53e-06
1415750825	5.52e-06
1415750886	5.52e-06
1415750946	5.52e-06
1415751007	5.52e-06
1415751067	5.51e-06
1415751128	5.51e-06
1415751188	5.51e-06
1415751249	5.5e-06
1415751309	5.5e-06
1415751370	5.5e-06
1415751430	5.5e-06
1415751491	5.49e-06
1415751551	5.49e-06
1415751612	5.49e-06
1415751672	4.34e-05
1415751733	8.7e-05
1415751793	9.12e-05
1415751854	9.2e-05
1415751914	9.23e-05
1415751975	9.26e-05
1415752035	9.27e-05
1415752096	9.28e-05
1415752156	9.29e-05
1415752217	9.3e-05
1415752277	9.3e-05
1415752338	9.31e-05
1415753282	0.0
1415753343	5.74e-06
1415753403	5.55e-06
1415753464	5.49e-06
1415753524	5.46e-06
1415753585	5.45e-06
1415753645	5.44e-06
1415753706	5.44e-06
1415753766	5.44e-06
1415753827	5.44e-06
1415753887	5.44e-06
1415753948	5.44e-06
1415754008	5.43e-06
1415754069	5.43e-06
1415754129	5.43e-06
1415754190	5.43e-06
1415754250	5.43e-06
1415754311	5.43e-06
1415754371	5.42e-06
1415754432	5.42e-06
1415754492	5.42e-06
1415754553	5.42e-06
1415754613	5.41e-06
1415754674	5.41e-06
1415754734	5.41e-06
1415754795	5.41e-06
1415754856	5.4e-06
1415754916	5.4e-06
1415754977	5.4e-06
1415755037	5.39e-06
1415755097	5.39e-06
1415755158	5.39e-06
1415755218	5.39e-06
1415755279	5.38e-06
1415755339	5.38e-06
1415755400	5.38e-06
1415755460	5.37e-06
1415755521	5.37e-06
1415755581	5.37e-06
1415755642	5.36e-06
1415755702	5.36e-06
1415755763	5.36e-06
1415755823	5.35e-06
1415755884	5.35e-06
1415755944	5.35e-06
1415756005	5.35e-06
1415756065	5.34e-06
1415756126	5.34e-06
1415756186	5.34e-06
1415756247	5.33e-06
1415756307	5.33e-06
1415756368	5.33e-06
1415756428	5.32e-06
1415756489	5.32e-06
1415756549	5.32e-06
1415756610	5.31e-06
1415756670	5.31e-06
1415756730	5.31e-06
1415756791	5.3e-06
1415756851	5.3e-06
1415756912	5.3e-06
1415756972	5.3e-06
1415757033	5.29e-06
1415757093	5.29e-06
1415757154	5.29e-06
1415757214	5.28e-06
1415757275	5.28e-06
1415757335	5.28e-06
1415757396	5.28e-06
1415757456	5.27e-06
1415757517	5.27e-06
1415757577	5.27e-06
1415757638	5.26e-06
1415757698	5.26e-06
1415757759	5.26e-06
1415757819	5.26e-06
1415757880	5.25e-06
1415757940	5.25e-06
1415758000	5.25e-06
1415758061	5.24e-06
1415758121	5.24e-06
1415758182	5.24e-06
1415758242	5.23e-06
1415758303	5.23e-06
1415758363	5.23e-06
1415758424	5.22e-06
1415758485	5.22e-06
1415758545	5.22e-06
1415758605	5.21e-06
1415758666	5.21e-06
1415758726	5.21e-06
1415758787	5.2e-06
1415758847	5.2e-06
1415758908	5.2e-06
1415758968	5.2e-06
1415759029	5.19e-06
1415759089	5.19e-06
1415759150	5.19e-06
1415759210	5.18e-06
1415759271	5.18e-06
1415759331	5.18e-06
1415759392	5.18e-06
1415759452	5.17e-06
1415759512	5.17e-06
1415759573	5.17e-06
1415759633	5.17e-06
1415759694	5.16e-06
1415759754	5.16e-06
1415759815	5.16e-06
1415759875	5.15e-06
1415759936	5.15e-06
1415759996	5.15e-06
1415760057	5.14e-06
1415760117	5.11e-06
1415760178	5.11e-06
1415760238	5.11e-06
1415760299	5.1e-06
1415760359	5.1e-06
1415760420	5.1e-06
1415760480	5.09e-06
1415760541	5.09e-06
1415760601	5.09e-06
1415760662	5.08e-06
1415760722	5.08e-06
1415760783	5.08e-06
1415760843	5.07e-06
1415760903	5.07e-06
1415760964	5.07e-06
1415761024	5.07e-06
1415761085	5.06e-06
1415761145	5.06e-06
1415761206	5.06e-06
1415761266	5.05e-06
1415761327	5.05e-06
1415761387	5.05e-06
1415761448	5.05e-06
1415761508	5.04e-06
1415761569	5.04e-06
1415761629	5.04e-06
1415761690	5.04e-06
1415761751	5.03e-06
1415761811	5.03e-06
1415761872	5.03e-06
1415761932	5.03e-06
1415761993	5.02e-06
1415762053	5.02e-06
1415762114	5.02e-06
1415762174	5.01e-06
1415762235	5.01e-06
1415762295	5.01e-06
1415762356	5.01e-06
1415762416	5e-06
1415762476	5e-06
1415762537	5e-06
1415762597	5e-06
1415762658	4.99e-06
1415762718	4.99e-06
1415762779	4.99e-06
1415762839	4.98e-06
1415762900	4.98e-06
1415762960	4.98e-06
1415763021	4.97e-06
1415763081	4.97e-06
1415763142	4.97e-06
1415763202	4.97e-06
1415763263	4.96e-06
1415763323	4.96e-06
1415763384	4.96e-06
1415763444	4.96e-06
1415763505	4.95e-06
1415763565	4.95e-06
1415763626	4.95e-06
1415763687	4.95e-06
1415763747	4.94e-06
1415763808	4.94e-06
1415763868	4.94e-06
1415763929	4.93e-06
1415763989	4.93e-06
1415764050	4.93e-06
1415764110	4.93e-06
1415764171	4.92e-06
1415764231	4.92e-06
1415764292	4.92e-06
1415764352	4.91e-06
1415764413	4.91e-06
1415764473	4.91e-06
1415764533	4.91e-06
1415764594	4.9e-06
1415764654	4.9e-06
1415764715	4.9e-06
1415764775	4.9e-06
1415764836	4.89e-06
1415764896	4.89e-06
1415764957	4.89e-06
1415765017	4.89e-06
1415765078	4.88e-06
1415765138	4.88e-06
1415765199	4.88e-06
1415765259	4.87e-06
1415765320	4.87e-06
1415765380	4.87e-06
1415765441	4.87e-06
1415765501	4.86e-06
1415765561	4.86e-06
1415765622	4.86e-06
1415765683	4.86e-06
1415765743	4.85e-06
1415765804	4.85e-06
1415765864	4.85e-06
1415765924	4.85e-06
1415765985	4.84e-06
1415766045	4.84e-06
1415766106	4.84e-06
1415766166	4.83e-06
1415766227	4.83e-06
1415766288	4.83e-06
1415766348	4.83e-06
1415766409	4.83e-06
1415766469	4.82e-06
1415766529	4.82e-06
1415766590	4.82e-06
1415766650	4.81e-06
1415766711	4.81e-06
1415766771	4.81e-06
1415766832	4.81e-06
1415766892	4.8e-06
1415766953	4.8e-06
1415767013	4.8e-06
1415767074	4.8e-06
1415767134	4.8e-06
1415767195	4.79e-06
1415767255	4.79e-06
1415767315	4.79e-06
1415767376	4.79e-06
1415767437	4.78e-06
1415767497	4.78e-06
1415767557	4.78e-06
1415767618	4.78e-06
1415767678	4.77e-06
1415767739	4.77e-06
1415767799	4.77e-06
1415767860	4.77e-06
1415767920	4.76e-06
1415767981	4.76e-06
1415768041	4.76e-06
1415768102	4.76e-06
1415768162	4.75e-06
1415768223	4.75e-06
1415768283	4.75e-06
1415768344	4.75e-06
1415768404	4.74e-06
1415768464	4.74e-06
1415768525	4.74e-06
1415768585	4.74e-06
1415768646	4.74e-06
1415768706	4.73e-06
1415768767	4.73e-06
1415768827	4.73e-06
1415768888	4.72e-06
1415768948	4.72e-06
1415769009	4.72e-06
1415769069	4.72e-06
1415769130	4.71e-06
1415769190	4.71e-06
1415769251	4.71e-06
1415769311	4.71e-06
1415769372	4.7e-06
1415769432	4.7e-06
1415769492	4.7e-06
1415769553	4.7e-06
1415769613	4.7e-06
1415769674	4.69e-06
1415769735	4.69e-06
1415769795	4.69e-06
1415769855	4.69e-06
1415769916	4.68e-06
1415769976	4.68e-06
1415770037	4.68e-06
1415770097	4.68e-06
1415770158	4.67e-06
1415770218	4.67e-06
1415770279	4.67e-06
1415770339	4.67e-06
1415770400	4.67e-06
1415770460	4.66e-06
1415770521	4.66e-06
1415770581	4.66e-06
1415770642	4.66e-06
1415770702	4.66e-06
1415770762	4.65e-06
1415770823	4.65e-06
1415770883	4.65e-06
1415770944	4.64e-06
1415771004	4.64e-06
1415771065	4.64e-06
1415771125	4.64e-06
1415771186	4.64e-06
1415771246	4.63e-06
1415771307	4.63e-06
1415771367	4.63e-06
1415771428	4.63e-06
1415771488	4.62e-06
1415771549	4.62e-06
1415771609	4.62e-06
1415771670	4.62e-06
1415771730	4.62e-06
1415771791	4.61e-06
1415771851	4.61e-06
1415771912	4.61e-06
1415771972	4.61e-06
1415772033	4.61e-06
1415772093	4.6e-06
1415772153	4.6e-06
1415772214	4.6e-06
1415772274	4.59e-06
1415772335	4.59e-06
1415772395	4.59e-06
1415772456	4.59e-06
1415772516	4.59e-06
1415772577	4.58e-06
1415772637	4.58e-06
1415772698	4.58e-06
1415772758	4.58e-06
1415772819	4.57e-06
1415772879	4.57e-06
1415772940	4.57e-06
1415773000	4.57e-06
1415773061	4.57e-06
1415773121	4.56e-06
1415773181	4.56e-06
1415773242	4.56e-06
1415773302	4.56e-06
1415773363	4.55e-06
1415773423	4.55e-06
1415773484	4.55e-06
1415773544	4.55e-06
1415773605	4.55e-06
1415773665	4.54e-06
1415773726	4.54e-06
1415773786	4.54e-06
1415773847	4.54e-06
1415773907	4.54e-06
1415773968	4.53e-06
1415774028	4.53e-06
1415774089	4.53e-06
1415774149	4.53e-06
1415774210	4.52e-06
1415774270	4.52e-06
1415774331	4.52e-06
1415774391	4.52e-06
1415774452	4.52e-06
1415774512	4.51e-06
1415774573	4.51e-06
1415774633	4.51e-06
1415774694	4.51e-06
1415774754	4.5e-06
1415774815	4.5e-06
1415774875	4.5e-06
1415774936	4.5e-06
1415774996	4.5e-06
1415775057	4.49e-06
1415775117	4.49e-06
1415775178	4.49e-06
1415775238	4.49e-06
1415775299	4.49e-06
1415775359	4.48e-06
1415775420	4.48e-06
1415775480	4.48e-06
1415775541	4.48e-06
1415775601	4.48e-06
1415775662	4.47e-06
1415775722	4.47e-06
1415775782	4.47e-06
1415775843	4.47e-06
1415775903	4.47e-06
1415775964	4.46e-06
1415776024	4.46e-06
1415776085	4.46e-06
1415776145	4.46e-06
1415776206	4.45e-06
1415776266	4.45e-06
1415776327	4.45e-06
1415776387	4.45e-06
1415776448	4.45e-06
1415776508	4.44e-06
1415776569	4.44e-06
1415776629	4.44e-06
1415776690	4.44e-06
1415776750	4.44e-06
1415776811	4.43e-06
1415776871	4.43e-06
1415776932	4.43e-06
1415776992	4.43e-06
1415777053	4.43e-06
1415777113	4.42e-06
1415777173	4.42e-06
1415777234	4.42e-06
1415777294	4.42e-06
1415777355	4.42e-06
1415777415	4.41e-06
1415777476	4.41e-06
1415777536	4.41e-06
1415777597	4.41e-06
1415777657	4.41e-06
1415777718	4.4e-06
1415777778	4.4e-06
1415777839	4.4e-06
1415777899	4.4e-06
1415777959	4.4e-06
1415778020	4.39e-06
1415778080	4.39e-06
1415778141	4.39e-06
1415778201	4.39e-06
1415778262	4.39e-06
1415778322	4.38e-06
1415778383	4.38e-06
1415778443	4.38e-06
1415778504	4.38e-06
1415778564	4.38e-06
1415778625	4.37e-06
1415778685	4.37e-06
1415778746	4.37e-06
1415778806	4.37e-06
1415778867	4.37e-06
1415778927	4.36e-06
1415778987	4.36e-06
1415779048	4.36e-06
1415779108	4.36e-06
1415779169	4.36e-06
1415779229	4.35e-06
1415779290	4.35e-06
1415779350	4.35e-06
1415779411	4.35e-06
1415779471	4.35e-06
1415779532	4.34e-06
1415779592	4.34e-06
1415779653	4.34e-06
1415779713	4.34e-06
1415779774	4.34e-06
1415779834	4.33e-06
1415779894	4.33e-06
1415779955	4.33e-06
1415780015	4.33e-06
1415780076	4.33e-06
1415780136	4.33e-06
1415780197	4.32e-06
1415780257	4.32e-06
1415780318	4.32e-06
1415780378	4.32e-06
1415780439	4.32e-06
1415780499	4.31e-06
1415780560	4.31e-06
1415780620	4.31e-06
1415780681	4.31e-06
1415780741	4.31e-06
1415780802	4.3e-06
1415780862	4.3e-06
1415780923	4.3e-06
1415780983	4.3e-06
1415781044	4.29e-06
1415781104	4.29e-06
1415781165	4.29e-06
1415781225	4.29e-06
1415781286	4.29e-06
1415781346	4.29e-06
1415781407	4.28e-06
1415781467	4.28e-06
1415781528	4.28e-06
1415781588	4.28e-06
1415781649	4.28e-06
1415781709	4.27e-06
1415781769	4.27e-06
1415781830	4.27e-06
1415781890	4.27e-06
1415781951	4.27e-06
1415782011	4.27e-06
1415782072	4.26e-06
1415782132	4.26e-06
1415782193	4.26e-06
1415782253	4.26e-06
1415782314	4.26e-06
1415782374	4.26e-06
1415782435	4.25e-06
1415782495	4.25e-06
1415782556	4.25e-06
1415782616	4.25e-06
1415782677	4.25e-06
1415782737	4.24e-06
1415782798	4.24e-06
1415782858	4.24e-06
1415782919	4.24e-06
1415782979	4.24e-06
1415783039	4.23e-06
1415783100	4.23e-06
1415783160	4.23e-06
1415783221	4.23e-06
1415783281	4.23e-06
1415783342	4.23e-06
1415783402	4.22e-06
1415783463	4.22e-06
1415783523	4.22e-06
1415783584	4.22e-06
1415783644	4.22e-06
1415783704	4.21e-06
1415783765	4.21e-06
1415783825	4.21e-06
1415783886	4.21e-06
1415783946	4.21e-06
1415784007	4.2e-06
1415784067	4.2e-06
1415784128	4.2e-06
1415784188	4.2e-06
1415784249	4.2e-06
1415784309	4.2e-06
1415784370	4.19e-06
1415784430	4.19e-06
1415784491	4.19e-06
1415784551	4.19e-06
1415784612	4.19e-06
1415784672	4.19e-06
1415784733	4.18e-06
1415784793	4.18e-06
1415784854	4.18e-06
1415784914	4.18e-06
1415784975	4.18e-06
1415785035	4.18e-06
1415785095	4.17e-06
1415785156	4.17e-06
1415785216	4.17e-06
1415785277	4.17e-06
1415785337	4.17e-06
1415785398	4.16e-06
1415785458	4.16e-06
1415785519	4.16e-06
1415785579	4.16e-06
1415785640	4.16e-06
1415785700	4.16e-06
1415785761	4.15e-06
1415785821	4.15e-06
1415785882	4.15e-06
1415785942	4.15e-06
1415786002	4.15e-06
1415786063	4.14e-06
1415786123	4.14e-06
1415786184	4.14e-06
1415786244	4.14e-06
1415786305	4.14e-06
1415786365	4.13e-06
1415786426	4.13e-06
1415786486	4.13e-06
1415786547	4.13e-06
1415786607	4.13e-06
1415786668	4.13e-06
1415786728	4.13e-06
1415786789	4.12e-06
1415786849	4.12e-06
1415786910	4.12e-06
1415786970	4.12e-06
1415787030	4.12e-06
1415787091	4.12e-06
1415787151	4.12e-06
1415787212	4.11e-06
1415787272	4.11e-06
1415787333	4.11e-06
1415787393	4.11e-06
1415787454	4.11e-06
1415787514	4.1e-06
1415787575	4.1e-06
1415787635	4.1e-06
1415787696	4.1e-06
1415787756	4.1e-06
1415787817	4.1e-06
1415787877	4.09e-06
1415787938	4.09e-06
1415787998	4.09e-06
1415788059	4.09e-06
1415788119	4.09e-06
1415788180	4.09e-06
1415788240	4.08e-06
1415788301	4.08e-06
1415788361	4.08e-06
1415788422	4.08e-06
1415788482	4.08e-06
1415788543	4.08e-06
1415788603	4.07e-06
1415788664	4.07e-06
1415788724	4.07e-06
1415788785	4.07e-06
1415788845	4.07e-06
1415788906	4.07e-06
1415788967	4.06e-06
1415789027	4.06e-06
1415789088	4.06e-06
1415789148	4.06e-06
1415789209	4.06e-06
1415789269	4.06e-06
1415789330	4.05e-06
1415789390	4.05e-06
1415789451	4.05e-06
1415789511	4.05e-06
1415789572	4.05e-06
1415789632	4.05e-06
1415789693	4.04e-06
1415789753	4.04e-06
1415789813	4.04e-06
1415789874	4.04e-06
1415789934	4.04e-06
1415789995	4.04e-06
1415790055	4.03e-06
1415790116	4.03e-06
1415790176	4.03e-06
1415790237	4.03e-06
1415790297	4.03e-06
1415790358	4.03e-06
1415790418	4.02e-06
1415790479	4.02e-06
1415790539	4.02e-06
1415790600	4.02e-06
1415790660	4.02e-06
1415790721	4.02e-06
1415790781	4.01e-06
1415790842	4.01e-06
1415790902	4.01e-06
1415790963	4.01e-06
1415791023	4.01e-06
1415791084	4.01e-06
1415791144	4.01e-06
1415791205	4e-06
1415791265	4e-06
1415791326	4e-06
1415791386	4e-06
1415791446	4e-06
1415791507	4e-06
1415791567	4e-06
1415791628	3.99e-06
1415791688	3.99e-06
1415791749	3.99e-06
1415791809	3.99e-06
1415791870	3.99e-06
1415791930	3.99e-06
1415791991	3.98e-06
1415792051	3.98e-06
1415792112	3.98e-06
1415792172	3.98e-06
1415792233	3.98e-06
1415792293	3.98e-06
1415792354	3.98e-06
1415792414	3.97e-06
1415792475	3.97e-06
1415792535	3.97e-06
1415792596	3.97e-06
1415792656	3.97e-06
1415792716	3.97e-06
1415792777	3.96e-06
1415792837	3.96e-06
1415792898	3.96e-06
1415792958	3.96e-06
1415793019	3.96e-06
1415793079	3.96e-06
1415793140	3.95e-06
1415793200	3.95e-06
1415793261	3.95e-06
1415793321	3.95e-06
1415793382	3.95e-06
1415793442	3.95e-06
1415793503	3.95e-06
1415793563	3.94e-06
1415793624	3.94e-06
1415793684	3.95e-06
1415793745	3.94e-06
1415793805	3.94e-06
1415793866	3.94e-06
1415793926	3.94e-06
1415793987	3.94e-06
1415794047	3.94e-06
1415794108	3.93e-06
1415794168	3.93e-06
1415794228	3.93e-06
1415794289	3.93e-06
1415794349	3.93e-06
1415794410	3.93e-06
1415794470	3.92e-06
1415794531	3.92e-06
1415794591	3.92e-06
1415794652	3.92e-06
1415794712	3.92e-06
1415794773	3.92e-06
1415794833	3.92e-06
1415794894	3.91e-06
1415794954	3.91e-06
1415795015	3.91e-06
1415795075	3.91e-06
1415795136	3.91e-06
1415795196	3.91e-06
1415795257	3.9e-06
1415795317	3.9e-06
1415795378	3.9e-06
1415795438	3.9e-06
1415795499	3.9e-06
1415795559	3.9e-06
1415795620	3.9e-06
1415795680	3.89e-06
1415795741	3.89e-06
1415795801	3.89e-06
1415795862	3.89e-06
1415795922	3.89e-06
1415795983	3.89e-06
1415796043	3.89e-06
1415796103	3.88e-06
1415796164	3.88e-06
1415796224	3.88e-06
1415796285	3.88e-06
1415796345	3.88e-06
1415796406	3.88e-06
1415796466	3.87e-06
1415796527	3.87e-06
1415796587	3.87e-06
1415796647	3.87e-06
1415796708	3.87e-06
1415796768	3.87e-06
1415796829	3.87e-06
1415796889	3.86e-06
1415796950	3.86e-06
1415797010	3.86e-06
1415797071	3.86e-06
1415797131	3.86e-06
1415797192	3.86e-06
1415797252	3.86e-06
1415797313	3.86e-06
1415797373	3.85e-06
1415797434	3.85e-06
1415797494	3.85e-06
1415797555	3.85e-06
1415797615	3.85e-06
1415797675	3.84e-06
1415797736	3.84e-06
1415797796	3.84e-06
1415797857	3.84e-06
1415797917	3.84e-06
1415797978	3.84e-06
1415798038	3.84e-06
1415798099	3.83e-06
1415798159	3.83e-06
1415798220	3.83e-06
1415798280	3.83e-06
1415798341	3.83e-06
1415798401	3.83e-06
1415798462	3.83e-06
1415798522	3.83e-06
1415798583	3.82e-06
1415798643	3.82e-06
1415798704	3.82e-06
1415798764	3.82e-06
1415798825	3.82e-06
1415798885	3.82e-06
1415798946	3.82e-06
1415799006	3.81e-06
1415799067	3.81e-06
1415799127	3.81e-06
1415799188	3.81e-06
1415799248	3.81e-06
1415799309	3.81e-06
1415799369	3.81e-06
1415799430	3.8e-06
1415799490	3.8e-06
1415799550	3.8e-06
1415799611	3.8e-06
1415799671	3.8e-06
1415799732	3.8e-06
1415799792	3.8e-06
1415799853	3.79e-06
1415799913	3.79e-06
1415799974	3.79e-06
1415800034	3.79e-06
1415800095	3.79e-06
1415800155	3.79e-06
1415800216	3.79e-06
1415800276	3.78e-06
1415800337	3.78e-06
1415800397	3.78e-06
1415800458	3.78e-06
1415800518	3.78e-06
1415800579	3.78e-06
1415800639	3.78e-06
1415800699	3.78e-06
1415800760	3.77e-06
1415800820	3.77e-06
1415800881	3.77e-06
1415800941	3.77e-06
1415801002	3.77e-06
1415801062	3.77e-06
1415801123	3.76e-06
1415801183	3.76e-06
1415801243	3.76e-06
1415801304	3.76e-06
1415801364	3.76e-06
1415801425	3.76e-06
1415801485	3.76e-06
1415801546	3.76e-06
1415801606	3.75e-06
1415801667	3.75e-06
1415801727	3.75e-06
1415801788	3.75e-06
1415801848	3.75e-06
1415801908	3.75e-06
1415801969	3.75e-06
1415802029	3.74e-06
1415802090	3.74e-06
1415802150	3.74e-06
1415802211	3.74e-06
1415802271	3.74e-06
1415802332	3.74e-06
1415802392	3.74e-06
1415802453	3.74e-06
1415802513	3.73e-06
1415802574	3.73e-06
1415802634	3.73e-06
1415802694	3.73e-06
1415802755	3.73e-06
1415802815	3.73e-06
1415802876	3.73e-06
1415802936	3.72e-06
1415802997	3.72e-06
1415803057	3.72e-06
1415803118	3.72e-06
1415803178	3.72e-06
1415803239	3.72e-06
1415803299	3.72e-06
1415803360	3.71e-06
1415803420	3.71e-06
1415803481	3.71e-06
1415803541	3.71e-06
1415803602	3.71e-06
1415803662	3.71e-06
1415803723	3.71e-06
1415803783	3.71e-06
1415803844	3.7e-06
1415803904	3.7e-06
1415803965	3.7e-06
1415804025	3.7e-06
1415804086	3.7e-06
1415804146	3.7e-06
1415804207	3.7e-06
1415804267	3.7e-06
1415804327	3.69e-06
1415804388	3.69e-06
1415804448	3.69e-06
1415804509	3.69e-06
1415804569	3.69e-06
1415804630	3.69e-06
1415804690	3.69e-06
1415804751	3.68e-06
1415804811	3.68e-06
1415804872	3.68e-06
1415804932	3.68e-06
1415804993	3.68e-06
1415805053	3.68e-06
1415805114	3.68e-06
1415805174	3.68e-06
1415805234	3.67e-06
1415805295	3.67e-06
1415805355	3.67e-06
1415805416	5.84e-05
1415805476	6.5e-05
1415805537	6.62e-05
1415805597	6.65e-05
1415805658	6.67e-05
1415805718	6.68e-05
1415805779	6.69e-05
1415805839	6.7e-05
1415805900	6.7e-05
1415805960	6.71e-05
1415806021	6.71e-05
1415806081	6.71e-05
1415807019	0.0
1415807079	3.84e-06
1415807140	3.72e-06
1415807200	3.69e-06
1415807260	3.67e-06
1415807321	3.67e-06
1415807381	3.67e-06
1415807442	3.67e-06
1415807502	3.67e-06
