1407274800	181.0
1407274860	5.78
1407274921	1.71
1407274981	1.14
1407275042	0.00256
1407275102	0.000781
1407275163	0.000642
1407275223	0.000556
1407275284	0.00049
1407275344	0.000437
1407275404	0.000391
1407275465	0.00036
1407275525	0.000336
1407275586	0.000317
1407275646	0.000301
1407275707	0.000289
1407275767	0.000278
1407275828	0.000268
1407275888	0.00026
1407275949	0.000252
1407276009	0.000246
1407276070	0.00024
1407276130	0.000235
1407276191	0.00023
1407276251	0.000225
1407276312	0.000218
1407276372	0.000214
1407276433	0.000209
1407276493	0.000204
1407276554	0.000199
1407276614	0.000196
1407276675	0.000194
1407276735	0.000191
1407276796	0.000188
1407276856	0.000185
1407276916	0.000182
1407276977	0.000179
1407277037	0.000177
1407277098	0.000175
1407277158	0.000172
1407277219	0.00017
1407277279	0.000168
1407277340	0.000166
1407277400	0.000163
1407277461	0.000161
1407277521	0.000159
1407277582	0.000157
1407277642	0.000156
1407277702	0.000154
1407277763	0.000152
1407277823	0.000151
1407277884	0.000149
1407277944	0.000148
1407278005	0.000147
1407278065	0.000145
1407278126	0.000143
1407278186	0.000142
1407278247	0.000141
1407278307	0.000139
1407278368	0.000138
1407278428	0.000137
1407278489	0.000135
1407278549	0.000134
1407278609	0.000133
1407278670	0.000132
1407278730	0.000131
1407278791	0.00013
1407278851	0.000129
1407278912	0.000128
1407278972	0.000127
1407279033	0.000126
1407279093	0.000125
1407279154	0.000124
1407279214	0.000123
1407279275	0.000122
1407279335	0.000121
1407279396	0.00012
1407279456	0.000119
1407279517	0.000118
1407279577	0.000118
1407279637	0.000117
1407279698	0.000116
1407279758	0.000115
1407279819	0.000114
1407279879	0.000113
1407279940	0.000113
1407280000	0.000112
1407280061	0.000111
1407280121	0.000111
1407280182	0.00011
1407280242	0.000109
1407280303	0.000108
1407280363	0.000108
1407280424	0.000107
1407280484	0.000106
1407280545	0.000106
1407280605	0.000105
1407280665	0.000104
1407280726	0.000103
1407280786	0.000102
1407280847	0.000101
1407280907	0.000101
1407280968	0.0001
1407281028	9.96e-05
1407281089	9.91e-05
1407281149	9.86e-05
1407281210	9.81e-05
1407281270	9.76e-05
1407281331	9.71e-05
1407281391	9.66e-05
1407281452	9.61e-05
1407281512	9.56e-05
1407281573	9.51e-05
1407281633	9.47e-05
1407281694	9.42e-05
1407281754	9.38e-05
1407281815	9.33e-05
1407281875	9.29e-05
1407281936	9.24e-05
1407281996	9.2e-05
1407282056	9.16e-05
1407282117	9.11e-05
1407282177	9.07e-05
1407282238	9.03e-05
1407282298	8.99e-05
1407282359	8.95e-05
1407282419	8.91e-05
1407282480	8.87e-05
1407282540	8.83e-05
1407282601	8.79e-05
1407282661	8.75e-05
1407282722	8.71e-05
1407282782	8.68e-05
1407282843	8.64e-05
1407282903	8.6e-05
1407282964	8.56e-05
1407283024	8.53e-05
1407283085	8.49e-05
1407283145	8.45e-05
1407283206	8.42e-05
1407283266	8.38e-05
1407283327	8.35e-05
1407283387	8.31e-05
1407283448	8.28e-05
1407283508	8.25e-05
1407283569	8.21e-05
1407283629	8.18e-05
1407283690	8.15e-05
1407283750	8.11e-05
1407283810	8.08e-05
1407283871	8.05e-05
1407283931	8.02e-05
1407283992	7.99e-05
1407284052	7.96e-05
1407284113	7.93e-05
1407284173	7.9e-05
1407284234	7.87e-05
1407284294	7.83e-05
1407284355	7.8e-05
1407284415	7.78e-05
1407284476	7.75e-05
1407284536	7.72e-05
1407284597	7.69e-05
1407284657	7.66e-05
1407284718	7.63e-05
1407284778	7.6e-05
1407284839	7.57e-05
1407284899	7.55e-05
1407284960	7.52e-05
1407285020	7.49e-05
1407285080	7.46e-05
1407285141	7.43e-05
1407285201	7.41e-05
1407285262	7.38e-05
1407285322	7.35e-05
1407285383	7.33e-05
1407285443	7.3e-05
1407285504	7.28e-05
1407285564	7.25e-05
1407285625	7.22e-05
1407285685	7.2e-05
1407285746	7.18e-05
1407285806	7.15e-05
1407285867	7.13e-05
1407285927	7.1e-05
1407285988	7.08e-05
1407286048	7.05e-05
1407286109	7.03e-05
1407286169	7.01e-05
1407286230	6.98e-05
1407286290	6.96e-05
1407286351	6.94e-05
1407286411	6.92e-05
1407286472	6.89e-05
1407286532	6.87e-05
1407286593	6.85e-05
1407286653	6.82e-05
1407286714	6.8e-05
1407286774	6.78e-05
1407286835	6.76e-05
1407286895	6.73e-05
1407286956	6.71e-05
1407287016	6.69e-05
1407287077	6.67e-05
1407287137	6.65e-05
1407287197	6.63e-05
1407287258	6.6e-05
1407287318	6.58e-05
1407287379	6.56e-05
1407287439	6.54e-05
1407287500	6.51e-05
1407287560	6.49e-05
1407287621	6.47e-05
1407287681	6.45e-05
1407287742	6.44e-05
1407287802	6.41e-05
1407287862	6.39e-05
1407287923	6.38e-05
1407287983	6.36e-05
1407288044	6.34e-05
1407288104	6.32e-05
1407288165	6.3e-05
1407288225	6.28e-05
1407288286	6.26e-05
1407288346	6.25e-05
1407288407	6.23e-05
1407288467	6.21e-05
1407288528	6.19e-05
1407288588	6.17e-05
1407288649	6.15e-05
1407288709	6.14e-05
1407288770	6.12e-05
1407288830	6.1e-05
1407288891	6.08e-05
1407288951	6.06e-05
1407289012	6.05e-05
1407289072	6.03e-05
1407289132	6.01e-05
1407289193	5.99e-05
1407289254	5.98e-05
1407289314	5.96e-05
1407289375	5.94e-05
1407289435	5.93e-05
1407289495	5.91e-05
1407289556	5.89e-05
1407289616	5.88e-05
1407289677	5.86e-05
1407289737	5.84e-05
1407289798	5.82e-05
1407289858	5.8e-05
1407289919	5.79e-05
1407289979	5.77e-05
1407290040	5.76e-05
1407290100	5.74e-05
1407290161	5.72e-05
1407290221	5.71e-05
1407290282	5.7e-05
1407290342	5.68e-05
1407290403	5.66e-05
1407290463	5.65e-05
1407290523	5.64e-05
1407290584	5.62e-05
1407290644	5.61e-05
1407290705	5.59e-05
1407290765	5.58e-05
1407290826	5.56e-05
1407290886	5.55e-05
1407290947	5.53e-05
1407291007	5.52e-05
1407291068	5.51e-05
1407291128	5.49e-05
1407291189	5.48e-05
1407291249	5.46e-05
1407291309	5.45e-05
1407291370	5.44e-05
1407291430	5.42e-05
1407291491	5.41e-05
1407291551	5.4e-05
1407291612	5.38e-05
1407291672	5.37e-05
1407291733	5.36e-05
1407291793	5.34e-05
1407291854	5.33e-05
1407291914	5.32e-05
1407291974	5.3e-05
1407292035	5.29e-05
1407292095	5.28e-05
1407292156	5.26e-05
1407292216	5.25e-05
1407292277	5.24e-05
1407292337	5.23e-05
1407292398	5.22e-05
1407292458	5.2e-05
1407292519	5.19e-05
1407292579	5.18e-05
1407292640	5.16e-05
1407292700	5.15e-05
1407292761	5.14e-05
1407292821	5.13e-05
1407292882	5.12e-05
1407292942	5.13e-05
1407293003	5.09e-05
1407293063	5.08e-05
1407293124	5.07e-05
1407293184	5.06e-05
1407293245	5.05e-05
1407293305	5.04e-05
1407293365	5.02e-05
1407293426	5.01e-05
1407293486	5e-05
1407293547	4.99e-05
1407293607	4.98e-05
1407293668	4.97e-05
1407293728	4.96e-05
1407293789	4.95e-05
1407293849	4.93e-05
1407293910	4.92e-05
1407293970	4.91e-05
1407294031	4.9e-05
1407294091	4.89e-05
1407294152	4.88e-05
1407294212	4.87e-05
1407294273	4.86e-05
1407294333	4.85e-05
1407294393	4.84e-05
1407294454	4.83e-05
1407294514	4.82e-05
1407294575	4.81e-05
1407294635	4.8e-05
1407294696	4.79e-05
1407294756	4.78e-05
1407294817	4.75e-05
1407294877	4.74e-05
1407294937	4.73e-05
1407294998	4.72e-05
1407295058	4.71e-05
1407295119	4.7e-05
1407295180	4.69e-05
1407295240	4.68e-05
1407295300	4.67e-05
1407295361	4.66e-05
1407295421	4.65e-05
1407295482	4.64e-05
1407295542	4.63e-05
1407295603	4.62e-05
1407295663	4.61e-05
1407295724	4.6e-05
1407295784	4.59e-05
1407295845	4.58e-05
1407295905	4.57e-05
1407295966	4.56e-05
1407296026	4.55e-05
1407296087	4.54e-05
1407296147	4.53e-05
1407296208	4.53e-05
1407296268	4.52e-05
1407296329	4.51e-05
1407296389	4.5e-05
1407296449	4.49e-05
1407296510	4.48e-05
1407296570	4.47e-05
1407296631	4.46e-05
1407296691	4.45e-05
1407296752	4.45e-05
1407296812	4.44e-05
1407296873	4.43e-05
1407296933	4.42e-05
1407296994	4.41e-05
1407297054	4.4e-05
1407297115	4.39e-05
1407297175	4.38e-05
1407297236	4.38e-05
1407297296	4.37e-05
1407297357	4.36e-05
1407297417	4.35e-05
1407297478	4.34e-05
1407297538	4.33e-05
1407297599	4.33e-05
1407297659	4.32e-05
1407297719	4.31e-05
1407297780	4.3e-05
1407297840	4.29e-05
1407297901	4.28e-05
1407297961	4.28e-05
1407298022	4.27e-05
1407298082	4.26e-05
1407298143	4.25e-05
1407298203	4.24e-05
1407298264	4.24e-05
1407298324	4.23e-05
1407298385	4.22e-05
1407298445	4.21e-05
1407298506	4.2e-05
1407298566	4.2e-05
1407298627	4.19e-05
1407298687	4.18e-05
1407298748	4.17e-05
1407298808	4.17e-05
1407298869	4.16e-05
1407298929	4.15e-05
1407298990	4.14e-05
1407299050	4.14e-05
1407299110	4.13e-05
1407299171	4.12e-05
1407299231	4.11e-05
1407299292	4.11e-05
1407299352	4.1e-05
1407299413	4.09e-05
1407299473	4.08e-05
1407299534	4.07e-05
1407299594	4.07e-05
1407299655	4.06e-05
1407299715	4.05e-05
1407299775	4.04e-05
1407299836	4.04e-05
1407299896	4.03e-05
1407299957	4.02e-05
1407300017	4.01e-05
1407300078	4.01e-05
1407300138	4e-05
1407300199	3.99e-05
1407300259	3.99e-05
1407300320	3.98e-05
1407300380	3.97e-05
1407300441	3.97e-05
1407300501	3.96e-05
1407300562	3.95e-05
1407300622	3.95e-05
1407300682	3.91e-05
1407300743	3.9e-05
1407300803	3.9e-05
1407300864	3.89e-05
1407300924	3.88e-05
1407300985	3.87e-05
1407301045	3.87e-05
1407301106	3.86e-05
1407301166	3.85e-05
1407301227	3.85e-05
1407301287	3.84e-05
1407301348	3.84e-05
1407301408	3.83e-05
1407301469	3.82e-05
1407301529	3.81e-05
1407301589	3.81e-05
1407301650	3.8e-05
1407301710	3.8e-05
1407301771	3.79e-05
1407301831	3.78e-05
1407301892	3.78e-05
1407301952	3.77e-05
1407302013	3.76e-05
1407302073	3.76e-05
1407302134	3.75e-05
1407302194	3.75e-05
1407302255	3.74e-05
1407302315	3.74e-05
1407302376	3.73e-05
1407302436	3.72e-05
1407302497	3.72e-05
1407302557	3.71e-05
1407302618	3.71e-05
1407302678	3.7e-05
1407302739	3.69e-05
1407302799	3.69e-05
1407302860	3.68e-05
1407302920	3.67e-05
1407302981	3.66e-05
1407303041	3.65e-05
1407303102	3.65e-05
1407303162	3.64e-05
1407303223	3.63e-05
1407303283	3.63e-05
1407303343	3.62e-05
1407303404	3.62e-05
1407303464	3.61e-05
1407303525	3.6e-05
1407303585	3.6e-05
1407303646	3.59e-05
1407303706	3.59e-05
1407303767	3.58e-05
1407303827	3.58e-05
1407303888	3.57e-05
1407303948	3.57e-05
1407304009	3.56e-05
1407304069	3.55e-05
1407304130	3.55e-05
1407304190	3.54e-05
1407304251	3.54e-05
1407304311	3.53e-05
1407304372	3.53e-05
1407304432	3.52e-05
1407304493	3.52e-05
1407304553	3.51e-05
1407304614	3.51e-05
1407304674	3.5e-05
1407304734	3.5e-05
1407304795	3.49e-05
1407304855	3.48e-05
1407304916	3.48e-05
1407304976	3.47e-05
1407305037	3.47e-05
1407305097	3.46e-05
1407305158	3.46e-05
1407305218	3.45e-05
1407305279	3.45e-05
1407305339	3.44e-05
1407305399	3.44e-05
1407305460	3.43e-05
1407305520	3.43e-05
1407305581	3.42e-05
1407305641	3.42e-05
1407305702	3.41e-05
1407305762	3.41e-05
1407305823	3.4e-05
1407305883	3.4e-05
1407305944	3.39e-05
1407306004	3.39e-05
1407306065	3.38e-05
1407306125	3.38e-05
1407306186	3.37e-05
1407306246	3.37e-05
1407306307	3.36e-05
1407306367	3.36e-05
1407306428	3.35e-05
1407306488	3.35e-05
1407306549	3.34e-05
1407306609	3.34e-05
1407306669	3.33e-05
1407306730	3.33e-05
1407306790	3.32e-05
1407306851	3.32e-05
1407306911	3.31e-05
1407306972	3.31e-05
1407307032	3.3e-05
1407307093	3.3e-05
1407307153	3.29e-05
1407307214	3.29e-05
1407307274	3.28e-05
1407307335	3.28e-05
1407307395	3.27e-05
1407307455	3.27e-05
1407307516	3.25e-05
1407307576	3.24e-05
1407307637	3.24e-05
1407307697	3.23e-05
1407307758	3.23e-05
1407307818	3.22e-05
1407307879	3.22e-05
1407307939	3.21e-05
1407308000	3.21e-05
1407308060	3.2e-05
1407308121	3.2e-05
1407308181	3.2e-05
1407308242	3.19e-05
1407308302	3.19e-05
1407308363	3.18e-05
1407308423	3.18e-05
1407308484	3.17e-05
1407308544	3.17e-05
1407308605	3.16e-05
1407308665	3.16e-05
1407308725	3.15e-05
1407308786	3.15e-05
1407308846	3.14e-05
1407308907	3.15e-05
1407308967	3.14e-05
1407309028	3.14e-05
1407309088	3.13e-05
1407309149	3.13e-05
1407309209	3.12e-05
1407309270	3.12e-05
1407309330	3.11e-05
1407309391	3.11e-05
1407309451	3.11e-05
1407309512	3.1e-05
1407309572	3.1e-05
1407309633	3.09e-05
1407309693	3.09e-05
1407309754	3.08e-05
1407309814	3.08e-05
1407309875	3.08e-05
1407309935	3.07e-05
1407309996	3.07e-05
1407310056	3.06e-05
1407310116	3.06e-05
1407310177	3.05e-05
1407310237	3.05e-05
1407310298	3.05e-05
1407310358	3.04e-05
1407310419	3.04e-05
1407310479	3.03e-05
1407310540	3.03e-05
1407310600	3.03e-05
1407310661	3.02e-05
1407310721	3.02e-05
1407310782	3.01e-05
1407310842	3.01e-05
1407310903	3e-05
1407310963	3e-05
1407311023	3e-05
1407311084	2.99e-05
1407311144	2.99e-05
1407311205	2.99e-05
1407311266	2.98e-05
1407311326	2.98e-05
1407311386	2.97e-05
1407311447	2.97e-05
1407311507	2.97e-05
1407311568	2.96e-05
1407311628	2.96e-05
1407311689	2.95e-05
1407311749	2.95e-05
1407311810	2.95e-05
1407311870	2.94e-05
1407311931	2.94e-05
1407311991	2.94e-05
1407312052	2.93e-05
1407312112	2.93e-05
1407312173	2.92e-05
1407312233	2.92e-05
1407312294	2.92e-05
1407312354	2.91e-05
1407312415	2.91e-05
1407312475	2.91e-05
1407312535	2.9e-05
1407312596	2.9e-05
1407312656	2.9e-05
1407312717	2.89e-05
1407312777	2.89e-05
1407312838	2.88e-05
1407312898	2.88e-05
1407312959	2.88e-05
1407313019	2.87e-05
1407313080	2.87e-05
1407313140	2.87e-05
1407313200	2.86e-05
1407313261	2.86e-05
1407313321	2.86e-05
1407313382	2.85e-05
1407313442	2.85e-05
1407313503	2.85e-05
1407313563	2.84e-05
1407313624	2.84e-05
1407313684	2.84e-05
1407313745	2.83e-05
1407313805	2.83e-05
1407313866	2.83e-05
1407313926	2.82e-05
1407313987	2.82e-05
1407314047	2.81e-05
1407314108	2.81e-05
1407314168	2.81e-05
1407314228	2.81e-05
1407314289	2.8e-05
1407314349	2.8e-05
1407314410	2.79e-05
1407314470	2.79e-05
1407314531	2.79e-05
1407314591	2.78e-05
1407314652	2.78e-05
1407314712	2.78e-05
1407314773	2.77e-05
1407314833	2.77e-05
1407314894	2.77e-05
1407314954	2.76e-05
1407315015	2.76e-05
1407315075	2.76e-05
1407315136	2.76e-05
1407315196	2.75e-05
1407315257	2.75e-05
1407315317	2.75e-05
1407315378	2.74e-05
1407315438	2.74e-05
1407315499	2.74e-05
1407315559	2.73e-05
1407315619	2.73e-05
1407315680	2.73e-05
1407315741	2.72e-05
1407315801	2.72e-05
1407315862	2.72e-05
1407315922	2.72e-05
1407315983	2.71e-05
1407316043	2.71e-05
1407316104	2.71e-05
1407316164	2.7e-05
1407316225	2.7e-05
1407316285	2.7e-05
1407316345	2.69e-05
1407316406	2.69e-05
1407316466	2.69e-05
1407316527	2.68e-05
1407316587	2.68e-05
1407316648	2.68e-05
1407316708	2.67e-05
1407316769	2.67e-05
1407316829	2.67e-05
1407316890	2.67e-05
1407316950	2.66e-05
1407317011	2.66e-05
1407317071	2.66e-05
1407317132	2.65e-05
1407317192	2.65e-05
1407317252	2.65e-05
1407317313	2.65e-05
1407317373	2.64e-05
1407317434	2.64e-05
1407317494	2.64e-05
1407317555	2.63e-05
1407317615	2.63e-05
1407317676	2.63e-05
1407317736	2.62e-05
1407317797	2.62e-05
1407317857	2.62e-05
1407317917	2.62e-05
1407317978	2.61e-05
1407318038	2.61e-05
1407318099	2.61e-05
1407318159	2.61e-05
1407318220	2.6e-05
1407318280	2.6e-05
1407318341	2.6e-05
1407318401	2.59e-05
1407318462	2.59e-05
1407318522	2.59e-05
1407318583	2.59e-05
1407318643	2.58e-05
1407318704	2.58e-05
1407318764	2.58e-05
1407318825	2.57e-05
1407318885	2.57e-05
1407318945	2.57e-05
1407319006	2.57e-05
1407319066	2.56e-05
1407319127	2.56e-05
1407319187	2.56e-05
1407319248	2.56e-05
1407319308	2.55e-05
1407319369	2.55e-05
1407319429	2.55e-05
1407319490	2.54e-05
1407319550	2.54e-05
1407319610	2.54e-05
1407319671	2.54e-05
1407319731	2.53e-05
1407319792	2.53e-05
1407319852	2.53e-05
1407319913	2.53e-05
1407319973	2.52e-05
1407320034	2.52e-05
1407320094	2.52e-05
1407320155	2.52e-05
1407320215	2.51e-05
1407320276	2.45e-05
1407320336	2.45e-05
1407320397	2.45e-05
1407320457	2.45e-05
1407320518	2.45e-05
1407320578	2.45e-05
1407320639	2.44e-05
1407320699	2.44e-05
1407320760	2.44e-05
1407320820	2.44e-05
1407320881	2.43e-05
1407320941	2.43e-05
1407321002	2.43e-05
1407321062	2.43e-05
1407321123	2.42e-05
1407321183	2.42e-05
1407321244	2.42e-05
1407321304	2.42e-05
1407321365	2.41e-05
1407321425	2.41e-05
1407321485	2.41e-05
1407321546	2.41e-05
1407321606	2.41e-05
1407321667	2.4e-05
1407321727	2.4e-05
1407321788	2.4e-05
1407321848	2.37e-05
1407321909	2.36e-05
1407321970	2.36e-05
1407322030	2.36e-05
1407322090	2.34e-05
1407322151	2.35e-05
1407322211	2.35e-05
1407322272	2.34e-05
1407322332	2.34e-05
1407322393	2.34e-05
1407322453	2.34e-05
1407322514	2.33e-05
1407322574	2.33e-05
1407322635	2.33e-05
1407322695	2.33e-05
1407322756	2.33e-05
1407322816	2.32e-05
1407322877	2.32e-05
1407322937	2.32e-05
1407322998	2.32e-05
1407323058	2.31e-05
1407323118	2.31e-05
1407323179	2.31e-05
1407323239	2.31e-05
1407323300	2.31e-05
1407323360	2.3e-05
1407323421	2.3e-05
1407323481	2.3e-05
1407323542	2.3e-05
1407323602	2.31e-05
1407323663	2.31e-05
1407323723	2.31e-05
1407323784	2.3e-05
1407323844	2.3e-05
1407323905	2.3e-05
1407323965	2.3e-05
1407324026	2.29e-05
1407324086	2.29e-05
1407324147	2.29e-05
1407324207	2.29e-05
1407324268	2.29e-05
1407324328	2.28e-05
1407324389	2.28e-05
1407324449	2.28e-05
1407324510	2.28e-05
1407324570	2.28e-05
1407324631	2.27e-05
1407324691	2.27e-05
1407324752	2.27e-05
1407324812	2.27e-05
1407324873	2.27e-05
1407324933	2.26e-05
1407324994	2.26e-05
1407325054	2.26e-05
1407325115	2.26e-05
1407325175	2.26e-05
1407325236	2.25e-05
1407325296	2.25e-05
1407325357	2.25e-05
1407325417	2.25e-05
1407325478	2.25e-05
1407325538	2.24e-05
1407325599	2.24e-05
1407325659	2.24e-05
1407325720	2.24e-05
1407325780	2.24e-05
1407325841	2.23e-05
1407325901	2.23e-05
1407325962	2.23e-05
1407326022	2.23e-05
1407326083	2.23e-05
1407326143	2.23e-05
1407326203	2.24e-05
1407326264	2.22e-05
1407326324	2.22e-05
1407326385	2.22e-05
1407326445	2.22e-05
1407326506	2.21e-05
1407326566	2.21e-05
1407326627	2.21e-05
1407326687	2.21e-05
1407326748	2.21e-05
1407326808	0.000112
1407326869	0.000144
1407326929	0.000148
1407326990	0.000149
1407327050	0.00015
1407327111	0.00015
1407327171	0.00015
1407327232	0.000151
1407327292	0.000151
1407327353	0.000151
1407327413	0.000151
1407327473	0.000151
1407327534	0.000151
1407327595	0.000151
1407328538	0.0
1407328598	2.3e-05
1407328658	2.23e-05
1407328719	2.21e-05
1407328779	2.19e-05
1407328840	2.19e-05
1407328900	2.19e-05
1407328961	2.18e-05
1407329021	2.18e-05
1407329082	2.18e-05
1407329142	2.18e-05
1407329203	2.18e-05
1407329263	2.18e-05
1407329324	2.17e-05
1407329384	2.13e-05
1407329445	2.13e-05
1407329505	2.14e-05
1407329566	2.14e-05
1407329626	2.13e-05
1407329687	2.13e-05
1407329747	2.13e-05
1407329808	2.13e-05
1407329868	2.13e-05
1407329929	2.13e-05
1407329989	2.13e-05
1407330050	2.12e-05
1407330111	2.12e-05
1407330171	2.12e-05
1407330232	2.12e-05
1407330292	2.12e-05
1407330352	2.12e-05
1407330413	2.12e-05
1407330473	2.11e-05
1407330534	2.11e-05
1407330594	2.11e-05
1407330655	2.11e-05
1407330715	2.11e-05
1407330776	2.11e-05
1407330836	2.1e-05
1407330897	2.1e-05
1407330957	2.1e-05
1407331017	2.1e-05
1407331078	2.1e-05
1407331138	2.1e-05
1407331199	2.1e-05
1407331259	2.09e-05
1407331320	2.09e-05
1407331380	2.09e-05
1407331441	2.09e-05
1407331501	2.09e-05
1407331562	2.09e-05
1407331622	2.08e-05
1407331683	2.08e-05
1407331743	2.08e-05
1407331803	2.08e-05
1407331864	2.08e-05
1407331924	2.08e-05
1407331985	2.08e-05
1407332045	2.08e-05
1407332106	2.08e-05
1407332166	2.08e-05
1407332227	2.08e-05
1407332287	2.08e-05
1407332348	2.08e-05
1407332408	2.07e-05
1407332468	2.07e-05
1407332529	2.07e-05
1407332589	2.07e-05
1407332650	2.07e-05
1407332710	2.06e-05
1407332771	2.06e-05
1407332831	2.06e-05
1407332892	2.06e-05
1407332952	2.06e-05
1407333013	2.05e-05
1407333073	2.05e-05
1407333133	2.05e-05
1407333194	2.05e-05
1407333255	2.05e-05
1407333315	2.04e-05
1407333376	2.04e-05
1407333436	2.04e-05
1407333497	2.04e-05
1407333557	2.04e-05
1407333618	2.04e-05
1407333678	2.03e-05
1407333739	2.03e-05
1407333799	2.03e-05
1407333860	2.03e-05
1407333920	2.03e-05
1407333981	2.03e-05
1407334041	2.03e-05
1407334102	2.02e-05
1407334162	2.02e-05
1407334222	2.02e-05
1407334283	2.02e-05
1407334343	2.02e-05
1407334404	2.02e-05
1407334464	2.01e-05
1407334525	2.01e-05
1407334585	2.01e-05
1407334646	2.01e-05
1407334706	2.01e-05
1407334767	2.01e-05
1407334827	2.01e-05
1407334888	2e-05
1407334948	2e-05
1407335009	2e-05
1407335069	2e-05
1407335130	2e-05
1407335190	2e-05
1407335251	2e-05
1407335311	1.99e-05
1407335372	1.99e-05
1407335432	1.99e-05
1407335493	1.99e-05
1407335553	1.99e-05
1407335613	1.99e-05
1407335674	1.99e-05
1407335734	1.99e-05
1407335795	1.98e-05
1407335855	1.98e-05
1407335916	1.98e-05
1407335976	1.98e-05
1407336037	1.98e-05
1407336097	1.98e-05
1407336158	1.98e-05
1407336218	1.97e-05
1407336279	1.97e-05
1407336339	1.97e-05
1407336400	1.97e-05
1407336460	1.97e-05
1407336521	1.97e-05
1407336581	1.96e-05
1407336642	1.96e-05
1407336702	1.96e-05
1407336763	1.96e-05
1407336823	1.96e-05
1407336884	1.96e-05
1407336944	1.96e-05
1407337005	1.96e-05
1407337065	1.95e-05
1407337125	1.95e-05
1407337186	1.95e-05
1407337247	1.95e-05
1407337307	1.95e-05
1407337368	1.95e-05
1407337428	1.95e-05
1407337488	1.94e-05
1407337549	1.94e-05
1407337609	1.94e-05
1407337670	1.94e-05
1407337730	1.94e-05
1407337791	1.94e-05
1407337851	1.94e-05
1407337912	1.93e-05
1407337972	1.93e-05
1407338033	1.93e-05
1407338093	1.93e-05
1407338154	1.93e-05
1407338214	1.93e-05
1407338275	1.93e-05
1407338335	1.93e-05
1407338396	1.92e-05
1407338456	1.92e-05
1407338516	1.91e-05
1407338577	1.91e-05
1407338638	1.91e-05
1407338698	1.91e-05
1407338758	1.91e-05
1407338819	1.9e-05
1407338879	1.9e-05
1407338940	1.9e-05
1407339000	1.9e-05
1407339061	1.9e-05
1407339121	1.9e-05
1407339182	1.9e-05
1407339242	1.9e-05
1407339303	1.89e-05
1407339363	1.89e-05
1407339424	1.89e-05
1407339484	1.89e-05
1407339545	1.89e-05
1407339605	1.89e-05
1407339666	1.89e-05
1407339726	1.88e-05
1407339786	1.88e-05
1407339847	1.88e-05
1407339907	1.88e-05
1407339968	1.88e-05
1407340028	1.88e-05
1407340089	1.88e-05
1407340149	1.88e-05
1407340210	1.88e-05
1407340270	1.87e-05
1407340331	1.87e-05
1407340391	1.87e-05
1407340452	1.87e-05
1407340512	1.87e-05
1407340573	1.87e-05
1407340633	1.87e-05
1407340694	1.87e-05
1407340754	1.86e-05
1407340815	1.86e-05
1407340875	1.86e-05
1407340935	1.86e-05
1407340996	1.86e-05
1407341056	1.86e-05
1407341117	1.86e-05
1407341177	1.86e-05
1407341238	1.85e-05
1407341298	1.85e-05
1407341359	1.85e-05
1407341419	1.85e-05
1407341480	1.85e-05
1407341540	1.85e-05
1407341601	1.85e-05
1407341661	1.85e-05
1407341722	1.84e-05
1407341782	1.84e-05
1407341842	1.84e-05
1407341903	1.84e-05
1407341963	1.84e-05
1407342024	1.84e-05
1407342084	1.84e-05
1407342145	1.84e-05
1407342205	1.84e-05
1407342266	1.83e-05
1407342326	1.83e-05
1407342387	1.83e-05
1407342447	1.83e-05
1407342507	1.83e-05
1407342568	1.83e-05
1407342628	1.83e-05
1407342689	1.83e-05
1407342749	1.83e-05
1407342810	1.82e-05
1407342870	1.82e-05
1407342931	1.82e-05
1407342991	1.82e-05
1407343052	1.82e-05
1407343112	1.82e-05
1407343173	1.82e-05
1407343233	1.82e-05
1407343294	1.82e-05
1407343354	1.81e-05
1407343415	1.81e-05
1407343475	1.81e-05
1407343536	1.81e-05
1407343596	1.81e-05
1407343657	1.81e-05
1407343717	1.81e-05
1407343778	1.81e-05
1407343838	1.81e-05
1407343899	1.81e-05
1407343959	1.8e-05
1407344020	1.8e-05
1407344080	1.8e-05
1407344141	1.8e-05
1407344201	1.8e-05
1407344262	1.8e-05
1407344322	1.8e-05
1407344382	1.8e-05
1407344443	1.8e-05
1407344503	1.79e-05
1407344564	1.79e-05
1407344624	1.79e-05
1407344685	1.79e-05
1407344745	1.79e-05
1407344806	1.79e-05
1407344866	1.79e-05
1407344927	1.79e-05
1407344987	1.79e-05
1407345048	1.79e-05
1407345108	1.78e-05
1407345169	1.78e-05
1407345229	1.78e-05
1407345290	1.78e-05
1407345350	1.78e-05
1407345411	1.78e-05
1407345471	1.78e-05
1407345532	1.78e-05
1407345592	1.78e-05
1407345653	1.78e-05
1407345713	1.77e-05
1407345774	1.77e-05
1407345834	1.77e-05
1407345895	1.77e-05
1407345955	1.77e-05
1407346016	1.77e-05
1407346076	1.77e-05
1407346137	1.77e-05
1407346197	1.77e-05
1407346257	1.77e-05
1407346318	1.76e-05
1407346378	1.76e-05
1407346439	1.76e-05
1407346499	1.76e-05
1407346560	1.76e-05
1407346620	1.76e-05
1407346681	1.76e-05
1407346741	1.76e-05
1407346802	1.76e-05
1407346862	1.76e-05
1407346923	1.76e-05
1407346983	1.75e-05
1407347044	1.75e-05
1407347104	1.75e-05
1407347165	1.75e-05
1407347225	1.75e-05
1407347285	1.75e-05
1407347346	1.75e-05
1407347406	1.75e-05
1407347467	1.75e-05
1407347527	1.75e-05
1407347588	1.75e-05
1407347648	1.74e-05
1407347709	1.74e-05
1407347769	1.74e-05
1407347830	1.74e-05
1407347890	1.74e-05
1407347950	1.74e-05
1407348011	1.74e-05
1407348071	1.74e-05
1407348132	1.74e-05
1407348192	1.74e-05
1407348253	1.74e-05
1407348313	1.73e-05
1407348374	1.73e-05
1407348434	1.73e-05
1407348495	1.73e-05
1407348555	1.73e-05
1407348616	1.73e-05
1407348676	1.73e-05
1407348736	1.73e-05
1407348797	1.73e-05
1407348857	1.73e-05
1407348918	1.73e-05
1407348978	1.72e-05
1407349039	1.72e-05
1407349099	1.72e-05
1407349160	1.72e-05
1407349220	1.72e-05
1407349281	1.72e-05
1407349341	1.72e-05
1407349402	1.72e-05
1407349462	1.72e-05
1407349523	1.72e-05
1407349583	1.72e-05
1407349644	1.72e-05
1407349704	1.71e-05
1407349765	1.71e-05
1407349825	1.71e-05
1407349886	1.71e-05
1407349946	1.71e-05
1407350007	1.71e-05
1407350067	1.71e-05
1407350128	1.71e-05
1407350188	1.71e-05
1407350249	1.71e-05
1407350309	1.71e-05
1407350370	1.71e-05
1407350430	1.71e-05
1407350491	1.7e-05
1407350551	1.7e-05
1407350612	1.7e-05
1407350672	1.7e-05
1407350732	1.7e-05
1407350793	1.7e-05
1407350853	1.7e-05
1407350914	1.7e-05
1407350974	1.7e-05
1407351035	1.7e-05
1407351095	1.7e-05
1407351156	1.7e-05
1407351216	1.69e-05
1407351276	1.69e-05
1407351337	1.69e-05
1407351397	1.69e-05
1407351458	1.69e-05
1407351518	1.69e-05
1407351579	1.69e-05
1407351639	1.69e-05
1407351700	1.69e-05
1407351760	1.69e-05
1407351821	1.69e-05
1407351881	1.69e-05
1407351942	1.69e-05
1407352002	1.68e-05
1407352063	1.68e-05
1407352123	1.68e-05
1407352184	1.68e-05
1407352244	1.68e-05
1407352305	1.68e-05
1407352365	1.68e-05
1407352426	1.68e-05
1407352486	1.68e-05
1407352546	1.68e-05
1407352607	1.68e-05
1407352668	1.68e-05
1407352728	1.68e-05
1407352789	1.68e-05
1407352849	1.68e-05
1407352909	1.67e-05
1407352970	1.67e-05
1407353030	1.67e-05
1407353091	1.67e-05
1407353151	1.67e-05
1407353212	1.67e-05
1407353272	1.67e-05
1407353333	1.67e-05
1407353393	1.67e-05
1407353454	1.67e-05
1407353514	1.67e-05
1407353575	1.67e-05
1407353635	1.67e-05
1407353696	1.67e-05
1407353756	1.66e-05
1407353817	1.66e-05
1407353877	1.66e-05
1407353938	1.66e-05
1407353998	1.66e-05
1407354058	1.66e-05
1407354119	1.66e-05
1407354180	1.66e-05
1407354240	1.66e-05
1407354301	1.66e-05
1407354361	1.66e-05
1407354422	1.66e-05
1407354482	1.66e-05
1407354542	1.66e-05
1407354603	1.66e-05
1407354663	1.65e-05
1407354724	1.65e-05
1407354784	1.65e-05
1407354845	1.65e-05
1407354905	1.65e-05
1407354966	1.65e-05
1407355026	1.65e-05
1407355087	1.65e-05
1407355147	1.65e-05
1407355208	1.65e-05
1407355268	1.65e-05
1407355328	1.65e-05
1407355389	1.65e-05
1407355449	1.65e-05
1407355510	1.64e-05
1407355570	1.64e-05
1407355631	1.64e-05
1407355691	1.64e-05
1407355752	1.64e-05
1407355812	1.64e-05
1407355872	1.64e-05
1407355933	1.64e-05
1407355993	1.64e-05
1407356054	1.64e-05
1407356114	1.64e-05
1407356175	1.64e-05
1407356235	1.64e-05
1407356296	1.64e-05
1407356356	1.64e-05
1407356417	1.64e-05
1407356477	1.63e-05
1407356537	1.63e-05
1407356598	1.63e-05
1407356658	1.63e-05
1407356719	1.63e-05
1407356779	1.63e-05
1407356840	1.63e-05
1407356900	1.63e-05
1407356961	1.63e-05
1407357021	1.63e-05
1407357082	1.63e-05
1407357142	1.63e-05
1407357203	1.63e-05
1407357263	1.63e-05
1407357324	1.63e-05
1407357384	0.000105
1407357445	0.000118
1407357505	0.00012
1407357566	0.00012
1407357626	0.00012
1407357687	0.000121
1407357747	0.000121
1407357808	0.000121
1407357868	0.000121
1407357929	0.000121
1407357989	0.000121
1407358960	0.0
1407359021	1.72e-05
1407359081	1.67e-05
1407359142	1.65e-05
1407359202	1.72e-05
1407359263	1.63e-05
1407359323	1.64e-05
1407359384	1.64e-05
1407359444	1.64e-05
1407359504	1.64e-05
1407359565	1.64e-05
1407359625	1.64e-05
1407359686	1.64e-05
1407359746	1.64e-05
1407359807	1.64e-05
1407359867	1.64e-05
1407359928	1.64e-05
1407359988	1.64e-05
1407360049	1.64e-05
1407360109	1.63e-05
1407360170	1.63e-05
1407360230	1.63e-05
1407360291	1.63e-05
1407360351	1.63e-05
1407360412	1.63e-05
1407360472	1.63e-05
1407360533	1.63e-05
1407360593	1.63e-05
1407360654	1.63e-05
1407360714	1.63e-05
1407360774	1.63e-05
1407360835	1.62e-05
1407360895	1.62e-05
1407360956	1.62e-05
1407361016	1.62e-05
1407361077	1.62e-05
1407361137	1.62e-05
1407361198	1.62e-05
1407361258	1.62e-05
1407361319	1.62e-05
1407361379	1.62e-05
1407361440	1.61e-05
1407361500	1.61e-05
1407361561	1.61e-05
1407361621	1.61e-05
1407361682	1.61e-05
1407361742	1.61e-05
1407361803	1.61e-05
1407361863	1.61e-05
1407361924	1.61e-05
1407361984	1.61e-05
1407362045	1.61e-05
1407362105	1.61e-05
1407362166	1.6e-05
1407362226	1.6e-05
1407362287	1.6e-05
1407362347	1.6e-05
1407362407	1.4e-05
1407362468	1.35e-05
1407362528	1.36e-05
1407362589	1.37e-05
1407362649	1.36e-05
1407362710	1.36e-05
1407362770	1.36e-05
1407362831	1.36e-05
1407362891	1.36e-05
1407362952	1.36e-05
1407363012	1.36e-05
1407363073	1.36e-05
1407363133	1.36e-05
1407363194	1.36e-05
1407363254	1.36e-05
1407363315	1.36e-05
1407363375	1.36e-05
1407363435	1.36e-05
1407363496	1.35e-05
1407363556	1.35e-05
1407363617	1.35e-05
1407363677	1.35e-05
1407363738	1.35e-05
1407363798	1.35e-05
1407363859	1.35e-05
1407363919	1.35e-05
1407363980	1.35e-05
1407364040	1.34e-05
1407364101	1.34e-05
1407364161	1.34e-05
1407364222	1.34e-05
1407364282	1.34e-05
1407364342	1.34e-05
1407364403	1.34e-05
1407364463	1.34e-05
1407364524	1.34e-05
1407364584	1.34e-05
1407364645	1.33e-05
1407364705	1.33e-05
1407364766	1.33e-05
1407364826	1.33e-05
1407364887	1.33e-05
1407364947	1.33e-05
1407365007	1.33e-05
1407365068	1.33e-05
1407365128	1.33e-05
1407365189	1.33e-05
1407365249	1.33e-05
1407365310	1.33e-05
1407365370	1.31e-05
1407365431	1.31e-05
1407365491	1.31e-05
1407365552	1.31e-05
1407365612	1.3e-05
1407365673	1.31e-05
1407365733	1.31e-05
1407365794	1.31e-05
1407365854	1.31e-05
1407365915	1.31e-05
1407365975	1.31e-05
1407366036	1.31e-05
1407366096	1.31e-05
1407366157	1.31e-05
1407366217	1.31e-05
1407366278	1.31e-05
1407366338	1.3e-05
1407366399	1.3e-05
1407366459	1.31e-05
1407366519	1.3e-05
1407366580	1.3e-05
1407366640	1.3e-05
1407366701	1.3e-05
1407366761	1.3e-05
1407366822	1.3e-05
1407366882	1.3e-05
1407366943	1.3e-05
1407367003	1.3e-05
1407367064	1.3e-05
1407367124	1.3e-05
1407367185	1.3e-05
1407367245	1.3e-05
1407367306	1.3e-05
1407367366	1.3e-05
1407367427	1.29e-05
1407367487	1.29e-05
1407367548	1.29e-05
1407367608	1.29e-05
1407367668	1.29e-05
1407367729	1.29e-05
1407367789	1.29e-05
1407367850	1.29e-05
1407367910	1.29e-05
1407367971	1.29e-05
1407368031	1.29e-05
1407368092	1.29e-05
1407368152	1.28e-05
1407368213	1.28e-05
1407368273	1.28e-05
1407368334	1.28e-05
1407368394	1.28e-05
1407368455	1.28e-05
1407368515	1.28e-05
1407368576	1.28e-05
1407368636	1.28e-05
1407368697	1.28e-05
1407368757	1.28e-05
1407368818	1.28e-05
1407368878	1.28e-05
1407368938	1.28e-05
1407368999	1.28e-05
1407369059	1.28e-05
1407369120	1.27e-05
1407369180	1.27e-05
1407369241	1.27e-05
1407369301	1.27e-05
1407369362	1.27e-05
1407369422	1.27e-05
1407369483	1.27e-05
1407369543	1.27e-05
1407369604	1.27e-05
1407369664	1.27e-05
1407369725	1.27e-05
1407369785	1.27e-05
1407369846	1.27e-05
1407369906	1.27e-05
1407369966	1.27e-05
1407370027	1.27e-05
1407370087	1.26e-05
1407370148	1.26e-05
1407370208	1.26e-05
1407370269	1.26e-05
1407370329	1.26e-05
1407370390	1.26e-05
1407370450	1.26e-05
1407370511	1.26e-05
1407370571	1.26e-05
1407370632	1.26e-05
1407370692	1.26e-05
1407370753	1.26e-05
1407370813	1.26e-05
1407370874	1.26e-05
1407370934	1.26e-05
1407370994	1.26e-05
1407371055	1.25e-05
1407371115	1.25e-05
1407371176	1.25e-05
1407371236	1.25e-05
1407371297	1.25e-05
1407371357	1.25e-05
1407371418	1.25e-05
1407371478	1.25e-05
1407371539	1.25e-05
1407371599	1.25e-05
1407371660	1.25e-05
1407371720	1.25e-05
1407371781	1.25e-05
1407371841	1.25e-05
1407371902	1.25e-05
1407371962	1.25e-05
1407372022	1.24e-05
1407372083	1.24e-05
1407372143	1.24e-05
1407372204	1.24e-05
1407372264	1.24e-05
1407372325	1.24e-05
1407372385	1.24e-05
1407372446	1.24e-05
1407372506	1.24e-05
1407372567	1.24e-05
1407372627	1.24e-05
1407372687	1.24e-05
1407372748	1.24e-05
1407372808	1.24e-05
1407372869	1.24e-05
1407372929	1.24e-05
1407372990	1.23e-05
1407373050	1.23e-05
1407373111	1.23e-05
1407373171	1.23e-05
1407373232	1.23e-05
1407373292	1.23e-05
1407373353	1.23e-05
1407373413	1.23e-05
1407373474	1.23e-05
1407373534	1.23e-05
1407373594	1.23e-05
1407373655	1.23e-05
1407373715	1.23e-05
1407373776	1.23e-05
1407373836	1.23e-05
1407373897	1.23e-05
1407373957	1.22e-05
1407374018	1.22e-05
1407374078	1.22e-05
1407374139	1.22e-05
1407374199	1.22e-05
1407374260	1.22e-05
1407374320	1.22e-05
1407374381	1.22e-05
1407374441	1.22e-05
1407374502	1.22e-05
1407374562	1.22e-05
1407374623	1.22e-05
1407374683	1.22e-05
1407374744	1.22e-05
1407374804	1.22e-05
1407374865	1.22e-05
1407374925	1.21e-05
1407374986	1.21e-05
1407375046	1.21e-05
1407375107	1.21e-05
1407375167	1.21e-05
1407375228	1.21e-05
1407375288	1.21e-05
1407375349	1.21e-05
1407375409	1.21e-05
1407375470	1.21e-05
1407375530	1.21e-05
1407375591	1.21e-05
1407375651	1.21e-05
1407375711	1.21e-05
1407375772	1.21e-05
1407375832	1.21e-05
1407375893	1.2e-05
1407375953	1.2e-05
1407376014	1.2e-05
1407376074	1.2e-05
1407376135	1.2e-05
1407376195	1.2e-05
1407376256	1.2e-05
1407376316	1.2e-05
1407376377	1.2e-05
1407376437	1.2e-05
1407376498	1.2e-05
1407376558	1.2e-05
1407376619	1.2e-05
1407376679	1.19e-05
1407376740	1.19e-05
1407376800	1.19e-05
1407376861	1.19e-05
1407376921	1.19e-05
1407376982	1.19e-05
1407377042	1.19e-05
1407377103	1.19e-05
1407377163	1.19e-05
1407377224	1.19e-05
1407377284	1.19e-05
1407377344	1.19e-05
1407377405	1.19e-05
1407377465	1.19e-05
1407377526	1.19e-05
1407377586	1.19e-05
1407377647	1.19e-05
1407377707	1.18e-05
1407377768	1.18e-05
1407377828	1.18e-05
1407377889	1.18e-05
1407377949	1.18e-05
1407378010	1.18e-05
1407378070	1.18e-05
1407378131	1.18e-05
1407378191	1.18e-05
1407378252	1.18e-05
1407378312	1.18e-05
1407378373	1.18e-05
1407378433	1.18e-05
1407378493	1.18e-05
1407378554	1.18e-05
1407378614	1.18e-05
1407378675	1.17e-05
1407378735	1.17e-05
1407378796	1.17e-05
1407378856	1.17e-05
1407378917	1.17e-05
1407378977	1.17e-05
1407379038	1.17e-05
1407379098	1.17e-05
1407379159	1.17e-05
1407379219	1.17e-05
1407379280	1.17e-05
1407379340	1.17e-05
1407379400	1.17e-05
1407379461	1.17e-05
1407379521	1.17e-05
1407379582	1.17e-05
1407379642	1.16e-05
1407379703	1.16e-05
1407379763	1.16e-05
1407379824	1.16e-05
1407379884	1.16e-05
1407379945	1.16e-05
1407380005	1.16e-05
1407380066	1.16e-05
1407380126	1.16e-05
1407380186	1.16e-05
1407380247	1.16e-05
1407380307	1.16e-05
1407380368	1.16e-05
1407380428	1.16e-05
1407380489	1.16e-05
1407380549	1.16e-05
1407380610	1.15e-05
1407380670	1.15e-05
1407380731	1.15e-05
1407380791	1.15e-05
1407380851	1.15e-05
1407380912	1.15e-05
1407380972	1.15e-05
1407381033	1.15e-05
1407381093	1.15e-05
1407381154	1.15e-05
1407381214	1.15e-05
1407381275	1.65e-05
1407381335	1.2e-05
1407381396	1.2e-05
1407381456	1.2e-05
1407381517	1.2e-05
1407381577	1.2e-05
1407381638	1.19e-05
1407381698	1.19e-05
1407381758	1.19e-05
1407381819	1.19e-05
1407381879	1.13e-05
1407381940	1.13e-05
1407382000	1.13e-05
1407382061	1.13e-05
1407382121	1.13e-05
1407382182	1.13e-05
1407382242	1.13e-05
1407382303	1.12e-05
1407382363	1.12e-05
1407382424	1.12e-05
1407382484	1.12e-05
1407382544	1.12e-05
1407382605	1.12e-05
1407382665	1.12e-05
1407382726	1.12e-05
1407382786	1.12e-05
1407382847	1.12e-05
1407382907	1.12e-05
1407382968	1.12e-05
1407383028	1.12e-05
1407383089	1.12e-05
1407383149	1.12e-05
1407383209	1.12e-05
1407383270	1.12e-05
1407383330	1.12e-05
1407383391	1.11e-05
1407383451	1.11e-05
1407383512	1.11e-05
1407383572	1.11e-05
1407383633	1.11e-05
1407383693	1.11e-05
1407383754	1.11e-05
1407383814	1.11e-05
1407383875	1.11e-05
1407383935	1.11e-05
1407383996	1.11e-05
1407384056	1.11e-05
1407384117	1.11e-05
1407384177	1.11e-05
1407384238	1.1e-05
1407384298	1.1e-05
1407384358	1.1e-05
1407384419	1.1e-05
1407384479	1.1e-05
1407384540	1.1e-05
1407384600	1.1e-05
1407384661	1.1e-05
1407384721	1.1e-05
1407384782	1.1e-05
1407384842	1.1e-05
1407384903	1.1e-05
1407384963	1.1e-05
1407385024	1.1e-05
1407385084	1.1e-05
1407385145	1.1e-05
1407385205	1.09e-05
1407385266	1.09e-05
1407385326	1.09e-05
1407385387	1.09e-05
1407385447	1.09e-05
1407385508	1.09e-05
1407385568	1.09e-05
1407385629	1.09e-05
1407385689	1.09e-05
1407385749	1.09e-05
1407385810	1.12e-05
1407385870	1.04e-05
1407385931	1.04e-05
1407385991	1.03e-05
1407386052	1.03e-05
1407386112	1.03e-05
1407386173	1.03e-05
1407386233	1.03e-05
1407386294	1.03e-05
1407386354	1.03e-05
1407386415	1.03e-05
1407386475	1.03e-05
1407386536	1.03e-05
1407386596	1.03e-05
1407386656	1.03e-05
1407386717	1.03e-05
1407386777	1.03e-05
1407386838	1.03e-05
1407386898	1.03e-05
1407386959	1.03e-05
1407387019	1.03e-05
1407387080	1.03e-05
1407387140	1.03e-05
1407387201	1.03e-05
1407387261	1.03e-05
1407387322	1.02e-05
1407387382	1.02e-05
1407387443	1.02e-05
1407387503	1.02e-05
1407387563	1.02e-05
1407387624	1.02e-05
1407387684	1.02e-05
1407387745	1.02e-05
1407387805	1.02e-05
1407387866	1.02e-05
1407387926	1.02e-05
1407387987	1.02e-05
1407388047	1.02e-05
1407388108	1.02e-05
1407388168	1.02e-05
1407388229	1.02e-05
1407388289	1.02e-05
1407388350	1.02e-05
1407388410	1.02e-05
1407388471	1.01e-05
1407388531	1.01e-05
1407388592	1.01e-05
1407388652	1.01e-05
1407388712	1.01e-05
1407388773	1.01e-05
1407388833	1.01e-05
1407388894	1.01e-05
1407388954	1.01e-05
1407389015	1.01e-05
1407389075	1.01e-05
1407389136	1.01e-05
1407389196	1.01e-05
1407389257	1.01e-05
1407389317	1.01e-05
1407389377	1.1e-05
1407389438	1.14e-05
1407389498	1.14e-05
1407389559	1.14e-05
1407389619	1.14e-05
1407389680	1.14e-05
1407389740	1.14e-05
1407389801	1.14e-05
1407389861	1.14e-05
1407389922	1.14e-05
1407389982	1.13e-05
1407390042	1.13e-05
1407390103	1.13e-05
1407390163	1.13e-05
1407390224	1.13e-05
1407390284	1.13e-05
1407390345	1.13e-05
1407390405	1.13e-05
1407390466	1.13e-05
1407390526	1.13e-05
1407390587	1.13e-05
1407390647	1.13e-05
1407390708	1.13e-05
1407390768	1.13e-05
1407390829	1.13e-05
1407390889	1.13e-05
1407390949	1.13e-05
1407391010	1.13e-05
1407391070	1.13e-05
1407391131	1.13e-05
1407391191	1.13e-05
1407391252	1.13e-05
1407391312	1.13e-05
1407391373	1.13e-05
1407391433	1.12e-05
1407391494	1.12e-05
1407391554	1.12e-05
1407391615	1.12e-05
1407391675	1.12e-05
1407391736	1.12e-05
1407391796	1.12e-05
1407391856	1.12e-05
1407391917	1.12e-05
1407391977	1.12e-05
1407392038	1.12e-05
1407392098	1.12e-05
1407392159	1.12e-05
1407392219	1.12e-05
1407392280	1.12e-05
1407392340	1.12e-05
1407392401	1.12e-05
1407392461	1.12e-05
1407392522	1.12e-05
1407392582	1.12e-05
1407392642	1.12e-05
1407392703	1.12e-05
1407392763	1.12e-05
1407392824	1.12e-05
1407392884	1.12e-05
1407392945	1.12e-05
1407393005	1.12e-05
1407393066	1.12e-05
1407393126	1.11e-05
1407393187	1.11e-05
1407393247	1.11e-05
1407393307	1.11e-05
1407393368	1.11e-05
1407393428	1.11e-05
1407393489	1.11e-05
1407393549	1.11e-05
1407393610	1.11e-05
1407393670	1.11e-05
1407393731	1.11e-05
1407393791	1.11e-05
1407393852	1.11e-05
1407393912	1.11e-05
1407393973	1.11e-05
1407394033	1.11e-05
1407394094	1.11e-05
1407394154	1.11e-05
1407394215	1.1e-05
1407394275	1.1e-05
1407394336	1.1e-05
1407394396	1.1e-05
1407394456	1.1e-05
1407394517	1.1e-05
1407394577	1.1e-05
1407394638	1.1e-05
1407394698	1.1e-05
1407394759	1.1e-05
1407394819	1.1e-05
1407394880	1.1e-05
1407394940	1.1e-05
1407395001	1.1e-05
1407395061	1.1e-05
1407395122	1.1e-05
1407395182	1.1e-05
1407395243	1.1e-05
1407395303	1.09e-05
1407395364	1.09e-05
1407395424	1.09e-05
1407395485	1.09e-05
1407395545	1.09e-05
1407395606	1.09e-05
1407395666	1.09e-05
1407395726	1.09e-05
1407395787	1.09e-05
1407395847	1.09e-05
1407395908	1.09e-05
1407395968	1.09e-05
1407396029	1.09e-05
1407396089	1.09e-05
1407396150	1.09e-05
1407396210	1.09e-05
1407396271	1.09e-05
1407396331	1.09e-05
1407396392	1.09e-05
1407396452	1.09e-05
1407396513	1.09e-05
1407396573	1.09e-05
1407396634	1.09e-05
1407396694	1.09e-05
1407396755	1.08e-05
1407396815	1.08e-05
1407396876	1.08e-05
1407396936	1.08e-05
1407396996	1.08e-05
1407397057	1.08e-05
1407397118	1.08e-05
1407397178	1.08e-05
1407397239	1.08e-05
1407397299	1.08e-05
1407397360	1.08e-05
1407397420	1.08e-05
1407397481	1.08e-05
1407397541	1.08e-05
1407397602	1.08e-05
1407397662	1.08e-05
1407397722	1.08e-05
1407397783	1.08e-05
1407397843	1.08e-05
1407397904	1.08e-05
1407397964	1.08e-05
1407398025	1.08e-05
1407398085	1.07e-05
1407398146	1.07e-05
1407398206	1.07e-05
1407398267	1.07e-05
1407398327	1.07e-05
1407398388	1.07e-05
1407398448	1.07e-05
1407398509	1.07e-05
1407398569	1.07e-05
1407398630	1.07e-05
1407398690	1.07e-05
1407398750	1.07e-05
1407398811	1.07e-05
1407398871	1.07e-05
1407398932	1.07e-05
1407398992	1.07e-05
1407399053	1.07e-05
1407399113	1.07e-05
1407399174	1.06e-05
1407399234	1.06e-05
1407399295	1.06e-05
1407399355	1.06e-05
1407399416	1.06e-05
1407399476	1.06e-05
1407399537	1.06e-05
1407399597	1.06e-05
1407399657	1.06e-05
1407399718	1.06e-05
1407399778	1.06e-05
1407399839	1.06e-05
1407399899	1.06e-05
1407399960	1.06e-05
1407400020	1.05e-05
1407400081	1.05e-05
1407400142	1.06e-05
1407400202	1.05e-05
1407400263	1.05e-05
1407400323	1.05e-05
1407400384	1.05e-05
1407400444	1.05e-05
1407400505	1.05e-05
1407400565	1.05e-05
1407400626	1.05e-05
1407400686	1.05e-05
1407400747	1.05e-05
1407400807	1.05e-05
1407400868	1.05e-05
1407400928	1.05e-05
1407400989	1.05e-05
1407401049	1.05e-05
1407401110	1.05e-05
1407401170	1.05e-05
1407401231	1.05e-05
1407401291	1.05e-05
1407401352	1.04e-05
1407401412	1.04e-05
1407401473	1.04e-05
1407401533	1.04e-05
1407401594	1.04e-05
1407401654	1.04e-05
1407401714	1.04e-05
1407401775	1.04e-05
1407401835	1.04e-05
1407401896	1.04e-05
1407401956	1.04e-05
1407402017	1.04e-05
1407402077	1.04e-05
1407402138	1.04e-05
1407402198	1.03e-05
1407402258	1.03e-05
1407402319	1.03e-05
1407402379	1.03e-05
1407402440	1.03e-05
1407402500	1.03e-05
1407402561	1.03e-05
1407402621	1.03e-05
1407402682	1.03e-05
1407402742	1.03e-05
1407402803	1.03e-05
1407402863	1.03e-05
1407402923	1.03e-05
1407402984	1.03e-05
1407403044	1.03e-05
1407403105	1.03e-05
1407403165	1.03e-05
1407403226	1.03e-05
1407403286	1.03e-05
1407403347	1.03e-05
1407403407	1.03e-05
1407403468	1.02e-05
1407403528	1.02e-05
1407403589	1.02e-05
1407403649	1.02e-05
1407403710	1.02e-05
1407403770	1.02e-05
1407403831	1.02e-05
1407403891	1.02e-05
1407403952	1.02e-05
1407404012	1.02e-05
1407404073	1.02e-05
1407404133	1.02e-05
1407404194	1.02e-05
1407404254	1.02e-05
1407404315	1.02e-05
1407404375	1.02e-05
1407404436	1.02e-05
1407404496	1.02e-05
1407404557	1.02e-05
1407404617	1.02e-05
1407404678	1.02e-05
1407404738	1.02e-05
1407404799	1.01e-05
1407404859	1.01e-05
1407404920	1.01e-05
1407404980	1.01e-05
1407405041	1.01e-05
1407405101	1.01e-05
1407405162	1.01e-05
1407405222	1.01e-05
1407405283	1.01e-05
1407405343	1.01e-05
1407405404	1.01e-05
1407405464	1.01e-05
1407405525	1.01e-05
1407405585	1.01e-05
1407405646	1.01e-05
1407405706	1.01e-05
1407405767	1.01e-05
1407405827	1.01e-05
1407405888	1.01e-05
1407405948	1.01e-05
1407406009	1e-05
1407406069	1e-05
1407406130	1e-05
1407406190	1e-05
1407406251	1e-05
1407406311	1e-05
1407406372	1e-05
1407406432	1e-05
1407406493	1e-05
1407406553	1e-05
1407406614	1e-05
1407406674	1e-05
1407406734	1e-05
1407406795	1e-05
1407406855	9.99e-06
1407406916	9.99e-06
1407406976	9.98e-06
1407407037	9.98e-06
1407407097	9.98e-06
1407407158	9.97e-06
1407407218	9.97e-06
1407407279	9.96e-06
1407407339	9.96e-06
1407407400	9.96e-06
1407407460	9.95e-06
1407407521	9.94e-06
1407407581	9.94e-06
1407407642	9.94e-06
1407407702	9.93e-06
1407407762	9.93e-06
1407407823	9.92e-06
1407407883	9.92e-06
1407407944	9.92e-06
1407408004	9.91e-06
1407408065	9.91e-06
1407408125	9.9e-06
1407408186	9.9e-06
1407408246	9.89e-06
1407408307	9.89e-06
1407408367	9.89e-06
1407408428	9.88e-06
1407408488	9.88e-06
1407408549	9.87e-06
1407408609	9.87e-06
1407408670	9.87e-06
1407408730	9.86e-06
1407408791	9.86e-06
1407408851	9.86e-06
1407408912	9.85e-06
1407408972	9.84e-06
1407409032	9.84e-06
1407409093	9.84e-06
1407409153	9.83e-06
1407409214	9.83e-06
1407409274	9.82e-06
1407409335	9.82e-06
1407409395	9.82e-06
1407409456	9.81e-06
1407409516	9.81e-06
1407409577	9.8e-06
1407409637	9.8e-06
1407409698	9.79e-06
1407409758	9.79e-06
1407409819	9.78e-06
1407409879	9.78e-06
1407409940	9.78e-06
1407410000	9.77e-06
1407410061	9.77e-06
1407410121	9.77e-06
1407410182	9.76e-06
1407410242	9.76e-06
1407410303	9.75e-06
1407410363	9.75e-06
1407410424	9.75e-06
1407410484	9.74e-06
1407410545	9.74e-06
1407410605	9.73e-06
1407410666	9.73e-06
1407410726	9.72e-06
1407410787	9.72e-06
1407410847	9.72e-06
1407410908	9.72e-06
1407410968	9.71e-06
1407411029	9.71e-06
1407411089	9.7e-06
1407411150	9.69e-06
1407411210	9.69e-06
1407411270	9.69e-06
1407411331	9.69e-06
1407411391	9.68e-06
1407411452	9.68e-06
1407411512	9.67e-06
1407411573	9.67e-06
1407411633	9.67e-06
1407411694	9.67e-06
1407411754	9.66e-06
1407411815	9.65e-06
1407411875	9.65e-06
1407411936	9.65e-06
1407411996	9.64e-06
1407412057	9.64e-06
1407412117	9.64e-06
1407412178	9.63e-06
1407412238	9.63e-06
1407412299	9.62e-06
1407412359	9.62e-06
1407412420	9.62e-06
1407412480	9.62e-06
1407412541	9.61e-06
1407412601	9.6e-06
1407412662	9.6e-06
1407412722	9.6e-06
1407412783	9.59e-06
1407412843	9.59e-06
1407412904	9.59e-06
1407412964	9.58e-06
1407413025	9.58e-06
1407413085	9.57e-06
1407413146	9.57e-06
1407413206	9.57e-06
1407413267	9.56e-06
1407413327	9.56e-06
1407413387	9.56e-06
1407413448	9.55e-06
1407413508	9.55e-06
1407413569	9.55e-06
1407413629	9.55e-06
1407413690	9.54e-06
1407413750	9.53e-06
1407413811	9.53e-06
1407413871	9.53e-06
1407413932	9.53e-06
1407413992	9.52e-06
1407414052	9.52e-06
1407414113	9.52e-06
1407414173	9.51e-06
1407414234	9.5e-06
1407414294	9.5e-06
1407414355	9.5e-06
1407414415	9.49e-06
1407414476	9.49e-06
1407414536	9.49e-06
1407414597	9.48e-06
1407414657	9.48e-06
1407414718	9.48e-06
1407414778	9.47e-06
1407414839	9.47e-06
1407414899	9.47e-06
1407414960	9.47e-06
1407415020	9.46e-06
1407415081	9.46e-06
1407415141	9.46e-06
1407415202	9.45e-06
1407415262	9.45e-06
1407415323	9.45e-06
1407415383	9.44e-06
1407415444	9.44e-06
1407415504	9.44e-06
1407415565	9.43e-06
1407415625	9.43e-06
1407415686	9.43e-06
1407415746	9.42e-06
1407415806	9.42e-06
1407415867	9.42e-06
1407415927	9.41e-06
1407415988	9.41e-06
1407416048	9.41e-06
1407416109	9.41e-06
1407416169	9.4e-06
1407416230	9.4e-06
1407416290	9.4e-06
1407416351	9.4e-06
1407416411	9.39e-06
1407416471	9.39e-06
1407416532	9.39e-06
1407416592	9.38e-06
1407416653	9.38e-06
1407416713	9.38e-06
1407416774	9.37e-06
1407416834	9.37e-06
1407416895	9.37e-06
1407416955	9.37e-06
1407417016	9.36e-06
1407417076	9.36e-06
1407417137	9.36e-06
1407417197	9.36e-06
1407417258	9.35e-06
1407417318	9.35e-06
1407417379	9.35e-06
1407417439	9.34e-06
1407417500	9.34e-06
1407417560	9.34e-06
1407417621	9.33e-06
1407417681	9.33e-06
1407417742	9.33e-06
1407417802	9.33e-06
1407417862	9.32e-06
1407417923	9.32e-06
1407417983	9.32e-06
1407418044	9.31e-06
1407418104	9.31e-06
1407418165	9.31e-06
1407418225	9.32e-06
1407418286	9.32e-06
1407418346	9.33e-06
1407418407	6.97e-05
1407418467	8.34e-05
1407447655	9.41e-06
1407447716	9.41e-06
1407447776	9.42e-06
1407447837	9.42e-06
1407447897	9.42e-06
1407447958	9.42e-06
1407448018	9.41e-06
1407448079	9.41e-06
1407448139	9.41e-06
1407448200	9.41e-06
1407448260	9.4e-06
1407448321	9.4e-06
1407448381	9.4e-06
1407448441	9.39e-06
1407448502	9.4e-06
1407448562	9.4e-06
1407448623	9.39e-06
1407448683	9.39e-06
1407448744	9.39e-06
1407448804	9.39e-06
1407448865	9.39e-06
1407448925	9.38e-06
1407448986	9.38e-06
1407449046	9.39e-06
1407449107	9.38e-06
1407449167	9.37e-06
1407449228	9.37e-06
1407449288	9.36e-06
1407449349	9.37e-06
1407449409	9.36e-06
1407449470	9.36e-06
1407449530	9.36e-06
1407449591	9.36e-06
1407449651	9.35e-06
1407449712	9.35e-06
1407449772	9.36e-06
1407449833	9.35e-06
1407449893	9.35e-06
1407449953	9.35e-06
1407450014	9.34e-06
1407450074	9.34e-06
1407450135	9.34e-06
1407450195	9.34e-06
1407450256	9.34e-06
1407450316	9.33e-06
1407450377	9.33e-06
1407450437	9.33e-06
1407450498	9.33e-06
1407450558	9.33e-06
1407450618	9.32e-06
1407450679	9.32e-06
1407450739	9.32e-06
1407450800	9.32e-06
1407450860	4.39e-05
1407450921	6.5e-05
1407450981	6.76e-05
1407451042	6.81e-05
1407451102	6.82e-05
1407451163	6.82e-05
1407451223	6.83e-05
1407451284	6.84e-05
1407451344	6.84e-05
1407451405	6.85e-05
1407452414	0.0
1407452474	9.94e-06
1407452534	9.74e-06
1407452595	9.66e-06
1407452656	9.62e-06
1407452716	9.59e-06
1407452777	9.58e-06
1407452837	9.58e-06
1407452898	9.57e-06
1407452958	9.57e-06
1407453019	9.57e-06
1407453079	9.58e-06
1407453140	9.58e-06
1407453200	9.58e-06
1407453261	9.58e-06
1407453321	9.58e-06
1407453381	9.57e-06
1407453442	9.57e-06
1407453502	9.57e-06
1407453563	9.57e-06
1407453623	9.56e-06
1407453684	9.56e-06
1407453744	9.56e-06
1407453805	9.55e-06
1407453865	9.55e-06
1407453926	9.54e-06
1407453987	9.54e-06
1407454047	9.54e-06
1407454107	9.53e-06
1407454168	9.53e-06
1407454228	9.52e-06
1407454289	9.52e-06
1407454349	9.52e-06
1407454410	9.51e-06
1407454470	9.51e-06
1407454531	9.5e-06
1407454591	9.5e-06
1407454652	9.5e-06
1407454712	9.49e-06
1407454773	9.49e-06
1407454833	9.49e-06
1407454894	9.49e-06
1407454954	9.48e-06
1407455015	9.48e-06
1407455075	9.47e-06
1407455136	9.47e-06
1407455196	9.47e-06
1407455257	9.46e-06
1407455317	9.46e-06
1407455378	9.46e-06
1407455438	9.45e-06
1407455498	9.45e-06
1407455559	9.45e-06
1407455619	9.44e-06
1407455680	9.44e-06
1407455740	9.44e-06
1407455801	9.43e-06
1407455862	9.43e-06
1407455922	9.43e-06
1407455982	9.42e-06
1407456043	9.42e-06
1407456103	9.42e-06
1407456164	9.41e-06
1407456224	9.41e-06
1407456285	9.41e-06
1407456345	9.41e-06
1407456406	9.4e-06
1407456466	9.4e-06
1407456527	9.4e-06
1407456587	9.39e-06
1407456648	9.39e-06
1407456708	9.39e-06
1407456769	9.39e-06
1407456829	9.38e-06
1407456890	9.38e-06
1407456950	9.37e-06
1407457011	9.37e-06
1407457071	9.37e-06
1407457132	9.36e-06
1407457192	9.36e-06
1407457252	9.36e-06
1407457313	9.35e-06
1407457373	9.35e-06
1407457434	9.35e-06
1407457494	9.34e-06
1407457555	9.34e-06
1407457615	9.34e-06
1407457676	9.34e-06
1407457736	9.33e-06
1407457797	9.33e-06
1407457857	9.33e-06
1407457918	9.32e-06
1407457978	9.32e-06
1407458039	9.32e-06
1407458099	9.31e-06
1407458160	9.31e-06
1407458220	9.31e-06
1407458281	9.31e-06
1407458341	9.3e-06
1407458402	9.3e-06
1407458462	9.29e-06
1407458523	9.29e-06
1407458583	9.29e-06
1407458644	9.29e-06
1407458704	9.29e-06
1407458765	9.28e-06
1407458825	9.28e-06
1407458886	9.28e-06
1407458946	9.27e-06
1407459007	9.27e-06
1407459067	9.27e-06
1407459127	9.26e-06
1407459188	9.26e-06
1407459248	9.26e-06
1407459309	9.25e-06
1407459369	9.25e-06
1407459430	9.25e-06
1407459490	9.25e-06
1407459551	9.24e-06
1407459611	9.24e-06
1407459672	9.24e-06
1407459732	9.24e-06
1407459793	9.23e-06
1407459853	9.23e-06
1407459914	9.22e-06
1407459974	9.22e-06
1407460035	9.22e-06
1407460095	9.22e-06
1407460155	9.22e-06
1407460216	9.22e-06
1407460276	9.21e-06
1407460337	9.21e-06
1407460397	9.21e-06
1407460458	9.2e-06
1407460518	9.2e-06
1407460579	9.2e-06
1407460639	9.2e-06
1407460700	9.19e-06
1407460760	9.19e-06
1407460821	9.19e-06
1407460881	9.19e-06
1407460942	9.18e-06
1407461002	9.18e-06
1407461063	9.18e-06
1407461123	9.18e-06
1407461184	9.17e-06
1407461244	9.17e-06
1407461305	9.17e-06
1407461365	9.17e-06
1407461426	9.17e-06
1407461486	9.16e-06
1407461546	9.16e-06
1407461607	9.16e-06
1407461667	9.16e-06
1407461728	9.15e-06
1407461788	9.15e-06
1407461849	9.15e-06
1407461909	9.15e-06
1407461970	9.14e-06
1407462030	9.14e-06
1407462091	9.14e-06
1407462151	9.13e-06
1407462212	9.13e-06
1407462272	9.13e-06
1407462333	9.13e-06
1407462393	9.13e-06
1407462454	9.13e-06
1407462514	9.12e-06
1407462575	9.12e-06
1407462635	9.12e-06
1407462696	9.11e-06
1407462756	9.11e-06
1407462817	9.11e-06
1407462877	9.11e-06
1407462938	9.11e-06
1407462998	9.1e-06
1407463059	9.1e-06
1407463119	9.1e-06
1407463180	9.1e-06
1407463240	9.09e-06
1407463301	9.09e-06
1407463361	9.09e-06
1407463422	9.08e-06
1407463482	9.08e-06
1407463543	9.08e-06
1407463603	9.08e-06
1407463664	9.07e-06
1407463724	9.07e-06
1407463785	9.07e-06
1407463845	9.06e-06
1407463906	9.06e-06
1407463966	9.06e-06
1407464027	9.06e-06
1407464087	9.06e-06
1407464147	9.05e-06
1407464208	9.05e-06
1407464268	9.05e-06
1407464329	9.05e-06
1407464389	9.04e-06
1407464450	9.04e-06
1407464510	9.04e-06
1407464571	9.04e-06
1407464631	9.03e-06
1407464692	9.03e-06
1407464752	9.03e-06
1407464813	9.03e-06
1407464873	9.02e-06
1407464934	9.02e-06
1407464994	9.02e-06
1407465054	9.02e-06
1407465115	9.01e-06
1407465175	9.01e-06
1407465236	9.01e-06
1407465296	9.01e-06
1407465357	9.01e-06
1407465417	9e-06
1407465478	9e-06
1407465538	9e-06
1407465599	8.98e-06
1407465659	8.97e-06
1407465720	8.97e-06
1407465780	8.96e-06
1407465841	8.96e-06
1407465901	8.96e-06
1407465962	8.95e-06
1407466022	8.95e-06
1407466083	8.95e-06
1407466143	8.95e-06
1407466203	8.94e-06
1407466264	8.94e-06
1407466324	8.94e-06
1407466385	8.93e-06
1407466445	8.93e-06
1407466506	8.93e-06
1407466566	8.92e-06
1407466627	8.92e-06
1407466687	8.92e-06
1407466748	8.92e-06
1407466808	8.91e-06
1407466869	8.91e-06
1407466929	8.91e-06
1407466990	8.9e-06
1407467050	8.9e-06
1407467111	8.9e-06
1407467171	8.9e-06
1407467232	8.89e-06
1407467292	8.89e-06
1407467353	8.89e-06
1407467413	8.89e-06
1407467474	8.88e-06
1407467534	8.88e-06
1407467595	8.88e-06
1407467655	8.87e-06
1407467716	8.87e-06
1407467776	8.87e-06
1407467836	8.86e-06
1407467897	8.86e-06
1407467957	8.86e-06
1407468018	8.86e-06
1407468078	8.85e-06
1407468139	8.85e-06
1407468199	8.85e-06
1407468260	8.85e-06
1407468320	8.84e-06
1407468380	8.84e-06
1407468441	8.84e-06
1407468502	8.84e-06
1407468562	8.83e-06
1407468623	8.83e-06
1407468683	8.83e-06
1407468743	8.83e-06
1407468804	8.82e-06
1407468864	8.82e-06
1407468925	8.82e-06
1407468985	8.82e-06
1407469046	8.81e-06
1407469106	8.81e-06
1407469167	8.81e-06
1407469227	8.8e-06
1407469288	8.8e-06
1407469348	8.8e-06
1407469409	8.8e-06
1407469469	8.79e-06
1407469529	8.79e-06
1407469590	8.79e-06
1407469650	8.79e-06
1407469711	8.78e-06
1407469771	8.78e-06
1407469832	8.78e-06
1407469892	8.78e-06
1407469953	8.76e-06
1407470013	8.75e-06
1407470074	8.75e-06
1407470134	8.74e-06
1407470195	8.75e-06
1407470255	8.74e-06
1407470315	8.73e-06
1407470376	8.73e-06
1407470436	8.73e-06
1407470497	8.73e-06
1407470557	8.72e-06
1407470618	8.72e-06
1407470678	8.72e-06
1407470739	8.72e-06
1407470799	8.71e-06
1407470860	8.71e-06
1407470920	8.71e-06
1407470981	8.7e-06
1407471041	8.7e-06
1407471102	8.7e-06
1407471162	8.7e-06
1407471223	8.69e-06
1407471283	8.69e-06
1407471344	8.69e-06
1407471404	8.68e-06
1407471464	8.68e-06
1407471525	8.68e-06
1407471585	8.68e-06
1407471646	8.67e-06
1407471706	8.67e-06
1407471767	8.67e-06
1407471827	8.66e-06
1407471888	8.66e-06
1407471948	8.66e-06
1407472009	8.66e-06
1407472069	8.65e-06
1407472130	8.65e-06
1407472190	8.65e-06
1407472251	8.64e-06
1407472311	8.64e-06
1407472372	8.64e-06
1407472432	8.63e-06
1407472493	8.63e-06
1407472553	8.63e-06
1407472614	8.62e-06
1407472674	8.62e-06
1407472735	8.61e-06
1407472795	8.61e-06
1407472855	8.61e-06
1407472916	8.6e-06
1407472977	8.6e-06
1407473037	8.6e-06
1407473098	8.59e-06
1407473158	8.59e-06
1407473219	8.59e-06
1407473279	8.59e-06
1407473340	8.58e-06
1407473400	8.58e-06
1407473461	8.58e-06
1407473521	8.57e-06
1407473582	8.57e-06
1407473642	8.57e-06
1407473703	8.56e-06
1407473763	8.56e-06
1407473823	8.56e-06
1407473884	8.56e-06
1407473944	8.55e-06
1407474005	8.55e-06
1407474065	8.55e-06
1407474126	8.54e-06
1407474186	8.32e-06
1407474247	8.31e-06
1407474307	8.3e-06
1407474368	8.3e-06
1407474428	8.29e-06
1407474489	8.29e-06
1407474549	8.28e-06
1407474610	8.27e-06
1407474670	8.27e-06
1407474731	8.26e-06
1407474791	8.26e-06
1407474852	8.25e-06
1407474912	8.25e-06
1407474973	8.25e-06
1407475033	8.24e-06
1407475094	8.24e-06
1407475154	8.23e-06
1407475215	8.23e-06
1407475275	8.23e-06
1407475335	8.22e-06
1407475396	8.22e-06
1407475456	8.22e-06
1407475517	8.21e-06
1407475577	8.21e-06
1407475638	8.2e-06
1407475698	8.2e-06
1407475759	8.2e-06
1407475819	8.2e-06
1407475880	8.19e-06
1407475940	8.19e-06
1407476001	8.19e-06
1407476061	8.19e-06
1407476122	8.18e-06
1407476182	8.18e-06
1407476243	8.17e-06
1407476303	8.17e-06
1407476364	8.17e-06
1407476424	8.17e-06
1407476484	8.16e-06
1407476545	8.16e-06
1407476605	8.16e-06
1407476666	8.15e-06
1407476726	8.15e-06
1407476787	8.15e-06
1407476847	8.15e-06
1407476908	8.14e-06
1407476968	8.14e-06
1407477029	8.14e-06
1407477089	8.13e-06
1407477150	8.13e-06
1407477210	8.13e-06
1407477271	8.12e-06
1407477331	8.12e-06
1407477392	8.12e-06
1407477452	8.11e-06
1407477513	8.11e-06
1407477573	8.11e-06
1407477634	8.1e-06
1407477694	8.1e-06
1407477755	8.1e-06
1407477815	8.1e-06
1407477876	7.61e-06
1407477936	7.57e-06
1407477997	7.57e-06
1407478057	7.57e-06
1407478118	7.57e-06
1407478178	7.57e-06
1407478238	7.51e-06
1407478299	7.51e-06
1407478359	7.51e-06
1407478420	7.51e-06
1407478480	7.51e-06
1407478541	7.51e-06
1407478601	7.5e-06
1407478662	7.5e-06
1407478722	7.5e-06
1407478783	7.5e-06
1407478843	7.49e-06
1407478904	7.49e-06
1407478964	7.49e-06
1407479025	7.49e-06
1407479085	7.54e-06
1407479146	7.53e-06
1407479206	7.53e-06
1407479267	7.52e-06
1407479327	7.52e-06
1407479388	7.52e-06
1407479448	7.51e-06
1407479509	7.51e-06
1407479569	7.51e-06
1407479630	7.51e-06
1407479690	7.5e-06
1407479751	7.5e-06
1407479811	7.5e-06
1407479872	7.49e-06
1407479932	7.5e-06
1407479992	7.72e-06
1407480053	7.5e-06
1407480113	7.49e-06
1407480174	7.49e-06
1407480234	7.49e-06
1407480295	7.49e-06
1407480355	7.49e-06
1407480416	7.49e-06
1407480476	7.48e-06
1407480537	7.46e-06
1407480597	7.42e-06
1407480658	7.38e-06
1407480718	7.34e-06
1407480778	7.29e-06
1407480839	7.25e-06
1407480899	7.22e-06
1407480960	7.19e-06
1407481020	7.18e-06
1407481081	7.16e-06
1407481141	7.15e-06
1407481202	7.15e-06
1407481262	7.15e-06
1407481323	7.15e-06
1407481383	7.15e-06
1407481444	7.14e-06
1407481504	7.14e-06
1407481564	7.14e-06
1407481625	7.14e-06
1407481685	7.13e-06
1407481746	7.13e-06
1407481806	7.13e-06
1407481867	7.13e-06
1407481927	7.12e-06
1407481988	7.12e-06
1407482048	7.12e-06
1407482109	7.11e-06
1407482169	7.11e-06
1407482230	7.11e-06
1407482290	7.11e-06
1407482351	7.1e-06
1407482411	7.1e-06
1407482472	7.1e-06
1407482532	7.1e-06
1407482593	7.1e-06
1407482653	7.09e-06
1407482714	7.09e-06
1407482774	7.09e-06
1407482835	7.08e-06
1407482895	7.08e-06
1407482956	7.08e-06
1407483016	7.07e-06
1407483077	7.07e-06
1407483137	7.07e-06
1407483198	7.06e-06
1407483258	7.05e-06
1407483318	7.04e-06
1407483379	7.04e-06
1407483439	7.04e-06
1407483500	7.03e-06
1407483560	7.03e-06
1407483621	7.02e-06
1407483681	7.02e-06
1407483742	7.02e-06
1407483802	7.02e-06
1407483863	7.01e-06
1407483923	6.88e-06
1407483984	6.79e-06
1407484044	6.78e-06
1407484105	6.78e-06
1407484165	6.77e-06
1407484226	6.77e-06
1407484286	6.76e-06
1407484346	6.76e-06
1407484407	6.76e-06
1407484467	6.79e-06
1407484528	6.76e-06
1407484588	6.74e-06
1407484649	6.75e-06
1407484709	6.74e-06
1407484770	6.73e-06
1407484831	6.74e-06
1407484891	6.76e-06
1407484951	6.78e-06
1407485012	6.74e-06
1407485072	6.75e-06
1407485133	6.74e-06
1407485193	6.75e-06
1407485254	6.75e-06
1407485314	6.77e-06
1407485375	6.77e-06
1407485435	6.76e-06
1407485496	6.75e-06
1407485556	6.75e-06
1407485617	6.75e-06
1407485677	6.75e-06
1407485738	6.76e-06
1407485798	6.76e-06
1407485859	6.76e-06
1407485919	6.76e-06
1407485980	6.77e-06
1407486040	6.77e-06
1407486101	6.76e-06
1407486161	6.76e-06
1407486221	6.75e-06
1407486282	6.75e-06
1407486342	6.74e-06
1407486403	6.74e-06
1407486463	6.71e-06
1407486524	6.72e-06
1407486584	6.7e-06
1407486645	6.7e-06
1407486705	6.7e-06
1407486766	6.7e-06
1407486826	6.69e-06
1407486887	6.7e-06
1407486947	6.69e-06
1407487008	6.69e-06
1407487068	6.69e-06
1407487128	6.69e-06
1407487189	6.68e-06
1407487249	6.67e-06
1407487310	6.67e-06
1407487370	6.67e-06
1407487431	6.66e-06
1407487491	6.66e-06
1407487552	6.66e-06
1407487612	6.65e-06
1407487673	6.65e-06
1407487733	6.65e-06
1407487794	6.65e-06
1407487854	6.64e-06
1407487915	6.64e-06
1407487975	6.64e-06
1407488036	6.64e-06
1407488096	6.64e-06
1407488156	6.63e-06
1407488217	6.64e-06
1407488277	6.63e-06
1407488338	6.64e-06
1407488398	6.64e-06
1407488459	6.63e-06
1407488519	6.62e-06
1407488580	6.63e-06
1407488640	6.65e-06
1407488701	6.66e-06
1407488761	6.63e-06
1407488821	6.63e-06
1407488882	6.63e-06
1407488942	6.62e-06
1407489003	6.65e-06
1407489063	6.66e-06
1407489124	6.64e-06
1407489184	6.64e-06
1407489245	6.64e-06
1407489305	6.64e-06
1407489366	6.64e-06
1407489426	6.62e-06
1407489486	6.61e-06
1407489547	6.61e-06
1407489608	6.61e-06
1407489668	6.61e-06
1407489728	6.6e-06
1407489789	6.6e-06
1407489849	6.6e-06
1407489910	6.6e-06
1407489970	6.6e-06
1407490031	6.6e-06
1407490091	6.61e-06
1407490152	6.61e-06
1407490213	6.6e-06
1407490273	6.6e-06
1407490334	6.6e-06
1407490394	6.6e-06
1407490455	6.61e-06
1407490515	6.6e-06
1407490576	6.59e-06
1407490636	6.58e-06
1407490697	6.58e-06
1407490757	6.58e-06
1407490818	6.6e-06
1407490878	6.6e-06
1407490938	6.59e-06
1407490999	6.61e-06
1407491059	6.6e-06
1407491120	6.6e-06
1407491181	6.6e-06
1407491241	6.61e-06
1407491302	6.6e-06
1407491362	6.6e-06
1407491423	6.59e-06
1407491483	6.6e-06
1407491543	6.59e-06
1407491604	6.58e-06
1407491664	6.56e-06
1407491725	6.56e-06
1407491785	6.56e-06
1407491846	6.56e-06
1407491906	6.57e-06
1407491967	6.56e-06
1407492027	6.56e-06
1407492087	6.57e-06
1407492148	6.55e-06
1407492208	6.55e-06
1407492269	6.55e-06
1407492329	6.55e-06
1407492390	6.55e-06
1407492450	6.59e-06
1407492511	6.59e-06
1407492571	6.59e-06
1407492632	6.59e-06
1407492692	6.58e-06
1407492753	6.57e-06
1407492813	6.57e-06
1407492874	6.56e-06
1407492934	6.56e-06
1407492995	6.56e-06
1407493055	6.56e-06
1407493116	6.55e-06
1407493176	6.55e-06
1407493237	6.55e-06
1407493297	6.55e-06
1407493358	6.54e-06
1407493418	6.54e-06
1407493479	6.54e-06
1407493539	6.54e-06
1407493600	6.54e-06
1407493660	6.53e-06
1407493721	6.53e-06
1407493781	6.55e-06
1407493842	6.55e-06
1407502752	6.53e-06
1407502813	6.53e-06
1407502873	6.53e-06
1407502934	6.52e-06
1407502994	6.52e-06
1407503055	6.52e-06
1407503115	2.84e-05
1407503175	5.17e-05
1407503236	5.35e-05
1407503296	5.36e-05
1407503357	5.36e-05
1407503417	5.36e-05
1407503478	5.36e-05
1407503538	5.36e-05
1407504464	0.0
1407504525	7.82e-06
1407504585	7.69e-06
1407504646	7.65e-06
1407504706	7.63e-06
1407504767	7.62e-06
1407504827	7.62e-06
1407504888	7.62e-06
1407504948	7.62e-06
1407505009	7.62e-06
1407505069	7.63e-06
1407505130	7.63e-06
1407505190	7.64e-06
1407505251	7.64e-06
1407505311	7.64e-06
1407505372	7.64e-06
1407505432	7.64e-06
1407505493	7.63e-06
1407505553	7.63e-06
1407505613	7.63e-06
1407505674	7.62e-06
1407505735	7.62e-06
1407505795	7.61e-06
1407505855	7.6e-06
1407505916	7.6e-06
1407505976	7.6e-06
1407506037	7.59e-06
1407506097	7.59e-06
1407506158	7.58e-06
1407506218	7.58e-06
1407506279	7.58e-06
1407506339	7.57e-06
1407506400	7.57e-06
1407506460	7.57e-06
1407506521	7.56e-06
1407506581	7.56e-06
1407506642	7.56e-06
1407506702	7.55e-06
1407506763	7.55e-06
1407506823	7.55e-06
1407506884	7.55e-06
1407506944	7.54e-06
1407507005	7.54e-06
1407507065	7.54e-06
1407507126	7.54e-06
1407507186	7.54e-06
1407507247	7.53e-06
1407507307	7.53e-06
1407507368	7.53e-06
1407507428	7.53e-06
1407507489	7.53e-06
1407507549	7.52e-06
1407507609	7.52e-06
1407507670	7.52e-06
1407507730	7.52e-06
1407507791	7.52e-06
1407507851	7.52e-06
1407507912	7.51e-06
1407507972	7.51e-06
1407508033	7.51e-06
1407508093	7.51e-06
1407508154	7.51e-06
1407508214	7.5e-06
1407508275	7.5e-06
1407508335	7.5e-06
1407508396	7.5e-06
1407508456	7.5e-06
1407508517	7.5e-06
1407508577	7.5e-06
1407508638	7.49e-06
1407508698	7.49e-06
1407508759	7.49e-06
1407508819	7.49e-06
1407508880	7.49e-06
1407508940	7.49e-06
1407509001	7.49e-06
1407509061	7.48e-06
1407509122	7.48e-06
1407509182	7.48e-06
1407509243	7.48e-06
1407509303	7.48e-06
1407509364	7.48e-06
1407509424	7.48e-06
1407509484	7.47e-06
1407509545	7.47e-06
1407509605	7.47e-06
1407509666	7.47e-06
1407509726	7.47e-06
1407509787	7.47e-06
1407509847	7.47e-06
1407509908	7.46e-06
1407509968	7.46e-06
1407510029	7.46e-06
1407510089	7.46e-06
1407510150	7.46e-06
1407510210	7.46e-06
1407510271	7.46e-06
1407510331	7.46e-06
1407510392	7.45e-06
1407510452	7.45e-06
1407510513	7.45e-06
1407510573	7.45e-06
1407510634	7.45e-06
1407510694	7.45e-06
1407510755	7.44e-06
1407510815	7.44e-06
1407510876	7.44e-06
1407510936	7.44e-06
1407510997	7.44e-06
1407511057	7.44e-06
1407511118	7.43e-06
1407511178	7.43e-06
1407511239	7.43e-06
1407511299	7.43e-06
1407511360	7.43e-06
1407511420	7.43e-06
1407511481	7.42e-06
1407511541	7.42e-06
1407511602	7.42e-06
1407511662	7.42e-06
1407511723	7.42e-06
1407511783	7.42e-06
1407511844	7.42e-06
1407511904	7.41e-06
1407511965	7.41e-06
1407512025	7.41e-06
1407512086	7.41e-06
1407512146	7.41e-06
1407512207	7.41e-06
1407512267	7.41e-06
1407512328	7.41e-06
1407512388	7.4e-06
1407512449	7.4e-06
1407512509	7.4e-06
1407512570	7.4e-06
1407512630	7.4e-06
1407512691	7.4e-06
1407512751	7.4e-06
1407512812	7.4e-06
1407512872	7.39e-06
1407512933	7.39e-06
1407512993	7.39e-06
1407513054	7.39e-06
1407513114	7.39e-06
1407513174	7.39e-06
1407513235	7.39e-06
1407513295	7.39e-06
1407513356	7.38e-06
1407513416	7.38e-06
1407513477	7.38e-06
1407513537	7.38e-06
1407513598	7.38e-06
1407513658	7.38e-06
1407513719	7.37e-06
1407513779	7.37e-06
1407513840	7.37e-06
1407513900	7.37e-06
1407513961	7.37e-06
1407514021	7.37e-06
1407514082	7.37e-06
1407514142	7.37e-06
1407514203	7.36e-06
1407514263	7.36e-06
1407514323	7.36e-06
1407514384	7.36e-06
1407514444	7.36e-06
1407514505	7.36e-06
1407514565	7.35e-06
1407514626	7.36e-06
1407514686	7.35e-06
1407514747	7.35e-06
1407514807	7.35e-06
1407514868	7.35e-06
1407514928	7.35e-06
1407514989	7.35e-06
1407515049	7.35e-06
1407515110	7.34e-06
1407515170	7.34e-06
1407515231	7.34e-06
1407515291	7.34e-06
1407515352	7.34e-06
1407515412	7.34e-06
1407515473	7.34e-06
1407515533	7.34e-06
1407515594	7.34e-06
1407515654	7.33e-06
1407515715	7.33e-06
1407515775	7.33e-06
1407515836	7.33e-06
1407515896	7.33e-06
1407515957	7.33e-06
1407516017	7.33e-06
1407516077	7.33e-06
1407516138	7.33e-06
1407516198	7.33e-06
1407516259	7.33e-06
1407516320	7.32e-06
1407516380	7.32e-06
1407516441	7.32e-06
1407516501	7.32e-06
1407516562	7.32e-06
1407516622	7.32e-06
1407516683	7.32e-06
1407516743	7.32e-06
1407516804	7.31e-06
1407516864	7.31e-06
1407516925	7.31e-06
1407516985	7.31e-06
1407517046	7.31e-06
1407517106	7.31e-06
1407517167	7.31e-06
1407517227	7.31e-06
1407517288	7.31e-06
1407517348	7.31e-06
1407517409	7.3e-06
1407517469	7.3e-06
1407517530	7.3e-06
1407517590	7.3e-06
1407517651	7.3e-06
1407517711	7.3e-06
1407517771	7.3e-06
1407517832	7.3e-06
1407517892	7.3e-06
1407517953	7.3e-06
1407518013	7.29e-06
1407518074	7.29e-06
1407518135	7.29e-06
1407518195	7.29e-06
1407518256	7.29e-06
1407518316	7.29e-06
1407518377	7.29e-06
1407518437	7.29e-06
1407518498	7.29e-06
1407518558	7.29e-06
1407518619	7.29e-06
1407518679	7.29e-06
1407518740	7.28e-06
1407518800	7.28e-06
1407518861	7.28e-06
1407518921	7.28e-06
1407518982	7.28e-06
1407519042	7.28e-06
1407519103	7.28e-06
1407519163	7.28e-06
1407519224	7.28e-06
1407519284	7.28e-06
1407519345	7.27e-06
1407519405	7.27e-06
1407519466	7.27e-06
1407519526	7.27e-06
1407519587	7.27e-06
1407519647	7.27e-06
1407519708	7.27e-06
1407519768	7.27e-06
1407519829	7.27e-06
1407519889	7.27e-06
1407519950	7.27e-06
1407520010	7.27e-06
1407520071	7.27e-06
1407520131	7.27e-06
1407520192	7.26e-06
1407520252	7.26e-06
1407520313	7.26e-06
1407520373	7.26e-06
1407520434	7.26e-06
1407520494	7.26e-06
1407520555	7.26e-06
1407520615	7.26e-06
1407520676	7.26e-06
1407520736	7.26e-06
1407520797	7.26e-06
1407520857	7.26e-06
1407520918	7.26e-06
1407520978	7.26e-06
1407521039	7.26e-06
1407521099	7.26e-06
1407521160	7.26e-06
1407521220	7.26e-06
1407521281	7.25e-06
1407521341	7.25e-06
1407521402	7.25e-06
1407521462	7.25e-06
1407521523	7.25e-06
1407521583	7.25e-06
1407521644	7.25e-06
1407521704	7.25e-06
1407521765	7.25e-06
1407521825	7.25e-06
1407521886	7.25e-06
1407521947	7.25e-06
1407522007	7.25e-06
1407522068	7.25e-06
1407522128	7.25e-06
1407522189	7.25e-06
1407522249	7.24e-06
1407522310	7.25e-06
1407522370	7.24e-06
1407522431	7.24e-06
1407522491	7.24e-06
1407522552	7.24e-06
1407522612	7.24e-06
1407522673	7.24e-06
1407522733	7.25e-06
1407522794	7.24e-06
1407522854	7.24e-06
1407522915	7.24e-06
1407522975	7.24e-06
1407523036	7.24e-06
1407523096	7.24e-06
1407523157	7.24e-06
1407523217	7.24e-06
1407523277	7.24e-06
1407523338	7.23e-06
1407523398	7.24e-06
1407523459	7.24e-06
1407523519	7.24e-06
1407523580	7.23e-06
1407523640	7.23e-06
1407523701	7.23e-06
1407523762	7.23e-06
1407523822	7.23e-06
1407523883	7.23e-06
1407523943	7.23e-06
1407524004	7.23e-06
1407524064	7.23e-06
1407524124	7.23e-06
1407524185	7.23e-06
1407524245	7.23e-06
1407524306	7.23e-06
1407524366	7.23e-06
1407524427	7.23e-06
1407524487	7.23e-06
1407524548	7.23e-06
1407524608	7.23e-06
1407524669	7.23e-06
1407524729	7.23e-06
1407524790	7.23e-06
1407524850	7.23e-06
1407524911	7.23e-06
1407524971	7.23e-06
1407525032	7.23e-06
1407525092	7.22e-06
1407525153	7.23e-06
1407525213	7.23e-06
1407525274	7.23e-06
1407525334	7.22e-06
1407525395	7.22e-06
1407525455	7.22e-06
1407525516	7.22e-06
1407525576	7.22e-06
1407525637	7.22e-06
1407525697	7.22e-06
1407525757	7.22e-06
1407525818	7.22e-06
1407525878	7.22e-06
1407525939	7.22e-06
1407525999	7.22e-06
1407526060	7.22e-06
1407526120	7.22e-06
1407526181	7.22e-06
1407526242	7.22e-06
1407526302	7.22e-06
1407526363	7.22e-06
1407526423	7.22e-06
1407526483	7.22e-06
1407526544	7.22e-06
1407526604	7.22e-06
1407526665	7.22e-06
1407526725	7.22e-06
1407526786	7.22e-06
1407526846	7.22e-06
1407526907	7.22e-06
1407526967	7.22e-06
1407527028	7.22e-06
1407527088	7.22e-06
1407527149	7.22e-06
1407527209	7.22e-06
1407527270	7.21e-06
1407527330	7.21e-06
1407527390	7.22e-06
1407527451	7.21e-06
1407527511	7.21e-06
1407527572	7.21e-06
1407527632	7.21e-06
1407527693	7.21e-06
1407527753	7.21e-06
1407527814	7.21e-06
1407527874	7.21e-06
1407527935	7.21e-06
1407527995	7.21e-06
1407528055	7.21e-06
1407528116	7.21e-06
1407528176	7.21e-06
1407528237	7.21e-06
1407528297	7.21e-06
1407528358	7.21e-06
1407528418	7.21e-06
1407528479	7.21e-06
1407528539	7.21e-06
1407528600	7.21e-06
1407528660	7.21e-06
1407528721	7.21e-06
1407528781	7.21e-06
1407528842	7.21e-06
1407528902	7.21e-06
1407528963	7.21e-06
1407529023	7.21e-06
1407529084	7.21e-06
1407529144	7.21e-06
1407529204	7.21e-06
1407529265	7.21e-06
1407529326	7.21e-06
1407529386	7.21e-06
1407529447	7.21e-06
1407529507	7.21e-06
1407529568	7.21e-06
1407529628	7.21e-06
1407529688	7.21e-06
1407529749	7.21e-06
1407529809	7.21e-06
1407529870	7.21e-06
1407529930	7.21e-06
1407529991	7.21e-06
1407530051	7.21e-06
1407530112	7.21e-06
1407530172	7.21e-06
1407530233	7.21e-06
1407530293	7.21e-06
1407530353	7.21e-06
1407530414	7.21e-06
1407530474	7.21e-06
1407530535	7.21e-06
1407530595	7.21e-06
1407530656	7.21e-06
1407530716	7.21e-06
1407530777	7.21e-06
1407530837	7.21e-06
1407530898	7.21e-06
1407530958	7.21e-06
1407531019	7.21e-06
1407531079	7.21e-06
1407531140	7.21e-06
1407531200	7.21e-06
1407531261	7.21e-06
1407531321	7.21e-06
1407531382	7.2e-06
1407531442	7.21e-06
1407531503	7.21e-06
1407531563	7.21e-06
1407531624	7.21e-06
1407531684	7.2e-06
1407531745	7.2e-06
1407531805	7.21e-06
1407531866	7.21e-06
1407531926	7.21e-06
1407531986	7.2e-06
1407532047	7.2e-06
1407532108	7.2e-06
1407532168	7.21e-06
1407532228	7.2e-06
1407532289	7.2e-06
1407532349	7.2e-06
1407532410	7.2e-06
1407532470	7.2e-06
1407532531	7.2e-06
1407532591	7.2e-06
1407532652	7.2e-06
1407532712	7.2e-06
1407532773	7.2e-06
1407532833	7.2e-06
1407532894	7.2e-06
1407532954	7.2e-06
1407533015	7.2e-06
1407533075	7.2e-06
1407533136	7.2e-06
1407533196	7.2e-06
1407533256	7.2e-06
1407533317	7.2e-06
1407533377	7.2e-06
1407533438	7.2e-06
1407533498	7.2e-06
1407533559	7.2e-06
1407533619	7.2e-06
1407533680	7.2e-06
1407533740	7.2e-06
1407533801	7.2e-06
1407533861	7.2e-06
1407533922	7.2e-06
1407533982	7.2e-06
1407534043	7.2e-06
1407534103	7.2e-06
1407534164	7.2e-06
1407534224	7.2e-06
1407534285	7.2e-06
1407534345	7.2e-06
1407534406	7.2e-06
1407534466	7.2e-06
1407534526	7.2e-06
1407534587	7.2e-06
1407534647	7.2e-06
1407534708	7.2e-06
1407534768	7.2e-06
1407534829	2.27e-05
1407534889	5.01e-05
1407534950	5.31e-05
1407535010	5.4e-05
1407535071	5.42e-05
1407535131	5.42e-05
1407535192	5.41e-05
1407536187	0.0
1407536247	7.54e-06
1407536308	7.41e-06
1407536368	7.36e-06
1407536429	7.33e-06
1407536489	7.31e-06
1407536550	7.31e-06
1407536610	7.3e-06
1407536671	7.3e-06
1407536732	7.3e-06
1407536792	7.29e-06
1407536853	7.29e-06
1407536913	7.29e-06
1407536973	7.3e-06
1407537034	7.3e-06
1407537094	7.29e-06
1407537155	7.3e-06
1407537215	7.29e-06
1407537276	7.3e-06
1407537336	7.29e-06
1407537397	7.29e-06
1407537457	7.29e-06
1407537518	7.29e-06
1407537578	7.29e-06
1407537639	7.29e-06
1407537699	7.27e-06
1407537760	7.27e-06
1407537820	7.27e-06
1407537881	7.27e-06
1407537941	7.27e-06
1407538002	7.26e-06
1407538062	7.26e-06
1407538123	7.26e-06
1407538183	7.26e-06
1407538244	7.25e-06
1407538304	7.25e-06
1407538365	7.25e-06
1407538425	7.25e-06
1407538486	7.25e-06
1407538546	7.24e-06
1407538606	7.24e-06
1407538667	7.24e-06
1407538727	7.24e-06
1407538788	7.24e-06
1407538848	7.24e-06
1407538909	7.24e-06
1407538969	7.23e-06
1407539030	7.23e-06
1407539090	7.23e-06
1407539151	7.23e-06
1407539211	7.23e-06
1407539272	7.23e-06
1407539332	7.22e-06
1407539393	7.22e-06
1407539453	7.22e-06
1407539514	7.22e-06
1407539574	7.22e-06
1407539634	7.22e-06
1407539695	7.22e-06
1407539755	7.21e-06
1407539816	7.21e-06
1407539877	7.21e-06
1407539937	7.21e-06
1407539997	7.21e-06
1407540058	7.21e-06
1407540118	7.21e-06
1407540179	7.2e-06
1407540239	7.2e-06
1407540300	7.21e-06
1407540360	7.2e-06
1407540421	7.2e-06
1407540481	7.2e-06
1407540542	7.2e-06
1407540602	7.2e-06
1407540663	7.19e-06
1407540723	7.19e-06
1407540784	7.19e-06
1407540844	7.19e-06
1407540905	7.19e-06
1407540965	7.19e-06
1407541026	7.19e-06
1407541086	7.19e-06
1407541147	7.18e-06
1407541207	7.18e-06
1407541267	7.18e-06
1407541328	7.18e-06
1407541388	7.18e-06
1407541449	7.18e-06
1407541509	7.18e-06
1407541570	7.17e-06
1407541630	7.17e-06
1407541691	7.17e-06
1407541751	7.17e-06
1407541812	7.17e-06
1407541872	7.17e-06
1407541933	7.17e-06
1407541993	7.17e-06
1407542053	7.16e-06
1407542114	7.16e-06
1407542174	7.16e-06
1407542235	7.16e-06
1407542295	7.16e-06
1407542356	7.16e-06
1407542416	7.16e-06
1407542477	7.15e-06
1407542537	7.15e-06
1407542598	7.15e-06
1407542658	7.15e-06
1407542719	7.15e-06
1407542779	7.15e-06
1407542840	6.95e-06
1407542900	6.94e-06
1407542961	6.94e-06
1407543021	6.94e-06
1407543082	6.94e-06
1407543142	6.94e-06
1407543202	6.94e-06
1407543263	6.94e-06
1407543323	6.94e-06
1407543384	6.93e-06
1407543444	6.93e-06
1407543505	6.93e-06
1407543565	6.92e-06
1407543626	6.92e-06
1407543686	6.92e-06
1407543747	6.91e-06
1407543807	6.91e-06
1407543868	6.91e-06
1407543928	6.9e-06
1407543989	6.9e-06
1407544049	6.9e-06
1407544110	6.91e-06
1407544170	6.91e-06
1407544231	6.91e-06
1407544291	6.9e-06
1407544352	6.9e-06
1407544412	6.9e-06
1407544473	6.9e-06
1407544533	6.9e-06
1407544593	6.9e-06
1407544654	6.9e-06
1407544714	6.9e-06
1407544775	6.89e-06
1407544835	6.89e-06
1407544896	6.89e-06
1407544956	6.89e-06
1407545017	6.89e-06
1407545077	6.89e-06
1407545138	6.89e-06
1407545198	6.89e-06
1407545259	6.88e-06
1407545319	6.88e-06
1407545379	6.88e-06
1407545440	6.88e-06
1407545500	6.88e-06
1407545561	6.88e-06
1407545621	6.81e-06
1407545682	6.79e-06
1407545742	6.79e-06
1407545803	6.83e-06
1407545863	6.84e-06
1407545924	6.83e-06
1407545984	6.83e-06
1407546045	6.83e-06
1407546105	6.83e-06
1407546166	6.83e-06
1407546226	6.83e-06
1407546287	6.83e-06
1407546347	6.83e-06
1407546408	6.82e-06
1407546468	6.82e-06
1407546528	6.82e-06
1407546589	6.82e-06
1407546649	6.82e-06
1407546710	6.81e-06
1407546770	6.81e-06
1407546831	6.81e-06
1407546891	6.52e-06
1407546952	6.51e-06
1407547012	6.49e-06
1407547073	6.49e-06
1407547133	6.48e-06
1407547194	6.47e-06
1407547254	6.47e-06
1407547315	6.47e-06
1407547375	6.47e-06
1407547436	6.47e-06
1407547496	6.47e-06
1407547557	6.47e-06
1407547617	6.47e-06
1407547678	6.47e-06
1407547738	6.47e-06
1407547799	6.46e-06
1407547859	6.46e-06
1407547920	6.46e-06
1407547980	6.46e-06
1407548041	6.46e-06
1407548101	6.46e-06
1407548162	6.44e-06
1407548222	6.44e-06
1407548282	6.44e-06
1407548343	6.44e-06
1407548404	6.44e-06
1407548464	6.44e-06
1407548524	6.44e-06
1407548585	6.44e-06
1407548645	6.44e-06
1407548706	6.43e-06
1407548766	7.95e-06
1407548827	6.67e-06
1407548887	6.66e-06
1407548948	6.66e-06
1407549008	6.65e-06
1407549069	6.64e-06
1407549129	6.63e-06
1407549190	6.63e-06
1407549250	6.63e-06
1407549311	6.62e-06
1407549371	6.62e-06
1407549432	6.62e-06
1407549492	6.61e-06
1407549553	6.61e-06
1407549613	6.61e-06
1407549673	6.61e-06
1407549734	6.6e-06
1407549794	6.6e-06
1407549855	6.6e-06
1407549915	6.59e-06
1407549976	6.59e-06
1407550036	6.59e-06
1407550097	6.59e-06
1407550157	6.59e-06
1407550218	6.59e-06
1407550278	6.58e-06
1407550339	6.58e-06
1407550399	6.58e-06
1407550460	6.58e-06
1407550520	6.58e-06
1407550581	6.58e-06
1407550641	6.57e-06
1407550702	6.57e-06
1407550762	6.57e-06
1407550822	6.57e-06
1407550883	6.57e-06
1407550943	6.56e-06
1407551004	6.56e-06
1407551064	6.56e-06
1407551125	6.56e-06
1407551185	6.56e-06
1407551246	6.56e-06
1407551306	6.56e-06
1407551367	6.55e-06
1407551427	6.55e-06
1407551488	6.55e-06
1407551548	6.55e-06
1407551609	6.55e-06
1407551669	6.54e-06
1407551730	6.54e-06
1407551790	6.54e-06
1407551851	6.54e-06
1407551911	6.54e-06
1407551972	6.53e-06
1407552032	6.53e-06
1407552093	6.53e-06
1407552153	6.53e-06
1407552214	6.53e-06
1407552274	6.53e-06
1407552334	6.52e-06
1407552395	6.52e-06
1407552455	6.52e-06
1407552516	6.52e-06
1407552576	6.52e-06
1407552637	6.52e-06
1407552697	6.51e-06
1407552758	6.51e-06
1407552818	6.51e-06
1407552879	6.51e-06
1407552939	6.51e-06
1407553000	6.51e-06
1407553060	6.5e-06
1407553121	6.5e-06
1407553181	6.5e-06
1407553242	6.5e-06
1407553302	6.5e-06
1407553363	6.49e-06
1407553423	6.49e-06
1407553484	6.49e-06
1407553544	6.49e-06
1407553605	6.49e-06
1407553665	6.49e-06
1407553726	6.48e-06
1407553786	6.48e-06
1407553847	6.48e-06
1407553907	6.48e-06
1407553968	6.48e-06
1407554028	6.47e-06
1407554089	6.47e-06
1407554149	6.47e-06
1407554210	6.47e-06
1407554270	6.47e-06
1407554331	6.47e-06
1407554391	6.46e-06
1407554452	6.46e-06
1407554512	6.46e-06
1407554573	6.46e-06
1407554633	6.46e-06
1407554694	6.45e-06
1407554754	6.45e-06
1407554814	6.45e-06
1407554875	6.45e-06
1407554935	6.45e-06
1407554996	6.44e-06
1407555056	6.44e-06
1407555117	6.44e-06
1407555177	6.44e-06
1407555238	6.44e-06
1407555298	6.44e-06
1407555359	6.44e-06
1407555419	6.43e-06
1407555479	6.43e-06
1407555540	6.43e-06
1407555600	6.43e-06
1407555661	6.42e-06
1407555721	6.42e-06
1407555782	6.42e-06
1407555842	6.42e-06
1407555903	6.42e-06
1407555963	6.41e-06
1407556024	6.41e-06
1407556084	6.41e-06
1407556145	6.41e-06
1407556205	6.41e-06
1407556266	6.41e-06
1407556326	6.43e-06
1407556387	6.42e-06
1407556447	6.42e-06
1407556508	6.42e-06
1407556568	6.41e-06
1407556628	6.41e-06
1407556689	6.41e-06
1407556749	6.41e-06
1407556810	6.41e-06
1407556870	6.4e-06
1407556931	6.4e-06
1407556991	6.4e-06
1407557052	6.4e-06
1407557112	6.4e-06
1407557173	6.4e-06
1407557233	6.39e-06
1407557294	6.39e-06
1407557354	6.39e-06
1407557415	6.39e-06
1407557475	6.39e-06
1407557536	6.38e-06
1407557596	6.38e-06
1407557657	6.38e-06
1407557717	6.38e-06
1407557778	6.37e-06
1407557838	6.38e-06
1407557899	6.37e-06
1407557959	6.37e-06
1407558020	6.37e-06
1407558080	6.37e-06
1407558140	6.36e-06
1407558201	6.36e-06
1407558261	6.36e-06
1407558322	6.36e-06
1407558382	6.36e-06
1407558443	6.36e-06
1407558503	6.15e-06
1407558564	6.15e-06
1407558624	6.15e-06
1407558684	6.15e-06
1407558745	6.15e-06
1407558805	6.15e-06
1407558866	6.15e-06
1407558926	6.15e-06
1407558987	6.15e-06
1407559047	6.15e-06
1407559108	6.15e-06
1407559168	6.15e-06
1407559229	6.14e-06
1407559289	6.15e-06
1407559350	6.14e-06
1407559410	6.14e-06
1407559471	6.14e-06
1407559531	6.14e-06
1407559592	6.14e-06
1407559652	6.13e-06
1407559713	6.13e-06
1407559773	6.13e-06
1407559834	6.13e-06
1407559894	6.13e-06
1407559954	6.13e-06
1407560015	6.12e-06
1407560075	6.12e-06
1407560136	6.12e-06
1407560196	6.12e-06
1407560257	6.12e-06
1407560317	6.11e-06
1407560378	6.11e-06
1407560438	6.11e-06
1407560499	6.11e-06
1407560559	6.11e-06
1407560620	6.11e-06
1407560680	6.1e-06
1407560741	6.1e-06
1407560801	6.1e-06
1407560862	6.1e-06
1407560922	6.1e-06
1407560983	6.1e-06
1407561043	6.1e-06
1407561104	6.1e-06
1407561164	6.09e-06
1407561225	6.09e-06
1407561286	6.09e-06
1407561346	6.09e-06
1407561407	6.09e-06
1407561467	6.08e-06
1407561528	6.08e-06
1407561588	6.08e-06
1407561649	6.08e-06
1407561709	6.08e-06
1407561770	6.08e-06
1407561830	6.07e-06
1407561890	6.07e-06
1407561951	6.07e-06
1407562012	6.07e-06
1407562072	6.07e-06
1407562133	6.07e-06
1407562193	6.06e-06
1407562253	6.06e-06
1407562314	6.06e-06
1407562374	6.06e-06
1407562435	6.06e-06
1407562495	6.06e-06
1407562556	6.05e-06
1407562616	6.05e-06
1407562677	6.05e-06
1407562737	6.05e-06
1407562798	6.05e-06
1407562858	6.05e-06
1407562919	6.04e-06
1407562979	6.05e-06
1407563039	6.04e-06
1407563100	6.04e-06
1407563160	6.04e-06
1407563221	6.04e-06
1407563281	6.03e-06
1407563342	6.03e-06
1407563402	6.03e-06
1407563463	6.03e-06
1407563523	6.03e-06
1407563584	6.03e-06
1407563644	6.03e-06
1407563705	6.02e-06
1407563765	6.02e-06
1407563826	6.02e-06
1407563886	6.02e-06
1407563947	6.02e-06
1407564007	6.02e-06
1407564067	6.01e-06
1407564128	6.01e-06
1407564188	6.01e-06
1407564249	6.01e-06
1407564309	6.01e-06
1407564370	6.01e-06
1407564430	6e-06
1407564491	6e-06
1407564551	6e-06
1407564612	6e-06
1407564673	6e-06
1407564733	6e-06
1407564794	5.99e-06
1407564854	5.99e-06
1407564915	5.99e-06
1407564975	5.99e-06
1407565036	5.99e-06
1407565096	5.99e-06
1407565157	5.98e-06
1407565217	5.98e-06
1407565278	5.98e-06
1407565338	5.98e-06
1407565398	5.98e-06
1407565459	5.98e-06
1407565519	5.97e-06
1407565580	5.97e-06
1407565640	5.97e-06
1407565701	5.97e-06
1407565761	5.97e-06
1407565822	5.97e-06
1407565882	5.96e-06
1407565943	5.96e-06
1407566003	5.96e-06
1407566064	5.96e-06
1407566124	5.96e-06
1407566185	5.96e-06
1407566245	5.95e-06
1407566306	5.95e-06
1407566366	5.95e-06
1407566427	5.95e-06
1407566487	5.95e-06
1407566548	5.95e-06
1407566608	5.94e-06
1407566669	5.94e-06
1407566729	5.94e-06
1407566790	5.94e-06
1407566850	5.94e-06
1407566910	5.94e-06
1407566971	5.94e-06
1407567031	5.93e-06
1407567092	6.34e-06
1407567152	6.35e-06
1407567213	6.35e-06
1407567273	6.34e-06
1407567334	6.34e-06
1407567394	6.33e-06
1407567455	6.32e-06
1407567515	6.32e-06
1407567576	6.31e-06
1407567636	6.31e-06
1407567697	6.31e-06
1407567757	6.3e-06
1407567817	6.3e-06
1407567878	6.3e-06
1407567938	6.3e-06
1407567999	6.3e-06
1407568059	6.29e-06
1407568120	6.29e-06
1407568180	6.29e-06
1407568241	6.29e-06
1407568301	6.29e-06
1407568362	6.29e-06
1407568422	6.29e-06
1407568483	6.28e-06
1407568543	6.28e-06
1407568604	6.28e-06
1407568664	6.28e-06
1407568725	6.28e-06
1407568785	6.28e-06
1407568846	6.28e-06
1407568906	6.27e-06
1407568967	6.27e-06
1407569027	6.27e-06
1407569087	6.27e-06
1407569148	6.27e-06
1407569208	6.26e-06
1407569269	6.26e-06
1407569329	6.26e-06
1407569390	6.26e-06
1407569450	6.26e-06
1407569511	6.26e-06
1407569571	6.25e-06
1407569632	6.25e-06
1407569692	6.25e-06
1407569753	6.25e-06
1407569813	6.25e-06
1407569874	6.24e-06
1407569934	6.24e-06
1407569995	6.24e-06
1407570055	6.24e-06
1407570116	6.24e-06
1407570176	6.24e-06
1407570237	6.23e-06
1407570297	6.23e-06
1407570358	6.23e-06
1407570418	6.23e-06
1407570479	6.23e-06
1407570539	6.23e-06
1407570600	6.22e-06
1407570660	6.22e-06
1407570721	6.22e-06
1407570781	6.22e-06
1407570841	6.22e-06
1407570902	6.22e-06
1407570962	6.22e-06
1407571023	6.21e-06
1407571083	6.21e-06
1407571144	6.21e-06
1407571204	6.21e-06
1407571265	6.21e-06
1407571325	6.21e-06
1407571386	6.2e-06
1407571446	6.21e-06
1407571507	6.2e-06
1407571567	6.2e-06
1407571628	6.2e-06
1407571688	6.2e-06
1407571749	6.2e-06
1407571809	6.2e-06
1407571870	6.2e-06
1407571930	6.19e-06
1407571991	6.19e-06
1407572051	6.19e-06
1407572112	6.19e-06
1407572172	6.18e-06
1407572232	6.18e-06
1407572293	6.18e-06
1407572353	6.23e-06
1407572414	6.2e-06
1407572474	6.19e-06
1407572535	6.19e-06
1407572595	6.19e-06
1407572656	6.18e-06
1407572716	6.18e-06
1407572777	6.17e-06
1407572837	6.17e-06
1407572898	6.17e-06
1407572958	6.17e-06
1407573019	6.17e-06
1407573079	6.16e-06
1407573140	6.15e-06
1407573200	6.15e-06
1407573261	6.15e-06
1407573321	6.15e-06
1407573382	6.15e-06
1407573442	6.15e-06
1407573503	6.14e-06
1407573563	6.14e-06
1407573624	6.14e-06
1407573684	6.13e-06
1407573745	6.13e-06
1407573805	6.13e-06
1407573865	6.13e-06
1407573926	6.13e-06
1407573986	6.13e-06
1407574047	6.13e-06
1407574107	6.13e-06
1407574168	6.12e-06
1407574228	6.12e-06
1407574289	6.12e-06
1407574349	6.12e-06
1407574410	6.11e-06
1407574470	6.11e-06
1407574531	6.11e-06
1407574591	6.11e-06
1407574651	6.16e-06
1407574712	6.15e-06
1407574772	6.14e-06
1407574833	6.15e-06
1407574893	6.14e-06
1407574954	6.14e-06
1407575014	6.14e-06
1407575075	6.14e-06
1407575135	6.14e-06
1407575196	6.13e-06
1407575256	6.13e-06
1407575317	6.13e-06
1407575377	6.13e-06
1407575437	6.12e-06
1407575498	6.12e-06
1407575558	6.12e-06
1407575619	6.12e-06
1407575679	6.12e-06
1407575740	6.12e-06
1407575800	6.12e-06
1407575861	6.11e-06
1407575921	6.11e-06
1407575982	6.11e-06
1407576042	6.11e-06
1407576103	6.11e-06
1407576163	6.1e-06
1407576224	6.1e-06
1407576284	6.1e-06
1407576345	6.1e-06
1407576405	6.1e-06
1407576466	6.1e-06
1407576526	6.09e-06
1407576587	6.09e-06
1407576647	6.09e-06
1407576708	6.09e-06
1407576768	6.09e-06
1407576829	6.09e-06
1407576889	6.08e-06
1407576950	6.08e-06
1407577010	6.08e-06
1407577071	6.08e-06
1407577131	6.08e-06
1407577192	6.08e-06
1407577252	6.07e-06
1407577313	6.07e-06
1407577373	6.07e-06
1407577434	6.07e-06
1407577494	6.07e-06
1407577555	6.07e-06
1407577615	6.06e-06
1407577675	6.06e-06
1407577736	6.06e-06
1407577796	6.06e-06
1407577857	6.06e-06
1407577917	6.06e-06
1407577978	6.06e-06
1407578038	6.05e-06
1407578099	6.05e-06
1407578159	6.05e-06
1407578220	6.05e-06
1407578280	6.05e-06
1407578341	6.04e-06
1407578401	6.04e-06
1407578462	6.04e-06
1407578522	6.04e-06
1407578583	6.04e-06
1407578643	6.04e-06
1407578703	6.04e-06
1407578764	6.03e-06
1407578824	6.03e-06
1407578885	6.03e-06
1407578946	6.03e-06
1407579006	6.03e-06
1407579067	6.03e-06
1407579127	6.02e-06
1407579187	6.02e-06
1407579248	6.02e-06
1407579308	6.02e-06
1407579369	6.02e-06
1407579429	6.02e-06
1407579490	6.01e-06
1407579550	6.01e-06
1407579611	6.01e-06
1407579671	6.01e-06
1407579732	6.01e-06
1407579792	6.01e-06
1407579853	6.01e-06
1407579913	6e-06
1407579974	6e-06
1407580034	6e-06
1407580095	6.03e-06
1407580155	6.01e-06
1407580216	6.01e-06
1407580276	6.01e-06
1407580336	6.02e-06
1407580397	6.02e-06
1407580457	6.02e-06
1407580518	6.02e-06
1407580578	6.02e-06
1407580639	6.02e-06
1407580699	6.01e-06
1407580760	6.01e-06
1407580820	6.01e-06
1407580881	6.01e-06
1407580941	6.01e-06
1407581002	6.01e-06
1407581062	6.01e-06
1407581123	6e-06
1407581183	6e-06
1407581244	6e-06
1407581304	6e-06
1407581365	6e-06
1407581425	6e-06
1407581486	5.99e-06
1407581546	5.99e-06
1407581607	5.99e-06
1407581667	5.99e-06
1407581727	5.99e-06
1407581788	5.99e-06
1407581848	5.99e-06
1407581909	5.98e-06
1407581969	5.98e-06
1407582030	5.98e-06
1407582090	5.98e-06
1407582151	5.98e-06
1407582211	5.98e-06
1407582272	5.98e-06
1407582332	5.97e-06
1407582393	5.97e-06
1407582453	5.97e-06
1407582513	5.97e-06
1407582574	5.97e-06
1407582634	5.97e-06
1407582695	5.96e-06
1407582755	5.96e-06
1407582816	5.96e-06
1407582876	5.96e-06
1407582937	5.96e-06
1407582997	5.96e-06
1407583058	5.96e-06
1407583118	5.96e-06
1407583179	5.96e-06
1407583239	5.95e-06
1407583300	5.95e-06
1407583360	5.95e-06
1407583421	5.95e-06
1407583481	5.95e-06
1407583542	5.95e-06
1407583602	5.94e-06
1407583663	5.94e-06
1407583723	5.94e-06
1407583783	5.94e-06
1407583844	5.94e-06
1407583904	5.94e-06
1407583965	5.94e-06
1407584025	5.93e-06
1407584086	5.93e-06
1407584146	5.93e-06
1407584207	5.93e-06
1407584267	5.97e-06
1407584328	5.93e-06
1407584388	5.92e-06
1407584449	5.92e-06
1407584509	5.92e-06
1407584570	5.92e-06
1407584630	5.92e-06
1407584690	5.91e-06
1407584751	5.91e-06
1407584811	5.9e-06
1407584872	5.9e-06
1407584932	5.9e-06
1407584993	5.91e-06
1407585053	5.91e-06
1407585114	5.91e-06
1407585174	5.91e-06
1407585235	5.91e-06
1407585295	5.9e-06
1407585356	5.9e-06
1407585416	5.9e-06
1407585476	5.9e-06
1407585537	5.9e-06
1407585597	5.95e-06
1407585658	5.95e-06
1407585718	5.95e-06
1407585779	5.95e-06
1407585839	5.95e-06
1407585900	5.95e-06
1407585960	5.93e-06
1407586021	5.92e-06
1407586081	5.93e-06
1407586142	5.92e-06
1407586202	5.92e-06
1407586263	5.92e-06
1407586323	5.92e-06
1407586384	5.92e-06
1407586444	5.92e-06
1407586505	5.91e-06
1407586565	5.92e-06
1407586626	5.92e-06
1407586686	5.91e-06
1407586747	5.91e-06
1407586807	5.91e-06
1407586868	5.91e-06
1407586928	5.91e-06
1407586989	5.91e-06
1407587049	5.9e-06
1407587109	5.9e-06
1407587170	5.9e-06
1407587230	5.9e-06
1407587291	5.9e-06
1407587351	5.9e-06
1407587412	5.9e-06
1407587473	5.89e-06
1407587533	5.89e-06
1407587594	5.89e-06
1407587654	5.89e-06
1407587715	5.89e-06
1407587775	5.89e-06
1407587836	5.89e-06
1407587896	5.89e-06
1407587957	5.89e-06
1407588017	5.89e-06
1407588078	5.88e-06
1407588138	5.88e-06
1407588199	5.88e-06
1407588259	5.88e-06
1407588320	5.88e-06
1407588380	5.88e-06
1407588440	5.88e-06
1407588501	5.85e-06
1407588561	5.85e-06
1407588622	5.85e-06
1407588682	5.84e-06
1407588743	5.84e-06
1407588803	5.84e-06
1407588864	5.84e-06
1407588924	5.84e-06
1407588985	5.84e-06
1407589045	5.84e-06
1407589106	5.84e-06
1407589166	5.84e-06
1407589227	5.83e-06
1407589287	5.83e-06
1407589348	5.83e-06
1407589408	5.83e-06
1407589469	5.83e-06
1407589529	5.83e-06
1407589590	5.83e-06
1407589650	5.83e-06
1407589711	5.83e-06
1407589771	5.94e-06
1407589832	5.78e-06
1407589892	5.77e-06
1407589953	5.76e-06
1407590013	5.77e-06
1407590074	5.77e-06
1407590134	5.77e-06
1407590195	5.77e-06
1407590255	5.77e-06
1407590316	5.77e-06
1407590376	5.77e-06
1407590437	5.77e-06
1407590497	5.77e-06
1407590558	5.77e-06
1407590618	5.77e-06
1407590678	5.77e-06
1407590739	5.77e-06
1407590799	5.77e-06
1407590860	5.72e-06
1407590920	5.79e-06
1407590981	5.8e-06
1407591041	5.78e-06
1407591102	5.79e-06
1407591162	5.79e-06
1407591223	5.8e-06
1407591283	5.8e-06
1407591344	5.81e-06
1407591404	5.81e-06
1407591465	5.82e-06
1407591525	5.82e-06
1407591586	5.83e-06
1407591646	5.83e-06
1407591707	5.83e-06
1407591767	5.83e-06
1407591827	5.83e-06
1407591888	5.83e-06
1407591948	5.83e-06
1407592009	5.82e-06
1407592069	5.82e-06
1407592130	5.81e-06
1407592190	5.81e-06
1407592251	5.81e-06
1407592311	5.8e-06
1407592372	5.8e-06
1407592432	5.8e-06
1407592493	5.79e-06
1407592553	5.79e-06
1407592613	5.79e-06
1407592674	5.79e-06
1407592734	5.79e-06
1407592795	5.78e-06
1407592855	5.78e-06
1407592916	5.78e-06
1407592976	5.78e-06
1407593037	5.78e-06
1407593097	5.78e-06
1407593158	5.78e-06
1407593218	5.77e-06
1407593279	5.78e-06
1407593339	5.77e-06
1407593400	5.77e-06
1407593460	5.77e-06
1407593521	5.77e-06
1407593581	5.77e-06
1407593642	5.77e-06
1407593702	5.77e-06
1407593762	5.77e-06
1407593823	5.77e-06
1407593884	5.77e-06
1407593944	5.77e-06
1407594005	5.77e-06
1407594065	5.77e-06
1407594125	5.77e-06
1407594186	5.77e-06
1407594246	5.76e-06
1407594307	5.76e-06
1407594367	5.76e-06
1407594428	5.76e-06
1407594488	5.76e-06
1407594549	5.76e-06