1409152422	0.000442
1409152482	0.000345
1409152543	0.000306
1409152603	0.000282
1409152664	0.000264
1409152724	0.000249
1409152785	0.000237
1409152845	0.000227
1409152906	0.000219
1409152966	0.00021
1409153027	0.000202
1409153087	0.000196
1409153148	0.00019
1409153208	0.000186
1409153269	0.000181
1409153329	0.000177
1409153390	0.000173
1409153450	0.000169
1409153511	0.000165
1409153571	0.000162
1409153632	0.000158
1409153692	0.000154
1409153753	0.000151
1409153813	0.000149
1409153874	0.000147
1409153934	0.000144
1409153995	0.000142
1409154055	0.00014
1409154116	0.000137
1409154176	0.000135
1409154236	0.000133
1409154297	0.000131
1409154357	0.000129
1409154418	0.000127
1409154478	0.000126
1409154539	0.000123
1409154599	0.000122
1409154660	0.00012
1409154720	0.000119
1409154781	0.000117
1409154841	0.000116
1409154902	0.000114
1409154963	0.000113
1409155023	0.000112
1409155083	0.00011
1409155144	0.000109
1409155204	0.000108
1409155265	0.000107
1409155325	0.000105
1409155386	0.000104
1409155446	0.000103
1409155507	0.000102
1409155567	9.98e-05
1409155628	9.88e-05
1409155688	9.79e-05
1409155749	9.7e-05
1409155809	9.62e-05
1409155870	9.53e-05
1409155931	9.45e-05
1409155991	9.37e-05
1409156052	9.3e-05
1409156112	9.22e-05
1409156173	9.15e-05
1409156233	9.07e-05
1409156294	9e-05
1409156354	8.93e-05
1409156414	8.87e-05
1409156475	8.8e-05
1409156535	8.73e-05
1409156596	8.67e-05
1409156656	8.61e-05
1409156717	8.55e-05
1409156777	8.48e-05
1409156838	8.42e-05
1409156898	8.36e-05
1409156959	8.31e-05
1409157019	8.25e-05
1409157080	8.2e-05
1409157140	8.14e-05
1409157201	8.09e-05
1409157261	8.03e-05
1409157322	7.98e-05
1409157382	7.93e-05
1409157443	7.88e-05
1409157503	7.83e-05
1409157564	7.78e-05
1409157624	7.73e-05
1409157685	7.69e-05
1409157745	7.64e-05
1409157806	7.6e-05
1409157866	7.55e-05
1409157927	7.5e-05
1409157987	7.46e-05
1409158048	7.42e-05
1409158108	7.38e-05
1409158169	7.34e-05
1409158229	7.29e-05
1409158290	7.25e-05
1409158350	7.22e-05
1409158411	7.18e-05
1409158471	7.14e-05
1409158532	7.1e-05
1409158592	7.06e-05
1409158653	7.02e-05
1409158713	6.99e-05
1409158774	6.95e-05
1409158834	6.92e-05
1409158895	6.88e-05
1409158955	6.85e-05
1409159016	6.81e-05
1409159077	6.78e-05
1409159137	6.75e-05
1409159198	6.71e-05
1409159258	6.68e-05
1409159319	6.65e-05
1409159379	6.62e-05
1409159440	6.58e-05
1409159500	6.55e-05
1409159561	6.52e-05
1409159621	6.49e-05
1409159681	6.46e-05
1409159742	6.43e-05
1409159803	6.4e-05
1409159863	6.38e-05
1409159924	6.35e-05
1409159984	6.32e-05
1409160045	6.29e-05
1409160105	6.26e-05
1409160166	6.24e-05
1409160226	6.21e-05
1409160287	6.19e-05
1409160347	6.16e-05
1409160408	6.13e-05
1409160468	6.11e-05
1409160529	6.08e-05
1409160589	6.06e-05
1409160650	6.03e-05
1409160710	6.01e-05
1409160771	5.98e-05
1409160831	5.96e-05
1409160892	5.94e-05
1409160952	5.91e-05
1409161013	5.89e-05
1409161073	5.87e-05
1409161134	5.85e-05
1409161194	5.82e-05
1409161255	5.8e-05
1409161315	5.78e-05
1409161376	5.76e-05
1409161436	5.74e-05
1409161497	5.71e-05
1409161557	5.69e-05
1409161618	5.67e-05
1409161678	5.65e-05
1409161739	5.63e-05
1409161799	5.6e-05
1409161859	5.59e-05
1409161920	5.57e-05
1409161980	5.55e-05
1409162041	5.53e-05
1409162101	5.51e-05
1409162162	5.49e-05
1409162222	5.47e-05
1409162283	5.45e-05
1409162343	5.43e-05
1409162404	5.41e-05
1409162464	5.4e-05
1409162525	5.38e-05
1409162585	5.36e-05
1409162646	5.34e-05
1409162706	5.33e-05
1409162767	5.31e-05
1409162827	5.29e-05
1409162888	5.28e-05
1409162948	5.26e-05
1409163009	5.24e-05
1409163069	5.22e-05
1409163130	5.21e-05
1409163190	5.19e-05
1409163251	5.18e-05
1409163311	5.16e-05
1409163372	5.14e-05
1409163432	5.13e-05
1409163493	5.11e-05
1409163553	5.1e-05
1409163614	5.08e-05
1409163674	5.07e-05
1409163735	5.05e-05
1409163795	5.04e-05
1409163856	5.02e-05
1409163916	5.01e-05
1409163977	4.99e-05
1409164037	4.98e-05
1409164098	4.96e-05
1409164158	4.95e-05
1409164219	4.93e-05
1409164280	4.92e-05
1409164340	4.91e-05
1409164401	4.89e-05
1409164461	4.88e-05
1409164522	4.87e-05
1409164582	4.85e-05
1409164643	4.84e-05
1409164703	4.83e-05
1409164763	4.81e-05
1409164824	4.8e-05
1409164884	4.79e-05
1409164945	4.77e-05
1409165005	4.76e-05
1409165066	4.75e-05
1409165126	4.73e-05
1409165187	4.72e-05
1409165247	4.71e-05
1409165308	4.7e-05
1409165368	4.69e-05
1409165429	4.67e-05
1409165489	4.66e-05
1409165550	4.65e-05
1409165610	4.64e-05
1409165671	4.63e-05
1409165731	4.61e-05
1409165792	4.6e-05
1409165852	4.59e-05
1409165913	4.58e-05
1409165973	4.57e-05
1409166034	4.56e-05
1409166094	4.55e-05
1409166154	4.53e-05
1409166215	4.52e-05
1409166275	4.51e-05
1409166336	4.5e-05
1409166396	4.49e-05
1409166457	4.48e-05
1409166517	4.47e-05
1409166578	4.46e-05
1409166638	4.45e-05
1409166699	4.44e-05
1409166759	4.43e-05
1409166820	4.39e-05
1409166880	4.38e-05
1409166941	4.38e-05
1409167001	4.37e-05
1409167061	4.36e-05
1409167122	4.35e-05
1409167183	4.34e-05
1409167243	4.33e-05
1409167304	4.32e-05
1409167364	4.31e-05
1409167425	4.3e-05
1409167485	4.29e-05
1409167546	4.28e-05
1409167606	4.27e-05
1409167666	4.26e-05
1409167727	4.25e-05
1409167788	4.24e-05
1409167848	4.23e-05
1409167908	4.22e-05
1409167969	4.22e-05
1409168029	4.21e-05
1409168090	4.2e-05
1409168151	4.19e-05
1409168211	4.32e-05
1409168271	4.16e-05
1409168332	4.15e-05
1409168392	4.13e-05
1409168453	4.12e-05
1409168514	4.11e-05
1409168574	4.1e-05
1409168635	4.1e-05
1409168695	4.09e-05
1409168756	4.08e-05
1409168816	4.07e-05
1409168877	4.06e-05
1409168937	4.05e-05
1409168998	4.05e-05
1409169058	4.04e-05
1409169119	4.03e-05
1409169179	4.02e-05
1409169240	4.01e-05
1409169300	4.01e-05
1409169361	4e-05
1409169421	3.99e-05
1409169482	3.98e-05
1409169542	3.98e-05
1409169603	3.97e-05
1409169663	3.96e-05
1409169724	3.96e-05
1409169784	3.95e-05
1409169844	3.94e-05
1409169905	3.93e-05
1409169965	3.92e-05
1409170026	3.92e-05
1409170086	3.91e-05
1409170147	3.9e-05
1409170207	3.89e-05
1409170268	3.89e-05
1409170328	3.88e-05
1409170389	3.87e-05
1409170449	3.87e-05
1409170510	3.86e-05
1409170570	3.85e-05
1409170631	3.85e-05
1409170691	3.84e-05
1409170752	3.83e-05
1409170812	3.83e-05
1409170873	3.82e-05
1409170933	3.81e-05
1409170994	3.81e-05
1409171055	3.8e-05
1409171115	3.79e-05
1409171176	3.79e-05
1409171236	3.78e-05
1409171297	3.77e-05
1409171357	3.77e-05
1409171418	3.76e-05
1409171478	3.75e-05
1409171539	3.75e-05
1409171599	3.74e-05
1409171660	3.73e-05
1409171720	3.73e-05
1409171781	3.72e-05
1409171841	3.72e-05
1409171902	3.71e-05
1409171962	3.7e-05
1409172023	3.7e-05
1409172083	3.69e-05
1409172144	3.68e-05
1409172204	3.68e-05
1409172265	3.67e-05
1409172325	3.67e-05
1409172386	3.66e-05
1409172446	3.65e-05
1409172507	3.65e-05
1409172567	3.64e-05
1409172628	3.64e-05
1409172688	3.63e-05
1409172749	3.63e-05
1409172809	3.62e-05
1409172870	3.62e-05
1409172930	3.61e-05
1409172991	3.6e-05
1409173051	3.6e-05
1409173112	3.59e-05
1409173172	3.59e-05
1409173233	3.5e-05
1409173293	3.5e-05
1409173353	3.5e-05
1409173414	3.5e-05
1409173474	3.5e-05
1409173535	3.49e-05
1409173595	3.49e-05
1409173656	3.48e-05
1409173716	3.48e-05
1409173777	3.47e-05
1409173837	3.47e-05
1409173898	3.46e-05
1409173958	3.46e-05
1409174019	3.45e-05
1409174079	3.45e-05
1409174140	3.44e-05
1409174200	3.44e-05
1409174260	3.44e-05
1409174321	3.43e-05
1409174381	3.43e-05
1409174442	3.42e-05
1409174502	3.42e-05
1409174563	3.41e-05
1409174623	3.41e-05
1409174684	3.4e-05
1409174744	3.4e-05
1409174805	3.4e-05
1409174865	3.39e-05
1409174926	3.39e-05
1409174986	3.38e-05
1409175047	3.38e-05
1409175107	3.37e-05
1409175168	3.37e-05
1409175228	3.37e-05
1409175289	3.36e-05
1409175349	3.36e-05
1409175410	3.35e-05
1409175470	3.35e-05
1409175531	3.34e-05
1409175591	3.34e-05
1409175652	3.33e-05
1409175712	3.33e-05
1409175773	3.32e-05
1409175834	3.32e-05
1409175894	3.31e-05
1409175955	3.31e-05
1409176015	3.31e-05
1409176076	3.3e-05
1409176136	3.3e-05
1409176197	3.29e-05
1409176257	3.29e-05
1409176318	3.28e-05
1409176378	3.28e-05
1409176439	3.27e-05
1409176499	3.27e-05
1409176559	3.27e-05
1409176620	3.26e-05
1409176680	3.26e-05
1409176741	3.25e-05
1409176801	3.25e-05
1409176862	3.24e-05
1409176922	3.24e-05
1409176983	3.24e-05
1409177043	3.21e-05
1409177104	3.21e-05
1409177164	3.2e-05
1409177225	3.2e-05
1409177285	3.19e-05
1409177346	3.19e-05
1409177406	3.19e-05
1409177467	3.18e-05
1409177527	3.18e-05
1409177588	3.17e-05
1409177648	3.17e-05
1409177709	3.16e-05
1409177769	3.16e-05
1409177830	3.16e-05
1409177890	3.15e-05
1409177951	3.15e-05
1409178011	3.14e-05
1409178072	3.14e-05
1409178132	3.13e-05
1409178193	3.13e-05
1409178253	3.13e-05
1409178314	3.12e-05
1409178374	3.12e-05
1409178435	3.12e-05
1409178495	3.11e-05
1409178556	3.11e-05
1409178616	3.1e-05
1409178677	3.1e-05
1409178737	3.09e-05
1409178798	3.09e-05
1409178858	3.09e-05
1409178919	3.08e-05
1409178979	3.08e-05
1409179040	3.07e-05
1409179100	3.07e-05
1409179161	3.07e-05
1409179221	3.06e-05
1409179282	3.06e-05
1409179342	3.05e-05
1409179403	3.05e-05
1409179463	3.05e-05
1409179524	3.04e-05
1409179584	3.04e-05
1409179645	3.04e-05
1409179705	3.03e-05
1409179766	3.03e-05
1409179826	3.02e-05
1409179887	3.02e-05
1409179947	3.02e-05
1409180008	3.01e-05
1409180068	3.01e-05
1409180129	3.01e-05
1409180189	3e-05
1409180249	3e-05
1409180310	3e-05
1409180371	2.99e-05
1409180431	2.99e-05
1409180492	2.98e-05
1409180552	2.98e-05
1409180613	2.98e-05
1409180673	2.97e-05
1409180734	2.97e-05
1409180794	2.97e-05
1409180854	2.96e-05
1409180915	2.96e-05
1409180976	2.96e-05
1409181036	2.95e-05
1409181097	2.95e-05
1409181157	2.94e-05
1409181218	2.94e-05
1409181278	2.94e-05
1409181339	2.93e-05
1409181399	2.93e-05
1409181460	2.93e-05
1409181520	2.92e-05
1409181581	2.92e-05
1409181641	2.92e-05
1409181701	2.91e-05
1409181762	2.91e-05
1409181822	2.91e-05
1409181883	2.9e-05
1409181943	2.9e-05
1409182004	2.9e-05
1409182064	2.89e-05
1409182125	2.89e-05
1409182186	2.89e-05
1409182246	2.88e-05
1409182306	2.88e-05
1409182367	2.88e-05
1409182427	2.87e-05
1409182488	2.87e-05
1409182549	2.87e-05
1409182609	2.86e-05
1409182670	2.86e-05
1409182730	2.86e-05
1409182790	2.85e-05
1409182851	2.85e-05
1409182911	2.85e-05
1409182972	2.85e-05
1409183032	2.84e-05
1409183093	2.84e-05
1409183153	2.84e-05
1409183214	2.83e-05
1409183274	2.83e-05
1409183335	2.83e-05
1409183395	2.83e-05
1409183456	2.82e-05
1409183516	2.82e-05
1409183577	2.82e-05
1409183637	2.81e-05
1409183698	2.81e-05
1409183758	2.81e-05
1409183819	2.81e-05
1409183879	2.8e-05
1409183939	2.8e-05
1409184000	2.8e-05
1409184060	2.8e-05
1409184121	2.79e-05
1409184181	2.79e-05
1409184242	2.79e-05
1409184302	2.78e-05
1409184363	2.78e-05
1409184423	2.78e-05
1409184484	2.78e-05
1409184544	2.77e-05
1409184605	2.77e-05
1409184665	2.77e-05
1409184726	2.76e-05
1409184786	2.76e-05
1409184847	2.76e-05
1409184907	2.76e-05
1409184968	2.75e-05
1409185028	2.75e-05
1409185089	2.75e-05
1409185149	2.75e-05
1409185209	2.74e-05
1409185270	2.74e-05
1409185331	2.74e-05
1409185391	2.74e-05
1409185451	2.73e-05
1409185512	2.73e-05
1409185572	2.73e-05
1409185633	2.73e-05
1409185693	2.72e-05
1409185754	2.72e-05
1409185814	2.72e-05
1409185875	2.72e-05
1409185935	2.71e-05
1409185996	2.71e-05
1409186056	2.71e-05
1409186117	2.71e-05
1409186177	2.7e-05
1409186238	2.7e-05
1409186298	2.7e-05
1409186359	2.7e-05
1409186419	2.69e-05
1409186480	2.69e-05
1409186540	2.69e-05
1409186601	2.69e-05
1409186661	2.68e-05
1409186722	2.68e-05
1409186782	2.68e-05
1409186843	2.68e-05
1409186903	2.67e-05
1409186964	2.67e-05
1409187024	2.67e-05
1409187085	2.67e-05
1409187145	2.66e-05
1409187206	2.66e-05
1409187266	2.66e-05
1409187326	2.66e-05
1409187387	2.65e-05
1409187447	2.65e-05
1409187508	2.65e-05
1409187568	2.64e-05
1409187629	2.64e-05
1409187689	2.64e-05
1409187750	2.64e-05
1409187810	2.63e-05
1409187871	2.63e-05
1409187931	2.63e-05
1409187992	2.63e-05
1409188052	2.62e-05
1409188113	2.62e-05
1409188173	2.62e-05
1409188234	2.6e-05
1409188294	2.58e-05
1409188355	2.58e-05
1409188415	2.58e-05
1409188476	2.57e-05
1409188536	2.57e-05
1409188596	2.56e-05
1409188657	2.56e-05
1409188717	2.56e-05
1409188778	2.56e-05
1409188838	2.56e-05
1409188899	2.55e-05
1409188959	2.49e-05
1409189020	2.49e-05
1409189080	2.49e-05
1409189141	2.49e-05
1409189201	2.49e-05
1409189262	2.48e-05
1409189322	2.48e-05
1409189382	2.48e-05
1409189443	2.48e-05
1409189503	2.47e-05
1409189564	2.47e-05
1409189625	2.47e-05
1409189685	2.47e-05
1409189746	2.46e-05
1409189806	2.46e-05
1409189867	2.46e-05
1409189927	2.46e-05
1409189988	2.46e-05
1409190048	2.45e-05
1409190108	2.45e-05
1409190169	2.45e-05
1409190229	2.45e-05
1409190290	2.44e-05
1409190350	2.44e-05
1409190411	2.44e-05
1409190471	2.44e-05
1409190532	2.43e-05
1409190592	2.43e-05
1409190653	2.43e-05
1409190713	2.43e-05
1409190774	2.43e-05
1409190834	2.42e-05
1409190895	2.42e-05
1409190955	2.42e-05
1409191015	2.42e-05
1409191076	2.42e-05
1409191136	2.41e-05
1409191197	2.41e-05
1409191257	2.41e-05
1409191318	2.41e-05
1409191378	2.41e-05
1409191439	2.4e-05
1409191499	2.4e-05
1409191560	2.4e-05
1409191620	2.4e-05
1409191681	2.4e-05
1409191741	2.39e-05
1409191802	2.39e-05
1409191862	2.39e-05
1409191923	2.39e-05
1409191983	2.39e-05
1409192043	2.11e-05
1409192104	2.21e-05
1409192164	2.07e-05
1409192225	2.02e-05
1409192285	2.02e-05
1409192346	2.07e-05
1409192406	1.98e-05
1409192467	1.99e-05
1409192527	1.97e-05
1409192588	1.98e-05
1409192648	1.97e-05
1409192709	1.97e-05
1409192769	1.91e-05
1409192830	1.91e-05
1409192890	1.91e-05
1409192950	1.91e-05
1409193011	1.92e-05
1409193071	1.93e-05
1409193132	1.94e-05
1409193192	1.95e-05
1409193253	1.96e-05
1409193313	1.97e-05
1409193374	2.19e-05
1409193434	2.08e-05
1409193495	2.08e-05
1409193555	2.06e-05
1409193616	2.06e-05
1409193676	2.07e-05
1409193737	2.08e-05
1409193797	2.08e-05
1409193858	2.08e-05
1409193918	2.04e-05
1409193979	2.03e-05
1409194039	2e-05
1409194099	2e-05
1409194160	2e-05
1409194221	2e-05
1409194281	2e-05
1409194342	2e-05
1409194402	2e-05
1409194463	2e-05
1409194523	2e-05
1409194584	2e-05
1409194644	1.99e-05
1409194704	1.99e-05
1409194765	1.99e-05
1409194825	1.99e-05
1409194886	1.99e-05
1409194946	1.98e-05
1409195007	1.98e-05
1409195067	2.28e-05
1409195128	0.000183
1409195188	0.0002
1409195249	0.000204
1409195309	0.000206
1409195370	0.000206
1409195430	0.000207
1409195491	0.000207
1409195551	0.000207
1409195612	0.000207
1409195672	0.000208
1409195733	0.000208
1409196783	0.0
1409196844	2.7e-05
1409196904	2.51e-05
1409196965	2.44e-05
1409197025	2.41e-05
1409197086	2.4e-05
1409197146	2.39e-05
1409197207	2.39e-05
1409197267	2.39e-05
1409197328	2.39e-05
1409197388	2.39e-05
1409197448	2.38e-05
1409197509	2.38e-05
1409197569	2.38e-05
1409197630	2.38e-05
1409197690	2.38e-05
1409197751	2.37e-05
1409197811	2.37e-05
1409197872	2.37e-05
1409197932	2.37e-05
1409197993	2.37e-05
1409198053	2.36e-05
1409198114	2.36e-05
1409198174	2.36e-05
1409198235	2.36e-05
1409198295	2.35e-05
1409198355	2.35e-05
1409198416	2.35e-05
1409198476	2.35e-05
1409198537	2.35e-05
1409198597	2.34e-05
1409198658	2.34e-05
1409198718	2.34e-05
1409198779	2.34e-05
1409198839	2.34e-05
1409198900	2.33e-05
1409198960	2.33e-05
1409199021	2.33e-05
1409199081	2.33e-05
1409199142	2.33e-05
1409199202	2.32e-05
1409199263	2.32e-05
1409199323	2.32e-05
1409199384	2.32e-05
1409199444	2.31e-05
1409199505	2.31e-05
1409199565	2.31e-05
1409199626	2.31e-05
1409199686	2.3e-05
1409199747	2.3e-05
1409199807	2.3e-05
1409199868	2.3e-05
1409199928	2.3e-05
1409199988	2.29e-05
1409200049	2.29e-05
1409200109	2.29e-05
1409200170	2.29e-05
1409200230	2.29e-05
1409200291	2.28e-05
1409200351	2.28e-05
1409200412	2.28e-05
1409200472	2.28e-05
1409200533	2.28e-05
1409200593	2.27e-05
1409200654	2.27e-05
1409200714	2.27e-05
1409200775	2.27e-05
1409200835	2.27e-05
1409200895	2.26e-05
1409200956	2.13e-05
1409201016	2.08e-05
1409201077	2.08e-05
1409201137	2.08e-05
1409201198	2.09e-05
1409201258	2.09e-05
1409201319	2.09e-05
1409201379	2.07e-05
1409201440	2.07e-05
1409201500	2.06e-05
1409201561	2.06e-05
1409201621	2.06e-05
1409201682	2.06e-05
1409201742	2.06e-05
1409201803	2.05e-05
1409201863	2.05e-05
1409201923	2.05e-05
1409201984	2.05e-05
1409202044	2.05e-05
1409202105	2.05e-05
1409202165	2.04e-05
1409202226	2.04e-05
1409202286	2.04e-05
1409202347	2.04e-05
1409202407	2.04e-05
1409202468	2.03e-05
1409202528	2.03e-05
1409202589	2.03e-05
1409202649	2.01e-05
1409202710	2.01e-05
1409202770	2e-05
1409202831	2e-05
1409202891	2e-05
1409202951	2e-05
1409203012	2e-05
1409203072	1.99e-05
1409203133	1.99e-05
1409203193	1.99e-05
1409203254	1.99e-05
1409203314	2e-05
1409203375	2.04e-05
1409203435	2.03e-05
1409203496	2.03e-05
1409203556	1.99e-05
1409203617	1.98e-05
1409203677	1.98e-05
1409203738	1.98e-05
1409203798	1.97e-05
1409203859	1.97e-05
1409203919	1.97e-05
1409203980	1.97e-05
1409204040	1.96e-05
1409204101	1.96e-05
1409204161	1.96e-05
1409204221	1.96e-05
1409204282	1.96e-05
1409204342	1.96e-05
1409204403	1.96e-05
1409204463	1.95e-05
1409204524	1.95e-05
1409204584	1.95e-05
1409204645	1.95e-05
1409204705	1.95e-05
1409204766	1.95e-05
1409204826	1.95e-05
1409204887	1.94e-05
1409204947	1.94e-05
1409205008	1.94e-05
1409205068	1.94e-05
1409205129	1.94e-05
1409205189	1.94e-05
1409205250	1.93e-05
1409205310	1.93e-05
1409205371	1.93e-05
1409205431	1.93e-05
1409205492	1.93e-05
1409205552	1.93e-05
1409205613	1.93e-05
1409205673	1.92e-05
1409205734	1.92e-05
1409205794	1.92e-05
1409205854	1.92e-05
1409205915	1.92e-05
1409205975	1.92e-05
1409206036	1.92e-05
1409206096	1.91e-05
1409206157	1.91e-05
1409206217	1.91e-05
1409206278	1.91e-05
1409206338	1.91e-05
1409206399	1.91e-05
1409206459	1.91e-05
1409206520	1.9e-05
1409206580	1.9e-05
1409206641	1.9e-05
1409206701	1.9e-05
1409206762	1.9e-05
1409206822	1.9e-05
1409206883	1.89e-05
1409206943	1.89e-05
1409207003	1.89e-05
1409207064	1.89e-05
1409207124	1.89e-05
1409207185	1.89e-05
1409207245	1.89e-05
1409207306	1.88e-05
1409207366	1.88e-05
1409207427	1.88e-05
1409207487	1.88e-05
1409207548	1.88e-05
1409207608	1.88e-05
1409207669	1.88e-05
1409207729	1.87e-05
1409207789	1.87e-05
1409207850	1.87e-05
1409207910	1.87e-05
1409207971	1.87e-05
1409208031	1.87e-05
1409208092	1.87e-05
1409208152	1.87e-05
1409208213	1.86e-05
1409208273	1.86e-05
1409208334	1.86e-05
1409208394	1.86e-05
1409208455	1.86e-05
1409208515	1.86e-05
1409208576	1.86e-05
1409208636	1.85e-05
1409208697	1.85e-05
1409208757	1.85e-05
1409208818	1.85e-05
1409208878	1.85e-05
1409208939	1.85e-05
1409208999	1.85e-05
1409209060	1.84e-05
1409209120	1.84e-05
1409209180	1.84e-05
1409209241	1.84e-05
1409209302	1.84e-05
1409209362	1.84e-05
1409209423	1.85e-05
1409209483	1.85e-05
1409209544	1.85e-05
1409209604	1.84e-05
1409209665	1.84e-05
1409209725	1.84e-05
1409209786	1.84e-05
1409209846	1.84e-05
1409209907	1.83e-05
1409209967	1.83e-05
1409210027	1.83e-05
1409210088	1.83e-05
1409210148	1.83e-05
1409210209	1.83e-05
1409210269	1.83e-05
1409210330	1.83e-05
1409210390	1.82e-05
1409210451	1.82e-05
1409210511	1.82e-05
1409210572	1.82e-05
1409210632	1.82e-05
1409210693	1.82e-05
1409210753	1.82e-05
1409210814	1.81e-05
1409210874	1.81e-05
1409210935	1.81e-05
1409210995	1.81e-05
1409211056	1.81e-05
1409211116	1.81e-05
1409211177	1.81e-05
1409211237	1.81e-05
1409211298	1.8e-05
1409211358	1.8e-05
1409211419	1.8e-05
1409211479	1.8e-05
1409211540	1.8e-05
1409211600	1.79e-05
1409211661	1.79e-05
1409211721	1.81e-05
1409211782	1.81e-05
1409211842	1.8e-05
1409211903	1.8e-05
1409211963	1.8e-05
1409212024	1.8e-05
1409212084	1.8e-05
1409212145	1.8e-05
1409212205	1.8e-05
1409212266	1.8e-05
1409212326	1.8e-05
1409212387	1.8e-05
1409212447	1.8e-05
1409212508	1.8e-05
1409212568	1.8e-05
1409212628	1.79e-05
1409212689	1.79e-05
1409212749	1.8e-05
1409212810	1.8e-05
1409212870	1.8e-05
1409212931	1.8e-05
1409212991	1.8e-05
1409213052	1.8e-05
1409213112	1.79e-05
1409213173	1.79e-05
1409213233	1.79e-05
1409213294	1.79e-05
1409213354	1.79e-05
1409213414	1.79e-05
1409213475	1.79e-05
1409213535	1.79e-05
1409213596	1.78e-05
1409213656	1.77e-05
1409213717	1.77e-05
1409213777	1.77e-05
1409213838	1.77e-05
1409213898	1.77e-05
1409213959	1.77e-05
1409214019	1.77e-05
1409214080	1.76e-05
1409214140	1.76e-05
1409214201	1.76e-05
1409214261	1.76e-05
1409214322	1.76e-05
1409214382	1.76e-05
1409214443	1.76e-05
1409214503	1.76e-05
1409214564	1.75e-05
1409214624	1.75e-05
1409214685	1.75e-05
1409214745	1.75e-05
1409214805	1.75e-05
1409214866	1.75e-05
1409214926	1.75e-05
1409214987	1.75e-05
1409215047	1.75e-05
1409215108	1.75e-05
1409215168	1.75e-05
1409215229	1.74e-05
1409215289	1.74e-05
1409215350	1.74e-05
1409215410	1.74e-05
1409215471	1.74e-05
1409215531	1.73e-05
1409215592	1.73e-05
1409215652	1.73e-05
1409215713	1.73e-05
1409215773	1.73e-05
1409215834	1.72e-05
1409215894	1.72e-05
1409215955	1.72e-05
1409216015	1.72e-05
1409216076	1.72e-05
1409216136	1.72e-05
1409216197	1.72e-05
1409216257	1.72e-05
1409216318	1.71e-05
1409216378	1.71e-05
1409216438	1.71e-05
1409216499	1.71e-05
1409216559	1.71e-05
1409216620	1.71e-05
1409216680	1.71e-05
1409216741	1.71e-05
1409216801	1.71e-05
1409216862	1.7e-05
1409216922	1.7e-05
1409216983	1.7e-05
1409217043	1.7e-05
1409217104	1.7e-05
1409217164	1.7e-05
1409217225	1.7e-05
1409217285	1.7e-05
1409217346	1.69e-05
1409217406	1.69e-05
1409217467	1.69e-05
1409217527	1.69e-05
1409217588	1.69e-05
1409217648	1.69e-05
1409217708	1.69e-05
1409217769	1.69e-05
1409217829	1.68e-05
1409217890	1.68e-05
1409217950	1.68e-05
1409218011	1.68e-05
1409218071	1.68e-05
1409218132	1.68e-05
1409218192	1.68e-05
1409218253	1.68e-05
1409218313	1.69e-05
1409218374	1.69e-05
1409218434	1.66e-05
1409218495	1.66e-05
1409218555	1.66e-05
1409218616	1.66e-05
1409218676	1.65e-05
1409218737	1.65e-05
1409218797	1.65e-05
1409218858	1.65e-05
1409218918	1.65e-05
1409218979	1.65e-05
1409219039	1.65e-05
1409219100	1.65e-05
1409219161	1.65e-05
1409219221	1.65e-05
1409219281	1.64e-05
1409219342	1.64e-05
1409219402	1.64e-05
1409219463	1.64e-05
1409219523	1.64e-05
1409219584	1.64e-05
1409219644	1.64e-05
1409219705	1.64e-05
1409219765	1.64e-05
1409219826	1.64e-05
1409219886	1.63e-05
1409219947	1.63e-05
1409220007	1.66e-05
1409220068	1.65e-05
1409220128	1.65e-05
1409220189	1.65e-05
1409220249	1.65e-05
1409220310	1.65e-05
1409220370	1.65e-05
1409220431	1.64e-05
1409220491	1.64e-05
1409220552	1.64e-05
1409220612	1.64e-05
1409220673	1.64e-05
1409220733	1.64e-05
1409220794	1.64e-05
1409220854	1.64e-05
1409220915	1.64e-05
1409220975	1.64e-05
1409221036	1.64e-05
1409221096	1.63e-05
1409221157	1.63e-05
1409221217	1.63e-05
1409221278	1.64e-05
1409221338	1.64e-05
1409221398	1.63e-05
1409221459	1.63e-05
1409221520	1.63e-05
1409221580	1.63e-05
1409221641	1.59e-05
1409221701	1.59e-05
1409221762	1.59e-05
1409221822	1.59e-05
1409221883	1.59e-05
1409221943	1.59e-05
1409222003	1.59e-05
1409222064	1.6e-05
1409222124	1.6e-05
1409222185	1.61e-05
1409222245	1.61e-05
1409222306	1.6e-05
1409222366	1.6e-05
1409222427	1.6e-05
1409222488	1.6e-05
1409222548	1.58e-05
1409222608	1.58e-05
1409222669	1.58e-05
1409222729	1.58e-05
1409222790	1.57e-05
1409222851	1.57e-05
1409222911	1.57e-05
1409222972	1.57e-05
1409223032	1.58e-05
1409223092	1.58e-05
1409223153	1.58e-05
1409223214	1.58e-05
1409223274	1.58e-05
1409223335	1.58e-05
1409223395	1.57e-05
1409223456	1.57e-05
1409223516	1.57e-05
1409223576	1.56e-05
1409223637	1.56e-05
1409223697	1.56e-05
1409223758	1.57e-05
1409223818	1.56e-05
1409223879	1.57e-05
1409223939	1.56e-05
1409224000	1.56e-05
1409224060	1.56e-05
1409224121	1.56e-05
1409224181	1.56e-05
1409224242	1.56e-05
1409224302	1.56e-05
1409224363	1.56e-05
1409224423	1.56e-05
1409224484	1.55e-05
1409224544	1.55e-05
1409224605	1.55e-05
1409224665	1.55e-05
1409224726	1.55e-05
1409224786	1.55e-05
1409224847	1.55e-05
1409224907	1.55e-05
1409224968	1.56e-05
1409225028	1.57e-05
1409225089	1.57e-05
1409225149	1.57e-05
1409225210	1.57e-05
1409225270	1.57e-05
1409225331	1.57e-05
1409225391	1.57e-05
1409225452	1.57e-05
1409225512	1.57e-05
1409225573	1.57e-05
1409225633	1.57e-05
1409225694	1.57e-05
1409225754	1.57e-05
1409225815	1.57e-05
1409225875	1.57e-05
1409225936	1.57e-05
1409225996	1.56e-05
1409226057	1.56e-05
1409226117	1.56e-05
1409226178	1.56e-05
1409226238	1.56e-05
1409226299	1.56e-05
1409226359	1.56e-05
1409226419	1.56e-05
1409226480	1.56e-05
1409226540	1.56e-05
1409226601	1.56e-05
1409226661	1.56e-05
1409226722	1.55e-05
1409226782	1.55e-05
1409226843	1.55e-05
1409226903	1.55e-05
1409226964	1.55e-05
1409227024	1.55e-05
1409227085	1.55e-05
1409227145	1.55e-05
1409227206	1.55e-05
1409227266	1.54e-05
1409227327	1.54e-05
1409227387	1.54e-05
1409227448	1.54e-05
1409227508	1.54e-05
1409227569	1.54e-05
1409227629	1.54e-05
1409227690	1.54e-05
1409227750	1.53e-05
1409227811	1.53e-05
1409227871	1.53e-05
1409227932	1.53e-05
1409227992	1.53e-05
1409228053	1.53e-05
1409228113	1.53e-05
1409228174	1.53e-05
1409228234	1.53e-05
1409228295	1.53e-05
1409228355	1.53e-05
1409228416	1.52e-05
1409228476	1.52e-05
1409228537	1.52e-05
1409228597	1.52e-05
1409228658	1.52e-05
1409228718	1.52e-05
1409228779	1.52e-05
1409228839	1.52e-05
1409228899	1.52e-05
1409228960	1.52e-05
1409229020	1.51e-05
1409229081	1.51e-05
1409229141	1.51e-05
1409229202	1.51e-05
1409229262	1.51e-05
1409229323	1.51e-05
1409229383	1.5e-05
1409229444	1.5e-05
1409229504	1.5e-05
1409229565	1.5e-05
1409229625	1.5e-05
1409229686	1.49e-05
1409229746	1.5e-05
1409229807	1.5e-05
1409229867	1.5e-05
1409229928	1.5e-05
1409229988	1.5e-05
1409230049	1.5e-05
1409230109	1.5e-05
1409230170	1.5e-05
1409230230	1.5e-05
1409230291	1.5e-05
1409230351	1.5e-05
1409230412	1.5e-05
1409230472	1.5e-05
1409230532	1.5e-05
1409230593	1.5e-05
1409230653	1.5e-05
1409230714	1.5e-05
1409230774	1.49e-05
1409230835	1.49e-05
1409230895	1.49e-05
1409230956	1.49e-05
1409231016	1.49e-05
1409231077	1.49e-05
1409231137	1.49e-05
1409231198	1.48e-05
1409231258	1.48e-05
1409231319	1.49e-05
1409231379	1.48e-05
1409231440	1.48e-05
1409231500	1.47e-05
1409231561	1.47e-05
1409231621	1.5e-05
1409231682	1.5e-05
1409231742	1.5e-05
1409231803	1.5e-05
1409231863	1.5e-05
1409231924	1.5e-05
1409231984	1.49e-05
1409232045	1.49e-05
1409232105	1.49e-05
1409232166	1.49e-05
1409232226	1.49e-05
1409232287	1.49e-05
1409232347	1.49e-05
1409232408	1.49e-05
1409232468	1.49e-05
1409232529	1.48e-05
1409232589	1.48e-05
1409232649	1.48e-05
1409232710	1.48e-05
1409232770	1.48e-05
1409232831	1.47e-05
1409232891	1.47e-05
1409232952	1.47e-05
1409233012	1.47e-05
1409233073	1.47e-05
1409233133	1.47e-05
1409233194	1.47e-05
1409233254	1.47e-05
1409233315	1.47e-05
1409233375	1.47e-05
1409233436	1.47e-05
1409233496	1.47e-05
1409233557	1.47e-05
1409233617	1.47e-05
1409233678	1.47e-05
1409233738	1.47e-05
1409233799	1.48e-05
1409233859	1.48e-05
1409233920	1.48e-05
1409233980	1.48e-05
1409234041	1.48e-05
1409234101	1.48e-05
1409234162	1.48e-05
1409234222	1.48e-05
1409234283	1.49e-05
1409234343	1.48e-05
1409234404	1.48e-05
1409234464	1.48e-05
1409234525	1.48e-05
1409234585	1.48e-05
1409234646	1.48e-05
1409234706	8.44e-05
1409234767	0.000102
1409234827	0.000106
1409234888	0.000106
1409234948	0.000107
1409235009	0.000107
1409235069	0.000107
1409235130	0.000107
1409235190	0.000107
1409236200	0.0
1409236261	1.79e-05
1409236321	1.7e-05
1409236382	1.67e-05
1409236442	1.65e-05
1409236503	1.63e-05
1409236563	1.63e-05
1409236624	1.63e-05
1409236684	1.62e-05
1409236745	1.62e-05
1409236805	1.62e-05
1409236866	1.62e-05
1409236926	1.62e-05
1409236987	1.62e-05
1409237047	1.62e-05
1409237108	1.6e-05
1409237168	1.6e-05
1409237229	1.6e-05
1409237289	1.6e-05
1409237350	1.6e-05
1409237410	1.59e-05
1409237471	1.59e-05
1409237532	1.59e-05
1409237592	1.59e-05
1409237652	1.59e-05
1409237713	1.59e-05
1409237773	1.59e-05
1409237834	1.59e-05
1409237894	1.56e-05
1409237955	1.56e-05
1409238015	1.56e-05
1409238076	1.56e-05
1409238136	1.56e-05
1409238197	1.56e-05
1409238257	1.56e-05
1409238318	1.56e-05
1409238378	1.56e-05
1409238439	1.56e-05
1409238499	1.55e-05
1409238560	1.55e-05
1409238620	1.55e-05
1409238681	1.55e-05
1409238741	1.55e-05
1409238802	1.55e-05
1409238862	1.55e-05
1409238923	1.55e-05
1409238983	1.55e-05
1409239044	1.55e-05
1409239104	1.54e-05
1409239165	1.54e-05
1409239225	1.54e-05
1409239286	1.54e-05
1409239346	1.54e-05
1409239407	1.54e-05
1409239467	1.54e-05
1409239528	1.54e-05
1409239588	1.54e-05
1409239649	1.52e-05
1409239709	1.52e-05
1409239770	1.52e-05
1409239830	1.52e-05
1409239891	1.52e-05
1409239951	1.52e-05
1409240011	1.52e-05
1409240072	1.52e-05
1409240133	1.52e-05
1409240193	1.51e-05
1409240254	1.51e-05
1409240314	1.51e-05
1409240375	1.51e-05
1409240435	1.51e-05
1409240496	1.51e-05
1409240556	1.51e-05
1409240617	1.51e-05
1409240677	1.51e-05
1409240738	1.51e-05
1409240798	1.51e-05
1409240859	1.51e-05
1409240919	1.5e-05
1409240979	1.5e-05
1409241040	1.5e-05
1409241100	1.5e-05
1409241161	1.5e-05
1409241221	1.5e-05
1409241282	1.5e-05
1409241342	1.5e-05
1409241403	1.5e-05
1409241463	1.5e-05
1409241524	1.5e-05
1409241584	1.5e-05
1409241645	1.5e-05
1409241705	1.49e-05
1409241766	1.49e-05
1409241826	1.49e-05
1409241887	1.49e-05
1409241947	1.49e-05
1409242008	1.49e-05
1409242068	1.49e-05
1409242129	1.49e-05
1409242189	1.49e-05
1409242249	1.49e-05
1409242310	1.49e-05
1409242370	1.49e-05
1409242431	1.48e-05
1409242491	1.48e-05
1409242552	1.48e-05
1409242612	1.45e-05
1409242673	1.45e-05
1409242733	1.45e-05
1409242794	1.45e-05
1409242854	1.45e-05
1409242915	1.45e-05
1409242975	1.45e-05
1409243036	1.45e-05
1409243096	1.45e-05
1409243157	1.45e-05
1409243218	1.45e-05
1409243278	1.45e-05
1409243339	1.45e-05
1409243399	1.45e-05
1409243460	1.44e-05
1409243520	1.44e-05
1409243580	1.44e-05
1409243641	1.44e-05
1409243701	1.44e-05
1409243762	1.44e-05
1409243822	1.44e-05
1409243883	1.44e-05
1409243943	1.44e-05
1409244004	1.44e-05
1409244064	1.44e-05
1409244125	1.44e-05
1409244185	1.44e-05
1409244246	1.44e-05
1409244306	1.43e-05
1409244367	1.43e-05
1409244427	1.43e-05
1409244488	1.43e-05
1409244548	1.43e-05
1409244609	1.43e-05
1409244669	1.43e-05
1409244730	1.43e-05
1409244790	1.43e-05
1409244851	1.43e-05
1409244911	1.41e-05
1409244972	1.41e-05
1409245032	1.41e-05
1409245092	1.41e-05
1409245153	1.41e-05
1409245213	1.41e-05
1409245274	1.41e-05
1409245334	1.41e-05
1409245395	1.41e-05
1409245455	1.41e-05
1409245516	1.41e-05
1409245576	1.41e-05
1409245637	1.41e-05
1409245697	1.41e-05
1409245758	1.41e-05
1409245818	1.41e-05
1409245879	1.41e-05
1409245939	1.41e-05
1409245999	1.4e-05
1409246060	1.4e-05
1409246120	1.4e-05
1409246181	1.4e-05
1409246241	1.4e-05
1409246302	1.4e-05
1409246362	1.4e-05
1409246423	1.4e-05
1409246483	1.4e-05
1409246544	1.4e-05
1409246604	1.4e-05
1409246665	1.4e-05
1409246725	1.4e-05
1409246786	1.4e-05
1409246846	1.4e-05
1409246907	1.4e-05
1409246967	1.4e-05
1409247028	1.39e-05
1409247088	1.39e-05
1409247148	1.39e-05
1409247209	1.39e-05
1409247269	1.39e-05
1409247330	1.39e-05
1409247390	1.39e-05
1409247451	1.39e-05
1409247511	1.39e-05
1409247572	1.39e-05
1409247632	1.39e-05
1409247693	1.39e-05
1409247753	1.39e-05
1409247814	1.39e-05
1409247874	1.39e-05
1409247935	1.39e-05
1409247995	1.39e-05
1409248056	1.39e-05
1409248116	1.38e-05
1409248177	1.38e-05
1409248237	1.38e-05
1409248297	1.38e-05
1409248358	1.38e-05
1409248418	1.38e-05
1409248479	1.38e-05
1409248539	1.38e-05
1409248600	1.38e-05
1409248660	1.38e-05
1409248721	1.38e-05
1409248781	1.38e-05
1409248842	1.38e-05
1409248902	1.38e-05
1409248963	1.38e-05
1409249023	1.38e-05
1409249084	1.37e-05
1409249144	1.37e-05
1409249204	1.37e-05
1409249265	1.37e-05
1409249325	1.37e-05
1409249386	1.37e-05
1409249446	1.37e-05
1409249507	1.37e-05
1409249567	1.38e-05
1409249628	1.38e-05
1409249688	1.38e-05
1409249749	1.38e-05
1409249809	1.38e-05
1409249870	1.38e-05
1409249930	1.37e-05
1409249991	1.37e-05
1409250051	1.37e-05
1409250112	1.37e-05
1409250172	1.37e-05
1409250233	1.37e-05
1409250293	1.37e-05
1409250354	1.37e-05
1409250414	1.37e-05
1409250475	1.37e-05
1409250535	1.37e-05
1409250596	1.37e-05
1409250656	1.37e-05
1409250717	1.37e-05
1409250777	1.37e-05
1409250838	1.37e-05
1409250898	1.37e-05
1409250959	1.36e-05
1409251019	1.36e-05
1409251080	1.36e-05
1409251140	1.37e-05
1409251201	1.36e-05
1409251261	1.36e-05
1409251322	1.36e-05
1409251382	1.36e-05
1409251443	1.36e-05
1409251503	1.36e-05
1409251564	1.36e-05
1409251624	1.36e-05
1409251685	1.36e-05
1409251745	1.36e-05
1409251806	1.36e-05
1409251866	1.36e-05
1409251927	1.36e-05
1409251987	1.36e-05
1409252048	1.36e-05
1409252108	1.36e-05
1409252169	1.36e-05
1409252229	1.36e-05
1409252290	1.36e-05
1409252350	1.36e-05
1409252411	1.36e-05
1409252471	1.36e-05
1409252532	1.36e-05
1409252592	1.36e-05
1409252652	1.36e-05
1409252713	1.36e-05
1409252774	1.36e-05
1409252834	1.36e-05
1409252895	1.36e-05
1409252955	1.35e-05
1409253015	1.35e-05
1409253076	1.35e-05
1409253137	1.35e-05
1409253197	1.35e-05
1409253258	1.35e-05
1409253318	1.35e-05
1409253379	1.35e-05
1409253439	1.35e-05
1409253500	1.35e-05
1409253560	1.35e-05
1409253620	1.35e-05
1409253681	1.35e-05
1409253741	1.35e-05
1409253802	1.35e-05
1409253862	1.35e-05
1409253923	1.35e-05
1409253983	1.35e-05
1409254044	1.35e-05
1409254104	1.35e-05
1409254165	1.34e-05
1409254226	1.34e-05
1409254286	1.34e-05
1409254346	1.34e-05
1409254407	1.34e-05
1409254467	1.34e-05
1409254528	1.34e-05
1409254588	1.34e-05
1409254649	1.34e-05
1409254709	1.34e-05
1409254770	1.34e-05
1409254830	1.34e-05
1409254891	1.34e-05
1409254951	1.34e-05
1409255012	1.34e-05
1409255072	1.34e-05
1409255132	1.34e-05
1409255193	1.34e-05
1409255254	1.34e-05
1409255314	1.34e-05
1409255374	1.34e-05
1409255435	1.33e-05
1409255495	1.33e-05
1409255556	1.33e-05
1409255616	1.33e-05
1409255677	1.33e-05
1409255737	1.33e-05
1409255798	1.33e-05
1409255858	1.33e-05
1409255919	1.33e-05
1409255979	1.33e-05
1409256039	1.33e-05
1409256100	1.33e-05
1409256160	1.33e-05
1409256221	1.33e-05
1409256281	1.33e-05
1409256342	1.33e-05
1409256402	1.33e-05
1409256463	1.33e-05
1409256523	1.33e-05
1409256584	1.33e-05
1409256644	1.33e-05
1409256705	1.33e-05
1409256765	1.33e-05
1409256826	1.33e-05
1409256886	1.33e-05
1409256947	1.33e-05
1409257007	1.33e-05
1409257068	1.32e-05
1409257128	1.32e-05
1409257189	1.32e-05
1409257249	1.32e-05
1409257310	1.32e-05
1409257370	1.32e-05
1409257431	1.32e-05
1409257491	1.32e-05
1409257552	1.32e-05
1409257612	1.32e-05
1409257673	1.32e-05
1409257733	1.32e-05
1409257794	1.32e-05
1409257854	1.26e-05
1409257915	1.26e-05
1409257975	1.26e-05
1409258035	1.26e-05
1409258096	1.26e-05
1409258156	1.26e-05
1409258217	1.26e-05
1409258277	1.26e-05
1409258338	1.26e-05
1409258398	1.26e-05
1409258459	1.26e-05
1409258519	1.26e-05
1409258580	1.26e-05
1409258640	1.26e-05
1409258701	1.26e-05
1409258761	1.26e-05
1409258822	1.26e-05
1409258882	1.26e-05
1409258943	1.26e-05
1409259003	1.26e-05
1409259063	1.26e-05
1409259124	1.26e-05
1409259184	1.25e-05
1409259245	1.25e-05
1409259305	1.25e-05
1409259366	1.26e-05
1409259426	1.25e-05
1409259487	1.25e-05
1409259547	1.25e-05
1409259608	1.25e-05
1409259668	1.25e-05
1409259729	1.25e-05
1409259789	1.25e-05
1409259850	1.26e-05
1409259910	1.26e-05
1409259971	1.26e-05
1409260031	1.25e-05
1409260092	1.25e-05
1409260152	1.25e-05
1409260212	1.25e-05
1409260273	1.25e-05
1409260333	1.25e-05
1409260394	1.25e-05
1409260455	1.25e-05
1409260515	1.25e-05
1409260576	1.25e-05
1409260636	1.25e-05
1409260697	1.25e-05
1409260757	1.25e-05
1409260818	1.25e-05
1409260878	1.24e-05
1409260939	1.24e-05
1409260999	1.24e-05
1409261059	1.24e-05
1409261120	1.24e-05
1409261180	1.24e-05
1409261241	1.24e-05
1409261301	1.24e-05
1409261362	1.24e-05
1409261422	1.24e-05
1409261483	1.24e-05
1409261543	1.24e-05
1409261604	1.24e-05
1409261664	1.24e-05
1409261725	1.24e-05
1409261785	1.24e-05
1409261846	1.24e-05
1409261906	1.24e-05
1409261967	1.24e-05
1409262027	1.24e-05
1409262088	1.24e-05
1409262148	1.24e-05
1409262209	1.23e-05
1409262269	1.23e-05
1409262330	1.23e-05
1409262390	1.23e-05
1409262451	1.23e-05
1409262511	1.23e-05
1409262572	7.29e-05
1409262632	8.86e-05
1409262693	9.13e-05
1409262753	9.22e-05
1409262813	9.25e-05
1409262874	9.27e-05
1409262934	9.3e-05
1409262995	9.32e-05
1409263055	9.34e-05
1409263116	9.35e-05
1409263176	9.36e-05
1409264227	0.0
1409264288	1.5e-05
1409264348	1.43e-05
1409264409	1.4e-05
1409264469	1.39e-05
1409264530	1.37e-05
1409264590	1.37e-05
1409264651	1.37e-05
1409264711	1.36e-05
1409264772	1.36e-05
1409264832	1.36e-05
1409264893	1.36e-05
1409264953	1.36e-05
1409265014	1.36e-05
1409265074	1.36e-05
1409265135	1.36e-05
1409265195	1.36e-05
1409265256	1.36e-05
1409265316	1.36e-05
1409265377	1.36e-05
1409265437	1.36e-05
1409265498	1.36e-05
1409265558	1.36e-05
1409265619	1.36e-05
1409265679	1.35e-05
1409265740	1.35e-05
1409265800	1.35e-05
1409265861	1.35e-05
1409265921	1.35e-05
1409265982	1.35e-05
1409266042	1.35e-05
1409266103	1.35e-05
1409266163	1.35e-05
1409266224	1.35e-05
1409266284	1.35e-05
1409266344	1.35e-05
1409266405	1.35e-05
1409266465	1.35e-05
1409266526	1.34e-05
1409266586	1.34e-05
1409266647	1.34e-05
1409266707	1.34e-05
1409266768	1.34e-05
1409266828	1.25e-05
1409266889	1.25e-05
1409266949	1.25e-05
1409267010	1.25e-05
1409267070	1.25e-05
1409267131	1.25e-05
1409267191	1.25e-05
1409267252	1.25e-05
1409267312	1.25e-05
1409267373	1.25e-05
1409267433	1.25e-05
1409267493	1.25e-05
1409267554	1.25e-05
1409267614	1.25e-05
1409267675	1.25e-05
1409267735	1.25e-05
1409267796	1.25e-05
1409267856	1.25e-05
1409267917	1.25e-05
1409267977	1.24e-05
1409268038	1.24e-05
1409268098	1.24e-05
1409268159	1.24e-05
1409268219	1.24e-05
1409268280	1.24e-05
1409268340	1.24e-05
1409268401	1.24e-05
1409268461	1.24e-05
1409268522	1.24e-05
1409268582	1.24e-05
1409268642	1.24e-05
1409268703	1.24e-05
1409268764	1.24e-05
1409268824	1.23e-05
1409268885	1.23e-05
1409268945	1.23e-05
1409269006	1.23e-05
1409269066	1.23e-05
1409269126	1.23e-05
1409269187	1.23e-05
1409269247	1.23e-05
1409269308	1.23e-05
1409269368	1.23e-05
1409269429	1.23e-05
1409269489	1.23e-05
1409269550	1.23e-05
1409269610	1.23e-05
1409269671	1.23e-05
1409269731	1.22e-05
1409269792	1.22e-05
1409269852	1.22e-05
1409269913	1.22e-05
1409269973	1.22e-05
1409270034	1.22e-05
1409270094	1.22e-05
1409270155	1.22e-05
1409270215	1.22e-05
1409270276	1.22e-05
1409270336	1.22e-05
1409270397	1.22e-05
1409270457	1.22e-05
1409270518	1.22e-05
1409270578	1.22e-05
1409270638	1.22e-05
1409270699	1.21e-05
1409270759	1.21e-05
1409270820	1.21e-05
1409270881	1.21e-05
1409270941	1.21e-05
1409271002	1.21e-05
1409271062	1.21e-05
1409271123	1.21e-05
1409271183	1.21e-05
1409271244	1.21e-05
1409271304	1.21e-05
1409271365	1.21e-05
1409271425	1.21e-05
1409271486	1.21e-05
1409271546	1.21e-05
1409271607	1.21e-05
1409271667	1.2e-05
1409271728	1.2e-05
1409271788	1.2e-05
1409271849	1.2e-05
1409271909	1.2e-05
1409271969	1.2e-05
1409272030	1.2e-05
1409272090	1.2e-05
1409272151	1.2e-05
1409272211	1.2e-05
1409272272	1.2e-05
1409272332	1.2e-05
1409272393	1.2e-05
1409272453	1.19e-05
1409272514	1.19e-05
1409272574	1.19e-05
1409272635	1.19e-05
1409272695	1.19e-05
1409272756	1.19e-05
1409272816	1.19e-05
1409272877	1.19e-05
1409272937	1.19e-05
1409272998	1.19e-05
1409273058	1.19e-05
1409273119	1.19e-05
1409273179	1.19e-05
1409273240	1.19e-05
1409273300	1.19e-05
1409273361	1.19e-05
1409273421	1.19e-05
1409273482	1.19e-05
1409273542	1.19e-05
1409273603	1.19e-05
1409273663	1.19e-05
1409273724	1.18e-05
1409273784	1.18e-05
1409273845	1.18e-05
1409273905	1.18e-05
1409273966	1.18e-05
1409274026	1.18e-05
1409274087	1.18e-05
1409274148	1.18e-05
1409274208	1.18e-05
1409274269	1.18e-05
1409274329	1.18e-05
1409274390	1.18e-05
1409274450	1.18e-05
1409274511	1.18e-05
1409274571	1.17e-05
1409274632	1.17e-05
1409274692	1.17e-05
1409274753	1.17e-05
1409274813	1.17e-05
1409274874	1.17e-05
1409274934	1.17e-05
1409274995	1.17e-05
1409275055	1.17e-05
1409275116	1.17e-05
1409275176	1.17e-05
1409275237	1.17e-05
1409275297	1.17e-05
1409275358	1.17e-05
1409275418	1.16e-05
1409275479	1.16e-05
1409275539	1.16e-05
1409275600	1.16e-05
1409275660	1.16e-05
1409275721	1.16e-05
1409275781	1.16e-05
1409275841	1.16e-05
1409275902	1.16e-05
1409275962	1.16e-05
1409276023	1.16e-05
1409276083	1.16e-05
1409276144	1.16e-05
1409276204	1.16e-05
1409276265	1.16e-05
1409276325	1.15e-05
1409276386	1.15e-05
1409276446	1.15e-05
1409276507	1.15e-05
1409276567	1.15e-05
1409276628	1.12e-05
1409276688	1.12e-05
1409276749	1.12e-05
1409276809	1.12e-05
1409276870	1.12e-05
1409276930	1.12e-05
1409276991	1.12e-05
1409277051	1.12e-05
1409277112	1.12e-05
1409277172	1.12e-05
1409277233	1.12e-05
1409277293	1.12e-05
1409277354	1.12e-05
1409277414	1.12e-05
1409277475	1.12e-05
1409277535	1.12e-05
1409277596	1.12e-05
1409277656	1.12e-05
1409277716	1.12e-05
1409277777	1.12e-05
1409277837	1.12e-05
1409277898	1.12e-05
1409277958	1.12e-05
1409278019	1.11e-05
1409278079	1.11e-05
1409278140	1.1e-05
1409278200	1.1e-05
1409278261	1.1e-05
1409278321	1.1e-05
1409278382	1.12e-05
1409278442	1.12e-05
1409278503	1.12e-05
1409278563	1.11e-05
1409278623	1.11e-05
1409278684	1.11e-05
1409278744	1.1e-05
1409278805	1.1e-05
1409278865	1.1e-05
1409278926	1.1e-05
1409278986	1.1e-05
1409279047	1.1e-05
1409279107	1.1e-05
1409279168	1.1e-05
1409279228	1.1e-05
1409279289	1.1e-05
1409279349	1.1e-05
1409279410	1.1e-05
1409279470	1.1e-05
1409279531	1.1e-05
1409279591	1.1e-05
1409279652	1.1e-05
1409279712	1.1e-05
1409279773	1.1e-05
1409279833	1.1e-05
1409279893	1.1e-05
1409279954	1.1e-05
1409280014	1.1e-05
1409280075	1.1e-05
1409280136	1.09e-05
1409280196	1.09e-05
1409280257	1.09e-05
1409280317	1.09e-05
1409280377	1.09e-05
1409280438	1.09e-05
1409280498	1.09e-05
1409280559	1.09e-05
1409280619	1.09e-05
1409280680	1.09e-05
1409280740	1.09e-05
1409280801	1.09e-05
1409280861	1.09e-05
1409280922	1.09e-05
1409280982	1.09e-05
1409281043	1.09e-05
1409281103	1.09e-05
1409281163	1.09e-05
1409281224	1.09e-05
1409281284	1.08e-05
1409281345	1.08e-05
1409281405	1.08e-05
1409281466	1.08e-05
1409281526	1.08e-05
1409281587	1.08e-05
1409281647	1.08e-05
1409281708	1.08e-05
1409281768	1.08e-05
1409281829	1.08e-05
1409281889	1.08e-05
1409281950	1.08e-05
1409282010	1.08e-05
1409282071	1.08e-05
1409282131	1.08e-05
1409282192	1.08e-05
1409282252	1.08e-05
1409282313	1.08e-05
1409282373	1.08e-05
1409282434	1.07e-05
1409282494	1.07e-05
1409282555	1.07e-05
1409282615	1.07e-05
1409282676	1.07e-05
1409282736	1.07e-05
1409282797	1.07e-05
1409282857	1.07e-05
1409282918	1.07e-05
1409282978	1.07e-05
1409283039	1.07e-05
1409283099	1.07e-05
1409283160	1.07e-05
1409283220	1.07e-05
1409283281	1.07e-05
1409283341	1.07e-05
1409283402	1.07e-05
1409283462	1.07e-05
1409283523	1.06e-05
1409283583	1.06e-05
1409283644	1.06e-05
1409283704	1.05e-05
1409283765	1.05e-05
1409283825	1.04e-05
1409283886	1.05e-05
1409283946	1.04e-05
1409284007	1.04e-05
1409284068	1.04e-05
1409284128	1.04e-05
1409284189	1.04e-05
1409284249	1.04e-05
1409284310	1.04e-05
1409284370	1.03e-05
1409284431	1.03e-05
1409284491	1.03e-05
1409284552	1.03e-05
1409284612	1.03e-05
1409284673	1.03e-05
1409284733	1.03e-05
1409284794	1.03e-05
1409284854	1.03e-05
1409284915	1.03e-05
1409284975	1.03e-05
1409285036	1.03e-05
1409285096	1.03e-05
1409285156	1.03e-05
1409285217	1.03e-05
1409285277	1.03e-05
1409285338	1.02e-05
1409285398	1.03e-05
1409285459	1.03e-05
1409285519	1.03e-05
1409285580	1.02e-05
1409285640	1.02e-05
1409285701	1.02e-05
1409285761	1.02e-05
1409285822	1.02e-05
1409285882	1.02e-05
1409285943	1.02e-05
1409286003	1.02e-05
1409286063	1.02e-05
1409286124	1.02e-05
1409286184	1.02e-05
1409286245	1.02e-05
1409286305	1.02e-05
1409286366	1.03e-05
1409286426	1.03e-05
1409286487	1.03e-05
1409286547	1.02e-05
1409286608	1.02e-05
1409286668	1.02e-05
1409286729	1.02e-05
1409286789	1.02e-05
1409286850	1.02e-05
1409286910	1.02e-05
1409286971	1.02e-05
1409287031	1.01e-05
1409287092	1.02e-05
1409287152	1.02e-05
1409287213	1.01e-05
1409287273	1.01e-05
1409287334	1.01e-05
1409287394	1.01e-05
1409287455	1.01e-05
1409287515	1.01e-05
1409287576	1.01e-05
1409287636	1.01e-05
1409287697	1.01e-05
1409287757	1.01e-05
1409287818	1.01e-05
1409287878	1.01e-05
1409287938	1.01e-05
1409287999	1.01e-05
1409288059	1.01e-05
1409288120	1.01e-05
1409288180	1.01e-05
1409288241	1.01e-05
1409288301	1e-05
1409288362	1e-05
1409288422	1e-05
1409288483	1e-05
1409288543	1e-05
1409288604	1e-05
1409288664	1e-05
1409288725	1e-05
1409288785	1e-05
1409288846	1e-05
1409288906	1e-05
1409288967	9.99e-06
1409289027	9.99e-06
1409289088	9.98e-06
1409289148	9.98e-06
1409289209	9.97e-06
1409289269	9.96e-06
1409289330	9.96e-06
1409289390	9.95e-06
1409289451	9.95e-06
1409289511	9.94e-06
1409289572	9.93e-06
1409289632	9.93e-06
1409289692	9.93e-06
1409289753	9.92e-06
1409289813	9.91e-06
1409289874	9.91e-06
1409289934	9.91e-06
1409289995	9.9e-06
1409290055	9.9e-06
1409290116	9.89e-06
1409290176	9.89e-06
1409290237	9.88e-06
1409290297	9.88e-06
1409290358	9.87e-06
1409290418	9.87e-06
1409290479	9.86e-06
1409290539	9.86e-06
1409290600	9.85e-06
1409290660	9.85e-06
1409290720	9.84e-06
1409290781	9.84e-06
1409290841	9.83e-06
1409290902	9.83e-06
1409290962	9.82e-06
1409291023	9.82e-06
1409291083	9.81e-06
1409291144	9.81e-06
1409291204	9.81e-06
1409291265	9.8e-06
1409291325	9.79e-06
1409291386	9.79e-06
1409291446	9.79e-06
1409291507	9.78e-06
1409291567	9.78e-06
1409291627	9.77e-06
1409291688	9.76e-06
1409291748	9.76e-06
1409291809	9.76e-06
1409291869	9.75e-06
1409291930	9.74e-06
1409291990	9.74e-06
1409292051	9.73e-06
1409292111	9.73e-06
1409292172	9.72e-06
1409292232	9.72e-06
1409292293	9.72e-06
1409292353	9.71e-06
1409292414	9.71e-06
1409292474	9.7e-06
1409292535	9.69e-06
1409292595	9.69e-06
1409292655	9.68e-06
1409292716	9.68e-06
1409292776	9.67e-06
1409292837	9.67e-06
1409292897	9.67e-06
1409292958	9.66e-06
1409293018	9.66e-06
1409293079	9.65e-06
1409293139	9.65e-06
1409293200	9.64e-06
1409293260	9.64e-06
1409293321	9.63e-06
1409293381	9.63e-06
1409293442	9.62e-06
1409293502	9.62e-06
1409293563	9.61e-06
1409293623	9.61e-06
1409293684	9.6e-06
1409293744	9.6e-06
1409293805	9.59e-06
1409293865	9.59e-06
1409293926	9.58e-06
1409293986	9.58e-06
1409294047	9.57e-06
1409294107	9.57e-06
1409294168	9.56e-06
1409294228	9.56e-06
1409294289	9.55e-06
1409294349	9.55e-06
1409294409	9.55e-06
1409294470	9.54e-06
1409294530	9.54e-06
1409294591	9.53e-06
1409294651	9.53e-06
1409294712	9.52e-06
1409294772	9.52e-06
1409294833	9.51e-06
1409294893	9.51e-06
1409294954	9.51e-06
1409295014	9.5e-06
1409295075	9.49e-06
1409295135	9.51e-06
1409295196	9.5e-06
1409295256	9.49e-06
1409295316	9.51e-06
1409295377	9.5e-06
1409295437	9.52e-06
1409295498	9.52e-06
1409295558	9.51e-06
1409295619	9.51e-06
1409295679	9.5e-06
1409295740	9.5e-06
1409295800	9.49e-06
1409295861	9.49e-06
1409295921	9.48e-06
1409295982	9.48e-06
1409296042	9.47e-06
1409296103	9.46e-06
1409296163	9.46e-06
1409296224	9.46e-06
1409296284	9.46e-06
1409296345	9.45e-06
1409296405	9.45e-06
1409296466	9.44e-06
1409296526	9.49e-06
1409296587	9.43e-06
1409296647	9.42e-06
1409296708	9.42e-06
1409296769	9.41e-06
1409296829	9.41e-06
1409296890	9.4e-06
1409296950	9.4e-06
1409297010	9.39e-06
1409297071	9.39e-06
1409297132	9.38e-06
1409297192	9.38e-06
1409297253	9.43e-06
1409297313	9.41e-06
1409297374	9.39e-06
1409297434	9.38e-06
1409297495	9.38e-06
1409297555	9.38e-06
1409297616	9.36e-06
1409297676	9.38e-06
1409297737	9.38e-06
1409297797	9.38e-06
1409297858	9.37e-06
1409297918	9.37e-06
1409297979	9.36e-06
1409298039	9.36e-06
1409298100	9.36e-06
1409298160	9.36e-06
1409298221	9.35e-06
1409298281	9.34e-06
1409298341	9.34e-06
1409298402	9.34e-06
1409298462	9.33e-06
1409298523	9.33e-06
1409298583	9.32e-06
1409298644	9.32e-06
1409298704	9.31e-06
1409298765	9.31e-06
1409298825	9.31e-06
1409298886	9.3e-06
1409298946	9.3e-06
1409299007	9.29e-06
1409299067	9.29e-06
1409299128	9.28e-06
1409299188	9.24e-06
1409299249	9.3e-06
1409299309	9.19e-06
1409299370	9.2e-06
1409299430	9.19e-06
1409299491	9.19e-06
1409299551	9.19e-06
1409299611	9.18e-06
1409299672	9.19e-06
1409299732	9.18e-06
1409299793	9.18e-06
1409299853	9.18e-06
1409299914	9.17e-06
1409299974	9.16e-06
1409300035	9.16e-06
1409300095	9.15e-06
1409300156	9.16e-06
1409300216	9.16e-06
1409300277	9.16e-06
1409300337	9.17e-06
1409300398	9.17e-06
1409300459	9.13e-06
1409300519	9.13e-06
1409300580	9.12e-06
1409300640	9.12e-06
1409300701	9.11e-06
1409300761	9.11e-06
1409300822	9.24e-06
1409300882	9.26e-06
1409300943	9.26e-06
1409301003	9.26e-06
1409301064	9.22e-06
1409301124	9.28e-06
1409301185	9.27e-06
1409301245	9.27e-06
1409301305	9.25e-06
1409301366	9.26e-06
1409301427	9.26e-06
1409301487	9.26e-06
1409301547	9.25e-06
1409301608	9.25e-06
1409301668	9.25e-06
1409301729	9.24e-06
1409301789	9.19e-06
1409301850	9.19e-06
1409301910	9.19e-06
1409301971	9.13e-06
1409302031	9.14e-06
1409302092	9.12e-06
1409302152	9.1e-06
1409302213	9.09e-06
1409302273	9.08e-06
1409302334	9.07e-06
1409302394	9.06e-06
1409302455	9.05e-06
1409302515	9.04e-06
1409302576	9.04e-06
1409302636	9.11e-06
1409302697	9.1e-06
1409302757	9.1e-06
1409302818	9.09e-06
1409302878	9.09e-06
1409302939	9.09e-06
1409302999	9.1e-06
1409303060	9.09e-06
1409303120	9.08e-06
1409303181	9.08e-06
1409303241	9.07e-06
1409303302	9.07e-06
1409303362	9.06e-06
1409303423	9.06e-06
1409303483	9.05e-06
1409303544	9.05e-06
1409303604	9.04e-06
1409303665	9.04e-06
1409303725	9.03e-06
1409303786	9.03e-06
1409303846	9.03e-06
1409303907	9.11e-06
1409303967	9.01e-06
1409304028	9.01e-06
1409304088	9e-06
1409304149	9e-06
1409304209	8.99e-06
1409304270	8.99e-06
1409304330	8.99e-06
1409304391	8.99e-06
1409304451	8.97e-06
1409304512	8.93e-06
1409304572	8.93e-06
1409304633	8.94e-06
1409304693	8.94e-06
1409304753	8.94e-06
1409304814	8.95e-06
1409304874	8.95e-06
1409304935	8.95e-06
1409304995	8.95e-06
1409305056	8.95e-06
1409305116	8.95e-06
1409305177	8.95e-06
1409305237	8.94e-06
1409305298	8.94e-06
1409305358	8.94e-06
1409305419	8.93e-06
1409305479	8.93e-06
1409305540	8.92e-06
1409305600	8.92e-06
1409305661	8.91e-06
1409305721	8.91e-06
1409305782	8.9e-06
1409305842	8.9e-06
1409305903	8.89e-06
1409305963	8.89e-06
1409306024	8.89e-06
1409306084	8.88e-06
1409306145	8.88e-06
1409306205	8.88e-06
1409306266	8.87e-06
1409306326	8.87e-06
1409306387	8.86e-06
1409306447	8.86e-06
1409306508	8.86e-06
1409306569	8.85e-06
1409306629	8.87e-06
1409306690	8.84e-06
1409306750	8.81e-06
1409306811	8.8e-06
1409306871	8.79e-06
1409306932	8.79e-06
1409306992	8.78e-06
1409307053	8.77e-06
1409307113	8.76e-06
1409307174	8.76e-06
1409307234	8.76e-06
1409307295	8.75e-06
1409307355	8.8e-06
1409307415	8.77e-06
1409307476	8.76e-06
1409307536	8.55e-06
1409307597	8.53e-06
1409307657	8.52e-06
1409307718	8.53e-06
1409307778	8.53e-06
1409307839	8.53e-06
1409307899	8.53e-06
1409307960	8.53e-06
1409308020	8.53e-06
1409308081	8.53e-06
1409308141	8.53e-06
1409308202	8.53e-06
1409308262	8.55e-06
1409308323	8.54e-06
1409308383	8.54e-06
1409308444	8.53e-06
1409308504	8.53e-06
1409308565	8.52e-06
1409308625	8.52e-06
1409308686	8.51e-06
1409308746	8.51e-06
1409308807	8.5e-06
1409308867	8.5e-06
1409308928	8.5e-06
1409308988	8.49e-06
1409309049	8.49e-06
1409309109	8.48e-06
1409309170	8.48e-06
1409309230	8.47e-06
1409309291	8.47e-06
1409309351	8.47e-06
1409309412	8.46e-06
1409309473	8.46e-06
1409309533	8.46e-06
1409309594	8.45e-06
1409309654	8.45e-06
1409309715	8.45e-06
1409309775	8.45e-06
1409309836	8.44e-06
1409309896	8.44e-06
1409309957	8.43e-06
1409310017	8.43e-06
1409310078	8.43e-06
1409310138	8.42e-06
1409310199	8.42e-06
1409310259	8.41e-06
1409310320	8.4e-06
1409310380	8.4e-06
1409310441	8.4e-06
1409310501	8.4e-06
1409310562	8.39e-06
1409310622	8.39e-06
1409310683	8.38e-06
1409310743	8.38e-06
1409310804	8.38e-06
1409310864	8.37e-06
1409310925	8.37e-06
1409310985	8.36e-06
1409311046	8.36e-06
1409311106	8.35e-06
1409311167	8.35e-06
1409311227	8.35e-06
1409311288	8.34e-06
1409311348	8.34e-06
1409311409	8.33e-06
1409311469	8.33e-06
1409311530	8.33e-06
1409311590	8.33e-06
1409311651	8.32e-06
1409311711	8.32e-06
1409311772	8.32e-06
1409311832	8.31e-06
1409311893	8.31e-06
1409311953	8.3e-06
1409312014	8.3e-06
1409312074	8.3e-06
1409312135	8.29e-06
1409312195	8.29e-06
1409312256	8.29e-06
1409312316	8.28e-06
1409312377	8.28e-06
1409312437	8.28e-06
1409312497	8.27e-06
1409312558	8.27e-06
1409312618	8.27e-06
1409312679	8.26e-06
1409312740	8.26e-06
1409312800	8.25e-06
1409312861	8.25e-06
1409312921	8.25e-06
1409312982	8.25e-06
1409313042	8.24e-06
1409313103	8.24e-06
1409313163	8.24e-06
1409313224	8.23e-06
1409313284	8.26e-06
1409313344	8.23e-06
1409313405	8.23e-06
1409313466	8.22e-06
1409313526	8.22e-06
1409313587	8.22e-06
1409313647	8.21e-06
1409313708	8.21e-06
1409313768	8.2e-06
1409313829	8.2e-06
1409313889	8.2e-06
1409313950	8.19e-06
1409314010	8.19e-06
1409314071	8.19e-06
1409314131	8.19e-06
1409314192	8.18e-06
1409314252	8.18e-06
1409314313	8.18e-06
1409314373	8.18e-06
1409314434	8.18e-06
1409314494	8.17e-06
1409314555	8.17e-06
1409314615	8.16e-06
1409314676	8.16e-06
1409314736	8.15e-06
1409314797	8.15e-06
1409314857	8.15e-06
1409314918	8.15e-06
1409314978	8.14e-06
1409315039	8.14e-06
1409315099	8.14e-06
1409315160	8.14e-06
1409315220	8.13e-06
1409315281	8.13e-06
1409315341	8.13e-06
1409315402	8.13e-06
1409315462	8.12e-06
1409315523	8.12e-06
1409315583	8.12e-06
1409315644	8.11e-06
1409315704	8.11e-06
1409315765	8.11e-06
1409315825	8.11e-06
1409315886	8.1e-06
1409315946	8.1e-06
1409316007	8.1e-06
1409316067	8.1e-06
1409316128	8.1e-06
1409316189	8.1e-06
1409316249	8.09e-06
1409316310	8.09e-06
1409316370	8.09e-06
1409316431	8.09e-06
1409316491	8.08e-06
1409316551	8.08e-06
1409316612	8.08e-06
1409316673	8.08e-06
1409316733	8.08e-06
1409316793	8.07e-06
1409316854	8.07e-06
1409316914	8.07e-06
1409316975	8.07e-06
1409317036	8.06e-06
1409317096	8.06e-06
1409317157	8.06e-06
1409317217	8.06e-06
1409317278	8.06e-06
1409317338	8.05e-06
1409317399	8.05e-06
1409317459	8.05e-06
1409317520	8.05e-06
1409317580	8.03e-06
1409317641	8.04e-06
1409317701	8.04e-06
1409317762	8.04e-06
1409317822	8.05e-06
1409317883	8.04e-06
1409317943	8.04e-06
1409318004	8.04e-06
1409318064	8.03e-06
1409318125	8.03e-06
1409318185	8.03e-06
1409318246	8.03e-06
1409318306	8.03e-06
1409318367	8.02e-06
1409318427	8.02e-06
1409318488	8.02e-06
1409318548	8.02e-06
1409318609	8.01e-06
1409318669	8.01e-06
1409318729	8.01e-06
1409318790	8.01e-06
1409318851	8.01e-06
1409318911	8.01e-06
1409318972	8.01e-06
1409319032	8e-06
1409319093	8e-06
1409319153	4.69e-05
1409319214	5.85e-05
1409319274	6.01e-05
1409319335	6.07e-05
1409319395	6.09e-05
1409319456	6.1e-05
1409319516	6.12e-05
1409319577	6.13e-05
1409319637	6.14e-05
1409319698	6.15e-05
1409320714	0.0
1409320775	1.01e-05
1409320835	9.69e-06
1409320896	9.51e-06
1409320956	9.4e-06
1409321017	9.33e-06
1409321077	9.28e-06
1409321138	9.25e-06
1409321198	9.23e-06
1409321259	9.21e-06
1409321319	9.2e-06
1409321380	9.2e-06
1409321440	9.2e-06
1409321501	9.19e-06
1409321561	9.19e-06
1409321622	9.19e-06
1409321682	9.19e-06
1409321743	9.18e-06
1409321804	9.18e-06
1409321864	8.47e-06
1409321925	8.44e-06
1409321985	8.43e-06
1409322046	8.43e-06
1409322106	8.43e-06
1409322167	8.44e-06
1409322227	8.44e-06
1409322288	8.44e-06
1409322348	8.44e-06
1409322409	8.44e-06
1409322469	8.43e-06
1409322530	8.43e-06
1409322590	8.42e-06
1409322651	8.42e-06
1409322711	8.41e-06
1409322772	8.41e-06
1409322832	8.41e-06
1409322893	8.39e-06
1409322953	8.39e-06
1409323014	8.38e-06
1409323074	8.38e-06
1409323135	8.37e-06
1409323195	8.36e-06
1409323256	8.36e-06
1409323316	8.35e-06
1409323377	8.35e-06
1409323437	8.34e-06
1409323498	8.34e-06
1409323558	8.33e-06
1409323619	8.33e-06
1409323679	8.33e-06
1409323740	8.32e-06
1409323800	8.32e-06
1409323861	8.31e-06
1409323921	8.31e-06
1409323982	8.3e-06
1409324042	8.3e-06
1409324103	8.29e-06
1409324163	8.29e-06
1409324224	8.28e-06
1409324284	8.28e-06
1409324345	8.28e-06
1409324405	8.27e-06
1409324466	8.26e-06
1409324526	8.26e-06
1409324587	8.52e-06
1409324647	8.5e-06
1409324707	8.49e-06
1409324768	8.48e-06
1409324829	8.47e-06
1409324889	8.46e-06
1409324950	8.45e-06
1409325010	8.44e-06
1409325071	8.44e-06
1409325131	8.43e-06
1409325191	8.43e-06
1409325252	8.42e-06
1409325312	8.41e-06
1409325373	8.41e-06
1409325433	8.4e-06
1409325494	8.4e-06
1409325554	8.39e-06
1409325615	8.39e-06
1409325676	8.39e-06
1409325736	8.38e-06
1409325797	8.38e-06
1409325857	8.38e-06
1409325918	8.37e-06
1409325978	8.36e-06
1409326039	8.36e-06
1409326099	8.36e-06
1409326160	8.35e-06
1409326220	8.35e-06
1409326281	8.34e-06
1409326341	8.34e-06
1409326402	8.33e-06
1409326462	8.33e-06
1409326523	8.33e-06
1409326583	8.32e-06
1409326644	8.32e-06
1409326704	8.31e-06
1409326765	8.31e-06
1409326825	8.3e-06
1409326886	8.3e-06
1409326946	8.3e-06
1409327007	8.29e-06
1409327067	8.29e-06
1409327128	8.29e-06
1409327188	8.29e-06
1409327249	8.28e-06
1409327309	8.28e-06
1409327370	8.27e-06
1409327431	8.27e-06
1409327491	8.27e-06
1409327551	8.26e-06
1409327612	8.24e-06
1409327672	8.24e-06
1409327733	8.23e-06
1409327793	8.23e-06
1409327854	8.23e-06
1409327914	8.22e-06
1409327975	8.22e-06
1409328035	8.21e-06
1409328096	8.21e-06
1409328156	8.21e-06
1409328217	8.21e-06
1409328277	8.2e-06
1409328338	8.2e-06
1409328398	8.2e-06
1409328459	8.2e-06
1409328519	8.2e-06
1409328580	8.2e-06
1409328640	8.19e-06
1409328701	8.19e-06
1409328761	8.18e-06
1409328822	8.18e-06
1409328882	8.18e-06
1409328943	8.17e-06
1409329003	8.17e-06
1409329064	8.17e-06
1409329124	8.17e-06
1409329185	8.16e-06
1409329245	8.16e-06
1409329306	8.15e-06
1409329367	8.15e-06
1409329427	8.15e-06
1409329488	8.14e-06
1409329548	8.14e-06
1409329609	8.13e-06
1409329669	8.13e-06
1409329730	8.13e-06
1409329790	8.12e-06
1409329851	8.12e-06
1409329911	8.12e-06
1409329972	8.12e-06
1409330032	8.26e-06
1409330093	8.15e-06
1409330153	8.14e-06
1409330214	8.17e-06
1409330274	7.77e-06
1409330335	7.76e-06
1409330395	7.93e-06
1409330456	7.64e-06
1409330516	7.64e-06
1409330577	7.65e-06
1409330637	7.66e-06
1409330698	7.67e-06
1409330758	7.67e-06
1409330819	7.83e-06
1409330879	7.83e-06
1409330940	7.83e-06
1409331000	7.83e-06
1409331061	7.83e-06
1409331121	7.82e-06
1409331182	7.81e-06
1409331242	7.81e-06
1409331303	7.79e-06
1409331363	7.79e-06
1409331424	7.79e-06
1409331484	7.78e-06
1409331545	7.78e-06
1409331605	7.77e-06
1409331666	7.77e-06
1409331726	7.77e-06
1409331787	7.76e-06
1409331847	7.76e-06
1409331908	7.76e-06
1409331968	7.76e-06
1409332029	7.75e-06
1409332089	7.75e-06
1409332150	7.74e-06
1409332210	7.74e-06
1409332271	7.74e-06
1409332331	7.74e-06
1409332392	7.73e-06
1409332452	7.73e-06
1409332513	7.73e-06
1409332573	7.72e-06
1409332633	7.72e-06
1409332694	7.72e-06
1409332754	7.72e-06
1409332815	7.71e-06
1409332875	7.71e-06
1409332936	7.71e-06
1409332996	7.71e-06
1409333057	7.7e-06
1409333117	7.7e-06
1409333178	7.69e-06
1409333238	7.69e-06
1409333299	7.69e-06
1409333359	7.69e-06
1409333420	7.69e-06
1409333480	7.68e-06
1409333541	7.68e-06
1409333601	7.68e-06
1409333662	7.68e-06
1409333722	7.67e-06
1409333783	7.67e-06
1409333843	7.67e-06
1409333904	7.67e-06
1409333964	7.67e-06
1409334024	7.66e-06
1409334085	7.66e-06
1409334145	7.66e-06
1409334206	7.68e-06
1409334266	7.67e-06
1409334327	7.67e-06
1409334387	7.67e-06
1409334448	7.66e-06
1409334509	7.66e-06
1409334569	7.66e-06
1409334630	7.66e-06
1409334690	7.66e-06
1409334751	7.65e-06
1409334811	7.65e-06
1409334871	7.65e-06
1409334932	7.65e-06
1409334993	7.65e-06
1409335053	7.64e-06
1409335114	7.64e-06
1409335174	7.64e-06
1409335235	7.64e-06
1409335295	7.63e-06
1409335356	7.63e-06
1409335416	7.63e-06
1409335477	7.62e-06
1409335537	7.62e-06
1409335598	7.62e-06
1409335658	7.62e-06
1409335718	7.61e-06
1409335779	7.58e-06
1409335839	7.58e-06
1409335900	7.58e-06
1409335960	7.57e-06
1409336021	7.57e-06
1409336081	7.61e-06
1409336142	7.6e-06
1409336202	7.6e-06
1409336263	7.59e-06
1409336323	7.59e-06
1409336384	7.6e-06
1409336444	7.6e-06
1409336505	7.6e-06
1409336565	7.6e-06
1409336626	7.6e-06
1409336686	7.58e-06
1409336747	7.58e-06
1409336807	7.58e-06
1409336868	7.58e-06
1409336928	7.57e-06
1409336989	7.57e-06
1409337049	7.57e-06
1409337110	7.57e-06
1409337170	7.57e-06
1409337231	7.57e-06
1409337291	7.57e-06
1409337352	7.57e-06
1409337412	7.57e-06
1409337473	7.56e-06
1409337533	7.56e-06
1409337594	7.55e-06
1409337654	7.55e-06
1409337715	7.55e-06
1409337775	7.55e-06
1409337836	7.55e-06
1409337896	7.55e-06
1409337956	7.55e-06
1409338017	7.55e-06
1409338077	7.54e-06
1409338138	7.54e-06
1409338198	7.55e-06
1409338259	7.54e-06
1409338319	7.54e-06
1409338380	7.54e-06
1409338440	7.54e-06
1409338501	7.53e-06
1409338561	7.53e-06
1409338622	7.53e-06
1409338682	7.53e-06
1409338743	7.53e-06
1409338803	7.53e-06
1409338864	7.56e-06
1409338924	7.56e-06
1409338985	7.56e-06
1409339045	7.56e-06
1409339106	7.56e-06
1409339166	7.56e-06
1409339227	7.55e-06
1409339287	7.55e-06
1409339348	7.55e-06
1409339408	7.54e-06
1409339468	7.54e-06
1409339529	7.54e-06
1409339589	7.54e-06
1409339650	7.53e-06
1409339711	7.53e-06
1409339771	7.53e-06
1409339832	7.53e-06
1409339892	7.53e-06
1409339953	7.53e-06
1409340013	7.53e-06
1409340074	7.53e-06
1409340134	7.52e-06
1409340195	7.52e-06
1409340255	7.52e-06
1409340316	7.52e-06
1409340376	7.52e-06
1409340437	7.52e-06
1409340497	7.51e-06
1409340558	7.51e-06
1409340618	7.51e-06
1409340679	7.51e-06
1409340739	7.51e-06
1409340800	7.5e-06
1409340860	7.5e-06
1409340921	7.5e-06
1409340981	7.5e-06
1409341042	7.5e-06
1409341102	7.49e-06
1409341163	7.28e-06
1409341223	7.29e-06
1409341284	7.24e-06
1409341344	7.25e-06
1409341405	7.25e-06
1409341465	7.25e-06
1409341526	7.25e-06
1409341586	7.25e-06
1409341647	7.26e-06
1409341707	7.26e-06
1409341768	7.29e-06
1409341828	7.27e-06
1409341889	7.27e-06
1409341949	7.26e-06
1409342010	7.26e-06
1409342071	7.27e-06
1409342131	7.64e-06
1409342192	7.5e-06
1409342252	7.51e-06
1409342313	7.43e-06
1409342373	7.44e-06
1409342434	7.41e-06
1409342494	7.41e-06
1409342555	7.41e-06
1409342615	7.4e-06
1409342676	7.39e-06
1409342736	7.38e-06
1409342797	7.37e-06
1409342857	7.37e-06
1409342918	7.49e-06
1409342978	7.62e-06
1409343039	7.64e-06
1409343099	7.65e-06
1409343160	7.67e-06
1409343220	7.68e-06
1409343281	7.67e-06
1409343341	7.67e-06
1409343402	7.68e-06
1409343462	7.69e-06
1409343523	7.69e-06
1409343583	7.7e-06
1409343644	7.7e-06
1409343704	7.71e-06
1409343765	7.71e-06
1409343825	7.71e-06
1409343886	7.71e-06
1409343946	7.72e-06
1409344007	7.81e-06
1409344067	7.8e-06
1409344128	7.79e-06
1409344188	7.78e-06
1409344249	7.74e-06
1409344309	7.73e-06
1409344370	7.72e-06
1409344430	7.77e-06
1409344491	7.73e-06
1409344551	7.73e-06
1409344612	7.72e-06
1409344672	7.72e-06
1409344733	7.71e-06
1409344793	7.74e-06
1409344854	7.72e-06
1409344914	7.71e-06
1409344975	7.71e-06
1409345036	7.71e-06
1409345096	7.71e-06
1409345157	7.71e-06
1409345217	7.71e-06
1409345277	7.71e-06
1409345338	7.71e-06
1409345398	7.71e-06
1409345459	7.75e-06
1409345519	7.74e-06
1409345580	7.73e-06
1409345640	7.73e-06
1409345701	7.72e-06
1409345762	7.72e-06
1409345822	7.71e-06
1409345883	7.71e-06
1409345943	7.71e-06
1409346004	7.7e-06
1409346064	7.77e-06
1409346124	7.72e-06
1409346185	7.71e-06
1409346245	7.71e-06
1409346306	7.71e-06
1409346366	7.71e-06
1409346427	7.71e-06
1409346487	7.7e-06
1409346548	7.7e-06
1409346608	7.7e-06
1409346669	7.7e-06
1409346729	7.7e-06
1409346790	7.69e-06
1409346850	7.69e-06
1409346911	7.69e-06
1409346971	7.69e-06
1409347032	7.69e-06
1409347092	7.69e-06
1409347153	7.69e-06
1409347213	7.69e-06
1409347273	7.69e-06
1409347334	7.48e-06
1409347395	7.47e-06
1409347455	7.46e-06
1409347515	7.46e-06
1409347576	7.46e-06
1409347636	7.46e-06
1409347697	7.46e-06
1409347757	7.46e-06
1409347818	7.46e-06
1409347878	7.45e-06
1409347939	7.45e-06
1409347999	7.45e-06
1409348060	7.45e-06
1409348120	7.45e-06
1409348181	7.45e-06
1409348241	7.44e-06
1409348302	7.44e-06
1409348362	7.44e-06
1409348423	7.44e-06
1409348483	7.44e-06
1409348544	7.43e-06
1409348604	7.43e-06
1409348665	7.43e-06
1409348725	7.43e-06
1409348786	7.43e-06
1409348846	7.43e-06
1409348907	7.42e-06
1409348967	7.42e-06
1409349028	7.43e-06
1409349088	7.43e-06
1409349149	7.42e-06
1409349209	7.42e-06
1409349270	7.42e-06
1409349330	7.42e-06
1409349391	7.42e-06
1409349451	7.42e-06
1409349512	7.42e-06
1409349572	7.41e-06
1409349633	7.41e-06
1409349693	7.41e-06
1409349754	7.41e-06
1409349814	7.41e-06
1409349875	7.41e-06
1409349936	7.41e-06
1409349996	7.4e-06
1409350056	7.4e-06
1409350117	7.44e-06
1409350177	7.4e-06
1409350238	7.39e-06
1409350298	7.39e-06
1409350359	7.39e-06
1409350419	7.39e-06
1409350480	7.39e-06
1409350540	7.34e-06
1409350601	7.21e-06
1409350661	7.13e-06
1409350722	7.15e-06
1409350782	7.2e-06
1409350843	7.2e-06
1409350903	7.42e-06
1409350964	7.23e-06
1409351024	7.23e-06
1409351085	7.23e-06
1409351145	7.23e-06
1409351206	7.22e-06
1409351266	7.23e-06
1409351327	7.04e-06
1409351387	7e-06
1409351448	7.01e-06
1409351508	7.02e-06
1409351568	7.02e-06
1409351629	7.02e-06
1409351689	7.02e-06
1409351750	7.02e-06
1409351810	6.96e-06
1409351871	6.96e-06
1409351931	6.96e-06
1409351992	6.96e-06
1409352052	6.95e-06
1409352113	6.96e-06
1409352173	6.96e-06
1409352234	6.95e-06
1409352294	6.96e-06
1409352355	6.94e-06
1409352415	6.94e-06
1409352476	6.93e-06
1409352536	6.93e-06
1409352597	6.92e-06
1409352657	6.92e-06
1409352717	6.92e-06
1409352778	6.92e-06
1409352838	6.92e-06
1409352899	6.92e-06
1409352959	6.92e-06
1409353020	6.92e-06
1409353080	6.92e-06
1409353141	6.92e-06
1409353201	6.99e-06
1409353262	7.05e-06
1409353322	7.06e-06
1409353383	7.05e-06
1409353443	7.05e-06
1409353504	7.04e-06
1409353564	7.05e-06
1409353625	7.04e-06
1409353685	7.03e-06
1409353746	7.02e-06
1409353806	6.97e-06
1409353867	6.99e-06
1409353927	6.98e-06
1409353988	7.13e-06
1409354048	7.24e-06
1409354109	7.21e-06
1409354169	7.17e-06
1409354230	7.22e-06
1409354290	7.19e-06
1409354351	7.12e-06
1409354411	7.1e-06
1409354472	7.11e-06
1409354532	7.1e-06
1409354593	7.1e-06
1409354653	7.1e-06
1409354714	7.1e-06
1409354774	7.1e-06
1409354834	7.1e-06
1409354895	7.09e-06
1409354955	7.09e-06
1409355016	7.28e-06
1409355077	4.89e-05
1409355137	5.23e-05
1409355197	5.31e-05
1409355258	5.35e-05
1409355318	5.37e-05
1409355379	5.38e-05
1409355440	5.38e-05
1409355500	5.39e-05
1409355560	5.39e-05
1409355621	5.4e-05
1409355682	5.4e-05
1409355742	5.41e-05
1409355802	5.41e-05
1409356781	0.0
1409356841	8.31e-06
1409356902	8.02e-06
1409356962	7.9e-06
1409357023	7.83e-06
1409357083	7.78e-06
1409357144	7.75e-06
1409357204	7.73e-06
1409357265	7.65e-06
1409357325	7.61e-06
1409357386	7.6e-06
1409357446	7.59e-06
1409357507	7.59e-06
1409357567	7.58e-06
1409357628	7.58e-06
1409357689	7.58e-06
1409357749	7.58e-06
1409357810	7.58e-06
1409357870	7.57e-06
1409357931	7.57e-06
1409357991	7.57e-06
1409358052	7.56e-06
1409358112	7.56e-06
1409358173	7.55e-06
1409358233	7.55e-06
1409358294	7.54e-06
1409358354	7.54e-06
1409358414	7.53e-06
1409358475	7.53e-06
1409358535	7.53e-06
1409358596	7.52e-06
1409358656	7.52e-06
1409358717	7.51e-06
1409358777	7.51e-06
1409358838	7.51e-06
1409358898	7.5e-06
1409358959	7.5e-06
1409359019	7.49e-06
1409359080	7.49e-06
1409359140	7.49e-06
1409359201	7.49e-06
1409359261	7.48e-06
1409359322	7.48e-06
1409359382	7.48e-06
1409359443	7.47e-06
1409359503	7.47e-06
1409359564	7.46e-06
1409359624	7.46e-06
1409359685	7.46e-06
1409359745	7.45e-06
1409359806	7.45e-06
1409359866	7.45e-06
1409359927	7.44e-06
1409359988	7.44e-06
1409360048	7.44e-06
1409360109	7.43e-06
1409360169	7.43e-06
1409360230	7.43e-06
1409360290	7.42e-06
1409360350	7.42e-06
1409360411	7.42e-06
1409360471	7.41e-06
1409360532	7.41e-06
1409360592	7.41e-06
1409360653	7.41e-06
1409360713	7.4e-06
1409360774	7.4e-06
1409360834	7.4e-06
1409360895	7.4e-06
1409360955	7.39e-06
1409361016	7.39e-06
1409361076	7.38e-06
1409361137	7.38e-06
1409361197	7.38e-06
1409361258	7.38e-06
1409361318	7.37e-06
1409361379	7.37e-06
1409361439	7.37e-06
1409361500	7.36e-06
1409361560	7.36e-06
1409361621	7.36e-06
1409361681	7.35e-06
1409361742	7.35e-06
1409361802	7.35e-06
1409361863	7.35e-06
1409361923	7.34e-06
1409361984	7.34e-06
1409362045	7.34e-06
1409362105	7.33e-06
1409362166	7.33e-06
1409362226	7.33e-06
1409362287	7.33e-06
1409362347	7.32e-06
1409362408	7.32e-06
1409362468	7.32e-06
1409362529	7.31e-06
1409362589	7.31e-06
1409362650	7.31e-06
1409362710	7.3e-06
1409362771	7.3e-06
1409362831	7.3e-06
1409362892	7.3e-06
1409362952	7.29e-06
1409363013	7.29e-06
1409363073	7.29e-06
1409363134	7.29e-06
1409363194	7.28e-06
1409363255	7.28e-06
1409363315	7.28e-06
1409363376	7.33e-06
1409363436	7.21e-06
1409363497	7.2e-06
1409363557	7.2e-06
1409363618	7.2e-06
1409363678	7.19e-06
1409363738	7.19e-06
1409363799	7.19e-06
1409363859	7.19e-06
1409363920	7.17e-06
1409363980	7.17e-06
1409364041	7.16e-06
