1406755753	0.0
1406755813	6.6
1406755874	2.08
1406755934	1.41
1406755995	1.17
1406756055	1.06
1406756115	0.889
1406756176	0.0107
1406756236	0.00508
1406756297	0.00357
1406756357	0.00286
1406756418	0.00252
1406756478	0.0023
1406756539	0.00215
1406756599	0.00202
1406756660	0.00192
1406756720	0.00183
1406756781	0.00177
1406756841	0.00171
1406756901	0.00166
1406756962	0.00162
1406757023	0.00157
1406757083	0.00153
1406757143	0.00148
1406757204	0.00144
1406757264	0.00141
1406757325	0.00137
1406757385	0.00133
1406757446	0.0013
1406757506	0.00127
1406757567	0.00124
1406757627	0.00121
1406757688	0.00118
1406757748	0.00116
1406757809	0.00113
1406757869	0.00111
1406757930	0.00108
1406757990	0.00106
1406758051	0.00104
1406758111	0.00102
1406758171	0.000992
1406758232	0.000971
1406758293	0.000949
1406758353	0.000928
1406758413	0.000908
1406758474	0.000891
1406758534	0.000873
1406758595	0.000856
1406758655	0.000839
1406758716	0.000822
1406758776	0.000806
1406758837	0.000791
1406758897	0.000775
1406758958	0.000761
1406759018	0.000746
1406759079	0.000731
1406759139	0.000717
1406759200	0.000705
1406759260	0.000691
1406759321	0.000678
1406759381	0.000665
1406759442	0.000651
1406759502	0.000639
1406759563	0.000626
1406759623	0.000614
1406759684	0.000603
1406759744	0.000591
1406759805	0.000581
1406759865	0.00057
1406759926	0.000558
1406759986	0.000548
1406760047	0.000536
1406760107	0.000527
1406760168	0.000516
1406760228	0.000506
1406760289	0.000496
1406760349	0.000486
1406760409	0.000476
1406760470	0.000466
1406760530	0.000457
1406760591	0.000447
1406760651	0.000438
1406760712	0.00043
1406760772	0.000422
1406760833	0.000413
1406760893	0.000404
1406760954	0.000397
1406761014	0.000389
1406761075	0.000382
1406761135	0.000375
1406761196	0.000369
1406761256	0.000362
1406761317	0.000356
1406761377	0.00035
1406761438	0.000345
1406761498	0.000338
1406761559	0.000334
1406761619	0.000328
1406761680	0.000323
1406761740	0.000318
1406761801	0.000314
1406761861	0.000311
1406761922	0.000307
1406761982	0.000303
1406762043	0.000299
1406762103	0.000296
1406762164	0.000293
1406762224	0.000289
1406762285	0.000286
1406762345	0.000282
1406762406	0.00028
1406762466	0.000276
1406762527	0.000273
1406762587	0.00027
1406762648	0.000266
1406762708	0.000263
1406762769	0.000261
1406762829	0.000258
1406762890	0.000255
1406762950	0.000252
1406763011	0.00025
1406763071	0.000247
1406763132	0.000244
1406763192	0.000242
1406763252	0.000239
1406763313	0.000237
1406763373	0.000234
1406763434	0.000231
1406763494	0.000229
1406763555	0.000226
1406763615	0.000224
1406763676	0.000222
1406763736	0.00022
1406763797	0.000218
1406763857	0.000215
1406763918	0.000213
1406763978	0.000211
1406764039	0.000209
1406764099	0.000207
1406764160	0.000205
1406764220	0.000203
1406764281	0.000201
1406764341	0.000199
1406764401	0.000197
1406764462	0.000195
1406764522	0.000193
1406764583	0.000191
1406764643	0.000188
1406764704	0.000186
1406764764	0.000184
1406764825	0.000182
1406764885	0.00018
1406764946	0.000178
1406765006	0.000176
1406765067	0.000174
1406765127	0.000172
1406765187	0.00017
1406765248	0.000169
1406765308	0.000168
1406765369	0.000166
1406765429	0.000165
1406765490	0.000164
1406765550	0.000162
1406765611	0.00016
1406765671	0.000159
1406765732	0.000157
1406765792	0.000156
1406765853	0.000154
1406765913	0.000153
1406765974	0.000152
1406766034	0.00015
1406766095	0.000149
1406766155	0.000148
1406766216	0.000146
1406766276	0.000145
1406766337	0.000144
1406766397	0.000142
1406766458	0.000141
1406766518	0.000139
1406766579	0.000137
1406766639	0.000136
1406766700	0.000135
1406766760	0.000133
1406766821	0.000132
1406766881	0.000131
1406766942	0.00013
1406767002	0.000129
1406767063	0.000128
1406767123	0.000127
1406767184	0.000125
1406767244	0.000124
1406767305	0.000123
1406767365	0.000122
1406767426	0.000121
1406767486	0.00012
1406767547	0.000119
1406767607	0.000117
1406767668	0.000116
1406767728	0.000115
1406767789	0.000114
1406767849	0.000113
1406767909	0.000112
1406767970	0.000111
1406768030	0.00011
1406768091	0.000109
1406768151	0.000109
1406768212	0.000107
1406768272	0.000106
1406768333	0.000105
1406768393	0.000104
1406768454	0.000104
1406768514	0.000103
1406768575	0.000102
1406768635	0.000101
1406768696	9.96e-05
1406768756	9.89e-05
1406768817	9.8e-05
1406768877	9.73e-05
1406768938	9.64e-05
1406768998	9.57e-05
1406769059	9.45e-05
1406769119	9.38e-05
1406769179	9.3e-05
1406769240	9.19e-05
1406769300	9.1e-05
1406769361	9.02e-05
1406769421	8.95e-05
1406769482	8.82e-05
1406769542	8.51e-05
1406769603	8.4e-05
1406769663	8.33e-05
1406769724	8.27e-05
1406769784	8.21e-05
1406769845	8.15e-05
1406769905	8.09e-05
1406769966	8.03e-05
1406770026	7.97e-05
1406770087	7.91e-05
1406770147	7.85e-05
1406770208	7.79e-05
1406770268	7.73e-05
1406770329	7.67e-05
1406770389	7.62e-05
1406770450	7.56e-05
1406770510	7.5e-05
1406770571	7.45e-05
1406770631	7.39e-05
1406770692	7.34e-05
1406770752	7.29e-05
1406770813	7.24e-05
1406770873	7.18e-05
1406770933	7.13e-05
1406770994	7.08e-05
1406771055	7.03e-05
1406771115	6.98e-05
1406771176	6.93e-05
1406771236	6.88e-05
1406771296	6.83e-05
1406771357	6.79e-05
1406771417	6.74e-05
1406771478	6.69e-05
1406771538	6.64e-05
1406771599	6.6e-05
1406771659	6.55e-05
1406771720	6.51e-05
1406771780	6.46e-05
1406771841	6.42e-05
1406771901	6.37e-05
1406771962	6.33e-05
1406772022	6.29e-05
1406772083	6.25e-05
1406772144	6.2e-05
1406772204	6.16e-05
1406772264	6.12e-05
1406772325	6.08e-05
1406772385	6.04e-05
1406772446	6e-05
1406772507	5.96e-05
1406772567	5.92e-05
1406772627	5.88e-05
1406772688	5.84e-05
1406772748	5.8e-05
1406772809	5.77e-05
1406772869	5.73e-05
1406772930	5.69e-05
1406772990	5.65e-05
1406773051	5.62e-05
1406773111	5.58e-05
1406773172	5.54e-05
1406773232	5.51e-05
1406773293	5.47e-05
1406773353	5.44e-05
1406773414	5.4e-05
1406773474	5.37e-05
1406773534	5.33e-05
1406773595	5.3e-05
1406773655	5.27e-05
1406773716	5.23e-05
1406773776	5.2e-05
1406773837	5.17e-05
1406773897	5.13e-05
1406773958	5.1e-05
1406774018	5.07e-05
1406774079	5.04e-05
1406774139	5e-05
1406774200	4.97e-05
1406774260	4.94e-05
1406774321	4.91e-05
1406774381	4.88e-05
1406774442	4.85e-05
1406774502	4.82e-05
1406774563	4.79e-05
1406774623	4.76e-05
1406774684	4.73e-05
1406774744	4.7e-05
1406774805	4.67e-05
1406774865	4.64e-05
1406774926	4.62e-05
1406774986	4.59e-05
1406775047	4.56e-05
1406775107	4.53e-05
1406775168	4.51e-05
1406775228	4.48e-05
1406775289	4.45e-05
1406775349	4.43e-05
1406775410	4.4e-05
1406775470	4.37e-05
1406775531	4.35e-05
1406775591	4.32e-05
1406775652	4.29e-05
1406775712	4.27e-05
1406775772	4.24e-05
1406775833	4.22e-05
1406775893	4.19e-05
1406775954	4.17e-05
1406776014	4.14e-05
1406776075	4.12e-05
1406776135	4.09e-05
1406776196	4.06e-05
1406776256	4.04e-05
1406776317	4.02e-05
1406776377	4e-05
1406776438	3.97e-05
1406776498	3.95e-05
1406776559	3.93e-05
1406776619	3.9e-05
1406776680	3.88e-05
1406776740	3.86e-05
1406776800	3.83e-05
1406776861	3.81e-05
1406776921	3.79e-05
1406776982	3.77e-05
1406777042	3.75e-05
1406777103	3.73e-05
1406777163	3.71e-05
1406777224	3.69e-05
1406777284	3.66e-05
1406777345	3.64e-05
1406777405	3.62e-05
1406777466	3.6e-05
1406777526	3.58e-05
1406777587	3.57e-05
1406777647	3.54e-05
1406777707	3.52e-05
1406777768	3.5e-05
1406777828	3.48e-05
1406777889	3.46e-05
1406777949	3.44e-05
1406778010	3.42e-05
1406778070	3.41e-05
1406778131	3.39e-05
1406778191	3.37e-05
1406778252	3.35e-05
1406778312	3.33e-05
1406778373	3.32e-05
1406778433	3.3e-05
1406778494	3.28e-05
1406778554	3.26e-05
1406778615	3.25e-05
1406778675	3.23e-05
1406778736	3.21e-05
1406778796	3.19e-05
1406778857	3.18e-05
1406778917	3.16e-05
1406778978	3.14e-05
1406779038	3.13e-05
1406779099	3.11e-05
1406779159	3.09e-05
1406779220	3.08e-05
1406779280	3.06e-05
1406779341	3.04e-05
1406779401	3.03e-05
1406779462	3.01e-05
1406779522	3e-05
1406779583	2.98e-05
1406779643	2.97e-05
1406779704	2.95e-05
1406779764	2.94e-05
1406779825	2.92e-05
1406779885	2.91e-05
1406779946	2.89e-05
1406780006	2.88e-05
1406780067	2.86e-05
1406780127	2.85e-05
1406780188	2.83e-05
1406780248	2.82e-05
1406780309	2.81e-05
1406780369	2.79e-05
1406780430	2.78e-05
1406780490	2.76e-05
1406780550	2.75e-05
1406780611	2.74e-05
1406780671	2.72e-05
1406780732	2.71e-05
1406780792	2.7e-05
1406780853	2.68e-05
1406780913	2.67e-05
1406780974	2.66e-05
1406781034	2.64e-05
1406781095	2.63e-05
1406781155	2.62e-05
1406781216	2.61e-05
1406781276	2.59e-05
1406781337	2.58e-05
1406781398	2.57e-05
1406781458	2.56e-05
1406781518	2.54e-05
1406781579	2.53e-05
1406781639	2.52e-05
1406781700	2.51e-05
1406781760	2.5e-05
1406781821	2.48e-05
1406781881	2.47e-05
1406781942	2.46e-05
1406782002	2.45e-05
1406782063	2.44e-05
1406782123	2.43e-05
1406782184	2.41e-05
1406782244	2.4e-05
1406782305	2.39e-05
1406782365	2.38e-05
1406782426	2.37e-05
1406782486	2.36e-05
1406782547	2.35e-05
1406782607	2.34e-05
1406782668	2.33e-05
1406782728	2.32e-05
1406782788	2.31e-05
1406782849	2.3e-05
1406782909	2.29e-05
1406782970	2.28e-05
1406783030	2.27e-05
1406783091	2.25e-05
1406783151	2.25e-05
1406783212	2.23e-05
1406783272	2.23e-05
1406783333	2.22e-05
1406783393	2.21e-05
1406783453	0.00237
1406783514	0.00238
1406783574	0.00239
1406783635	0.0024
1406783695	0.0024
1406783756	0.0024
1406783816	0.0024
1406783877	0.00241
1406783937	0.00241
1406783998	0.00241
1406784058	0.00241
1406784119	0.00241
1406784179	0.00241
1406784240	0.00242
1406784300	0.00242
1406784361	0.00242
1406784421	0.00242
1406784482	0.00242
1406784542	0.00242
1406784603	0.00242
1406784663	0.00242
1406784724	0.00242
1406784784	0.00242
1406784844	0.00242
1406784905	0.00242
1406784965	0.00242
1406785026	0.00242
1406785087	0.00242
1406785147	0.00242
1406785208	0.00242
1406785268	0.00242
1406785328	0.00242
1406785389	0.00242
1406785449	0.00242
1406785510	0.00242
1406785570	0.00242
1406785631	0.00242
1406785691	0.00242
1406785752	0.00242
1406785812	0.00241
1406785873	0.00241
1406785933	0.00241
1406785994	0.00242
1406786054	0.00242
1406786115	0.00241
1406786175	0.00242
1406786236	0.00242
1406786296	0.00242
1406786357	0.00242
1406786417	0.00241
1406786478	0.00241
1406786538	0.00242
1406786598	0.00241
1406786659	0.00242
1406786719	0.00241
1406786780	0.00241
1406786840	0.00241
1406786901	0.00241
1406786961	0.00242
1406787022	0.00241
1406787082	0.00241
1406787143	0.00241
1406787203	0.00241
1406787264	0.00241
1406787324	0.00241
1406787385	0.00241
1406787445	0.00241
1406787506	0.00241
1406787566	0.00241
1406787626	0.00241
1406787687	0.00241
1406787747	0.00241
1406787808	0.00241
1406787868	0.00241
1406787929	0.00241
1406787989	0.00241
1406788050	0.00241
1406788110	0.00241
1406788171	0.00241
1406788231	0.00241
1406788292	0.00241
1406788352	0.00241
1406788413	0.00241
1406788473	0.00241
1406788534	0.00241
1406788594	0.00241
1406788655	0.00241
1406788715	0.00241
1406788776	0.00241
1406788836	0.00241
1406788897	0.00241
1406788957	0.00241
1406789018	0.00241
1406789078	0.00241
1406789139	0.00241
1406789199	0.00241
1406789260	0.00241
1406789320	0.00241
1406789381	0.00241
1406789441	0.00241
1406789501	0.00241
1406789562	0.00241
1406789622	0.00241
1406789683	0.00241
1406789743	0.00241
1406789804	0.00241
1406789864	0.00241
1406789925	0.00241
1406789985	0.00241
1406790046	0.00241
1406790106	0.00241
1406790167	0.00241
1406790227	0.00241
1406790288	0.00241
1406790348	0.00241
1406790409	0.00241
1406790469	0.00241
1406790530	0.00241
1406790590	0.0024
1406790651	0.00241
1406790711	0.00241
1406790772	0.0024
1406790832	0.0024
1406790893	0.0024
1406790953	0.0024
1406791014	0.00241
1406791074	0.00241
1406791134	0.0024
1406791195	0.00241
1406791256	0.0024
1406791316	0.00241
1406791376	0.00241
1406791437	0.00241
1406791497	0.00241
1406791558	0.00241
1406791618	0.00241
1406791679	0.00241
1406791739	0.0024
1406791800	0.00241
1406791860	0.0024
1406791921	0.0024
1406791982	0.0024
1406792042	0.0024
1406792103	0.00241
1406792163	0.0024
1406792223	0.00241
1406792284	0.0024
1406792344	0.0024
1406792405	0.0024
1406792465	0.0024
1406792526	0.00241
1406792586	0.00241
1406792647	0.00241
1406792707	0.00241
1406792768	0.00241
1406792828	0.00241
1406792889	0.00241
1406792949	0.00241
1406793010	0.00241
1406793070	0.00241
1406793131	0.00241
1406793191	0.0024
1406793252	0.0024
1406793312	0.0024
1406793373	0.0024
1406793433	0.0024
1406793494	0.0024
1406793554	0.0024
1406793615	0.0024
1406793675	0.0024
1406793736	0.0024
1406793796	0.0024
1406793856	0.0024
1406793917	0.0024
1406793977	0.0024
1406794038	0.0024
1406794098	0.0024
1406794159	0.0024
1406794219	0.0024
1406794280	0.0024
1406794340	0.0024
1406794401	0.0024
1406794461	0.0024
1406794522	0.0024
1406794582	0.0024
1406794643	0.0024
1406794703	0.0024
1406794764	0.0024
1406794824	0.0024
1406794885	0.0024
1406794945	0.0024
1406795005	0.0024
1406795066	0.0024
1406795126	0.0024
1406795187	0.0024
1406795247	0.0024
1406795308	0.0024
1406795368	0.0024
1406795429	0.0024
1406795489	0.0024
1406795550	0.0024
1406795610	0.0024
1406795671	0.0024
1406795731	0.0024
1406795792	0.0024
1406795852	0.0024
1406795913	0.0024
1406795973	0.0024
1406796034	0.0024
1406796094	0.0024
1406796155	0.0024
1406796215	0.0024
1406796276	0.0024
1406796336	0.0024
1406796397	0.0024
1406796457	0.0024
1406796517	0.0024
1406796578	0.0024
1406796638	0.0024
1406796699	0.0024
1406796759	0.0024
1406796820	0.0024
1406796880	0.0024
1406796941	0.0024
1406797001	0.0024
1406797062	0.0024
1406797122	0.0024
1406797183	0.0024
1406797243	0.0024
1406797303	0.0024
1406797364	0.0024
1406797424	0.0024
1406797485	0.0024
1406797545	0.0024
1406797606	0.0024
1406797666	0.0024
1406797727	0.0024
1406797787	0.0024
1406797848	0.0024
1406797908	0.0024
1406797969	0.0024
1406798029	0.0024
1406798090	0.0024
1406798150	0.0024
1406798211	0.0024
1406798271	0.0024
1406798332	0.0024
1406798392	0.0024
1406798453	0.0024
1406798513	0.0024
1406798574	0.0024
1406798634	0.0024
1406798694	0.0024
1406798755	0.0024
1406798815	0.0024
1406798876	0.0024
1406798936	0.0024
1406798997	0.0024
1406799057	0.0024
1406799118	0.0024
1406799178	0.0024
1406799239	0.0024
1406799299	0.0024
1406799360	0.0024
1406799420	0.0024
1406799481	0.0024
1406799541	0.0024
1406799601	0.0024
1406799662	0.0024
1406799722	0.0024
1406799783	0.0024
1406799843	0.0024
1406799904	0.0024
1406799964	0.0024
1406800025	0.0024
1406800085	0.0024
1406800146	0.0024
1406800206	0.0024
1406800267	0.0024
1406800327	0.0024
1406800388	0.0024
1406800448	0.0024
1406800509	0.0024
1406800569	0.0024
1406800630	0.0024
1406800690	0.0024
1406800751	0.0024
1406800811	0.0024
1406800871	0.0024
1406800932	0.0024
1406800992	0.00239
1406801053	0.00239
1406801113	0.00239
1406801174	0.00239
1406801234	0.0024
1406801295	0.0024
1406801355	0.0024
1406801416	0.0024
1406801476	0.0024
1406801537	0.0024
1406801597	0.00239
1406801658	0.0024
1406801718	0.0024
1406801779	0.00239
1406801839	0.0024
1406801899	0.00239
1406801960	0.0024
1406802020	0.00239
1406802081	0.0024
1406802141	0.00239
1406802202	0.00239
1406802262	0.0024
1406802323	0.0024
1406802383	0.0024
1406802444	0.0024
1406802504	0.0024
1406802565	0.0024
1406802625	0.0024
1406802686	0.0024
1406802746	0.0024
1406802807	0.0024
1406802867	0.0024
1406802928	0.00239
1406802988	0.0024
1406803049	0.0024
1406803109	0.0024
1406803170	0.0024
1406803230	0.0024
1406803291	0.0024
1406803351	0.0024
1406803412	0.0024
1406803472	0.0024
1406803533	0.0024
1406803593	0.0024
1406803654	0.0024
1406803714	0.00239
1406803775	0.00239
1406803835	0.00239
1406803896	0.00239
1406803956	0.00239
1406804017	0.00239
1406804077	0.0024
1406804138	0.0024
1406804198	0.00239
1406804258	0.00239
1406804319	0.00239
1406804379	0.00239
1406804440	0.00239
1406804500	0.0024
1406804561	0.00239
1406804621	0.00239
1406804682	0.0024
1406804742	0.0024
1406804803	0.00239
1406804863	0.0024
1406804924	0.00239
1406804984	0.00239
1406805045	0.00239
1406805105	0.00239
1406805166	0.00239
1406805226	0.0024
1406805286	0.00239
1406805347	0.00239
1406805407	0.00239
1406805468	0.00239
1406805528	0.00239
1406805589	0.00239
1406805649	0.00239
1406805710	0.00239
1406805770	0.00239
1406805831	0.00239
1406805891	0.00239
1406805952	0.00239
1406806012	0.00239
1406806073	0.00239
1406806133	0.00239
1406806194	0.00239
1406806254	0.00239
1406806315	0.0024
1406806375	0.00239
1406806436	0.00239
1406806496	0.00239
1406806557	0.0024
1406806617	0.00239
1406806678	0.00239
1406806738	0.00239
1406806799	0.00239
1406806859	0.00239
1406806919	0.00239
1406806980	0.0024
1406807040	0.00239
1406807101	0.00239
1406807161	0.00239
1406807222	0.00239
1406807282	0.00239
1406807343	0.0024
1406807403	0.00239
1406807464	0.00239
1406807524	0.00239
1406807585	0.00239
1406807645	0.00239
1406807706	0.0024
1406807766	0.00239
1406807827	0.00239
1406807887	0.00239
1406807948	0.0024
1406808008	0.00239
1406808069	0.00239
1406808129	0.00239
1406808189	0.0024
1406808250	0.00239
1406808310	0.00239
1406808371	0.00239
1406808431	0.0024
1406808492	0.00239
1406808552	0.00239
1406808613	0.00239
1406808673	0.00239
1406808734	0.00239
1406808794	0.00239
1406808855	0.00239
1406808915	0.00239
1406808975	0.00239
1406809036	0.00239
1406809096	0.00239
1406809157	0.00239
1406809217	0.00239
1406809278	0.00239
1406809338	0.00239
1406809399	0.00239
1406809459	0.00239
1406809520	0.00239
1406809580	0.00239
1406809641	0.00239
1406809701	0.00239
1406809762	0.00239
1406809822	0.00239
1406809882	0.00239
1406809943	0.00239
1406810003	0.00239
1406810064	0.00239
1406810124	0.00239
1406810185	0.00239
1406810245	0.00239
1406810306	0.00239
1406810366	0.00239
1406810427	0.00239
1406810487	0.00239
1406810547	0.00239
1406810608	0.00239
1406810668	0.00239
1406810729	0.00239
1406810789	0.00239
1406810850	0.00239
1406810910	0.00239
1406810971	0.00239
1406811031	0.00239
1406811092	0.00239
1406811152	0.00239
1406811213	0.00239
1406811273	0.00239
1406811334	0.00239
1406811394	0.00239
1406811455	0.00239
1406811516	0.00239
1406811576	0.00239
1406811637	0.00239
1406811697	0.00239
1406811758	0.00239
1406811818	0.00239
1406811879	0.00239
1406811939	0.00239
1406811999	0.00239
1406812060	0.00239
1406812120	0.00239
1406812181	0.00239
1406812241	0.00239
1406812302	0.00239
1406812362	0.00239
1406812423	0.00239
1406812483	0.00239
1406812544	0.00239
1406812604	0.00239
1406812665	0.00239
1406812725	0.00239
1406812786	0.00239
1406812846	0.0024
1406812907	0.00239
1406812967	0.00239
1406813028	0.00239
1406813088	0.00239
1406813149	0.0024
1406813209	0.00239
1406813270	0.00239
1406813330	0.00239
1406813391	5.26e-05
1406813451	8.01e-06
1406813512	7.08e-06
1406813572	6.71e-06
1406813633	6.48e-06
1406813693	6.32e-06
1406813754	6.2e-06
1406813814	6.1e-06
1406813875	6.02e-06
1406813935	5.95e-06
1406813996	5.9e-06
1406814056	5.85e-06
1406814117	5.8e-06
1406814177	6.37e-06
1406814238	1.03e-05
1406814298	1.15e-05
1406814359	1.24e-05
1406814419	1.32e-05
1406814480	1.38e-05
1406814540	1.44e-05
1406814601	1.49e-05
1406814661	1.53e-05
1406814721	1.57e-05
1406814782	1.61e-05
1406814842	1.65e-05
1406815583	0.0
1406815643	1.1e-05
1406815704	9e-06
1406815764	8.07e-06
1406815825	7.5e-06
1406815885	7.12e-06
1406815946	6.83e-06
1406816006	6.62e-06
1406816066	6.44e-06
1406816127	6.3e-06
1406816187	6.18e-06
1406816248	6.08e-06
1406816308	5.99e-06
1406816369	5.92e-06
1406816429	5.85e-06
1406816490	5.79e-06
1406816550	5.74e-06
1406816611	5.69e-06
1406816671	5.64e-06
1406816732	5.6e-06
1406816792	5.56e-06
1406816853	5.53e-06
1406816913	5.49e-06
1406816974	5.46e-06
1406817034	5.44e-06
1406817095	5.41e-06
1406817155	5.39e-06
1406817216	5.36e-06
1406817276	5.34e-06
1406817337	5.32e-06
1406817397	5.3e-06
1406817457	5.28e-06
1406817518	5.26e-06
1406817578	5.24e-06
1406817639	5.23e-06
1406817699	5.21e-06
1406817760	5.2e-06
1406817820	5.18e-06
1406817881	5.17e-06
1406817941	5.15e-06
1406818002	5.14e-06
1406818062	5.13e-06
1406818123	5.11e-06
1406818183	5.1e-06
1406818244	5.09e-06
1406818304	5.08e-06
1406818364	5.06e-06
1406818425	5.05e-06
1406818486	5.04e-06
1406818546	5.03e-06
1406818606	5.02e-06
1406818667	5.01e-06
1406818727	5e-06
1406818788	4.99e-06
1406818848	4.98e-06
1406818909	4.97e-06
1406818969	4.96e-06
1406819030	4.95e-06
1406819091	4.94e-06
1406819151	4.93e-06
1406819212	4.92e-06
1406819272	4.91e-06
1406819333	4.9e-06
1406819393	4.89e-06
1406819453	4.88e-06
1406819514	4.87e-06
1406819574	4.86e-06
1406819635	4.85e-06
1406819695	4.85e-06
1406819756	4.84e-06
1406819816	4.83e-06
1406819877	4.82e-06
1406819937	4.81e-06
1406819998	4.8e-06
1406820058	4.79e-06
1406820119	4.79e-06
1406820179	4.78e-06
1406820240	4.77e-06
1406820300	4.76e-06
1406820361	4.75e-06
1406820421	4.75e-06
1406820482	4.74e-06
1406820542	4.73e-06
1406820603	4.72e-06
1406820663	4.72e-06
1406820724	4.71e-06
1406820784	4.7e-06
1406820845	4.69e-06
1406820905	4.69e-06
1406820966	4.68e-06
1406821026	4.67e-06
1406821087	4.66e-06
1406821147	4.66e-06
1406821208	4.65e-06
1406821268	4.64e-06
1406821329	4.63e-06
1406821389	4.63e-06
1406821450	4.62e-06
1406821510	4.62e-06
1406821571	4.61e-06
1406821631	4.6e-06
1406821691	4.59e-06
1406821752	4.59e-06
1406821812	4.58e-06
1406821873	4.57e-06
1406821933	4.57e-06
1406821994	4.56e-06
1406822054	4.56e-06
1406822115	4.55e-06
1406822175	4.54e-06
1406822236	4.54e-06
1406822296	4.53e-06
1406822357	4.52e-06
1406822417	4.52e-06
1406822477	4.51e-06
1406822538	4.51e-06
1406822598	4.5e-06
1406822659	4.49e-06
1406822719	4.49e-06
1406822780	4.48e-06
1406822840	4.48e-06
1406822901	4.47e-06
1406822961	4.46e-06
1406823022	4.46e-06
1406823082	4.45e-06
1406823143	4.45e-06
1406823203	4.44e-06
1406823264	4.44e-06
1406823324	4.43e-06
1406823385	4.42e-06
1406823445	4.42e-06
1406823506	4.41e-06
1406823566	4.41e-06
1406823627	4.4e-06
1406823687	4.4e-06
1406823747	4.39e-06
1406823808	4.38e-06
1406823868	4.38e-06
1406823929	4.37e-06
1406823989	4.37e-06
1406824050	4.36e-06
1406824110	4.36e-06
1406824171	4.35e-06
1406824231	4.35e-06
1406824292	4.34e-06
1406824352	4.34e-06
1406824413	4.33e-06
1406824473	4.32e-06
1406824534	4.32e-06
1406824594	4.31e-06
1406824655	4.31e-06
1406824715	4.3e-06
1406824776	4.3e-06
1406824836	4.29e-06
1406824897	4.29e-06
1406824957	4.28e-06
1406825018	4.28e-06
1406825078	4.27e-06
1406825139	4.27e-06
1406825199	4.26e-06
1406825260	4.26e-06
1406825320	4.25e-06
1406825381	4.25e-06
1406825441	4.24e-06
1406825502	4.24e-06
1406825562	4.23e-06
1406825623	4.23e-06
1406825683	4.22e-06
1406825744	4.22e-06
1406825804	4.21e-06
1406825865	4.21e-06
1406825925	4.2e-06
1406825986	4.2e-06
1406826046	4.19e-06
1406826107	4.19e-06
1406826167	4.19e-06
1406826228	4.18e-06
1406826288	4.18e-06
1406826349	4.17e-06
1406826409	4.17e-06
1406826470	4.16e-06
1406826530	4.16e-06
1406826591	4.15e-06
1406826651	4.15e-06
1406826712	4.14e-06
1406826772	4.14e-06
1406826833	4.13e-06
1406826893	4.13e-06
1406826953	4.13e-06
1406827014	4.12e-06
1406827074	4.12e-06
1406827135	4.11e-06
1406827195	4.11e-06
1406827256	4.1e-06
1406827316	4.1e-06
1406827377	4.09e-06
1406827437	4.09e-06
1406827498	4.09e-06
1406827558	4.08e-06
1406827619	4.08e-06
1406827679	4.07e-06
1406827739	4.07e-06
1406827800	4.06e-06
1406827860	4.06e-06
1406827921	4.06e-06
1406827981	4.05e-06
1406828042	4.05e-06
1406828102	4.04e-06
1406828163	4.04e-06
1406828223	4.04e-06
1406828284	4.03e-06
1406828344	4.03e-06
1406828405	4.02e-06
1406828465	4.02e-06
1406828526	4.01e-06
1406828586	4.01e-06
1406828647	4.01e-06
1406828707	4e-06
1406828768	4e-06
1406828828	3.99e-06
1406828889	3.99e-06
1406828949	3.99e-06
1406829010	3.98e-06
1406829070	3.98e-06
1406829131	3.97e-06
1406829191	3.97e-06
1406829252	3.97e-06
1406829312	3.96e-06
1406829372	3.96e-06
1406829433	3.95e-06
1406829493	3.95e-06
1406829554	3.95e-06
1406829614	3.94e-06
1406829675	3.94e-06
1406829735	3.93e-06
1406829796	3.93e-06
1406829856	3.93e-06
1406829917	3.92e-06
1406829977	3.92e-06
1406830038	3.92e-06
1406830098	3.91e-06
1406830159	3.91e-06
1406830219	3.9e-06
1406830280	3.9e-06
1406830340	3.9e-06
1406830401	3.89e-06
1406830461	3.89e-06
1406830522	3.89e-06
1406830582	3.88e-06
1406830643	3.88e-06
1406830703	3.88e-06
1406830764	3.87e-06
1406830824	3.87e-06
1406830885	3.87e-06
1406830945	3.86e-06
1406831006	3.86e-06
1406831066	3.86e-06
1406831127	3.85e-06
1406831187	3.85e-06
1406831248	3.85e-06
1406831308	3.84e-06
1406831369	3.84e-06
1406831429	3.84e-06
1406831490	3.83e-06
1406831550	3.83e-06
1406831610	3.83e-06
1406831671	3.82e-06
1406831731	3.82e-06
1406831792	3.81e-06
1406831852	3.81e-06
1406831913	3.81e-06
1406831973	3.8e-06
1406832034	3.8e-06
1406832094	3.8e-06
1406832155	3.79e-06
1406832215	3.79e-06
1406832276	3.79e-06
1406832336	3.78e-06
1406832397	3.78e-06
1406832457	3.78e-06
1406832518	3.77e-06
1406832578	3.77e-06
1406832639	3.76e-06
1406832699	3.76e-06
1406832760	3.76e-06
1406832820	3.75e-06
1406832881	3.75e-06
1406832941	3.75e-06
1406833002	3.74e-06
1406833062	3.74e-06
1406833123	3.74e-06
1406833183	3.73e-06
1406833244	3.73e-06
1406833304	3.73e-06
1406833365	3.72e-06
1406833425	3.72e-06
1406833486	3.72e-06
1406833546	3.71e-06
1406833607	3.71e-06
1406833667	3.71e-06
1406833728	3.7e-06
1406833788	3.7e-06
1406833849	3.7e-06
1406833909	3.69e-06
1406833970	3.69e-06
1406834030	3.69e-06
1406834091	3.68e-06
1406834151	3.68e-06
1406834212	3.68e-06
1406834272	3.67e-06
1406834333	3.67e-06
1406834393	3.67e-06
1406834454	3.66e-06
1406834514	3.66e-06
1406834575	3.66e-06
1406834635	3.65e-06
1406834696	3.65e-06
1406834756	3.65e-06
1406834817	3.64e-06
1406834877	3.64e-06
1406834938	3.64e-06
1406834998	3.64e-06
1406835059	3.63e-06
1406835119	3.63e-06
1406835180	3.63e-06
1406835240	3.62e-06
1406835300	3.62e-06
1406835361	3.62e-06
1406835421	3.61e-06
1406835482	3.61e-06
1406835543	3.61e-06
1406835603	3.6e-06
1406835663	3.6e-06
1406835724	3.6e-06
1406835785	3.59e-06
1406835845	3.59e-06
1406835906	3.59e-06
1406835966	3.59e-06
1406836026	3.58e-06
1406836087	3.58e-06
1406836147	3.58e-06
1406836208	3.58e-06
1406836268	3.57e-06
1406836329	3.57e-06
1406836389	3.57e-06
1406836450	3.56e-06
1406836510	3.56e-06
1406836571	3.56e-06
1406836631	3.55e-06
1406836692	3.55e-06
1406836752	3.55e-06
1406836813	3.55e-06
1406836873	3.54e-06
1406836934	3.54e-06
1406836994	3.54e-06
1406837055	3.53e-06
1406837115	3.53e-06
1406837176	3.53e-06
1406837236	3.53e-06
1406837296	3.52e-06
1406837357	3.52e-06
1406837417	3.52e-06
1406837478	3.52e-06
1406837538	3.51e-06
1406837599	3.51e-06
1406837659	3.51e-06
1406837720	3.5e-06
1406837780	3.5e-06
1406837841	3.5e-06
1406837901	3.5e-06
1406837962	3.41e-06
1406838022	3.4e-06
1406838083	3.4e-06
1406838143	3.39e-06
1406838203	3.39e-06
1406838264	3.39e-06
1406838325	3.38e-06
1406838385	3.38e-06
1406838446	3.38e-06
1406838506	3.38e-06
1406838567	3.37e-06
1406838627	3.37e-06
1406838688	3.37e-06
1406838748	3.37e-06
1406838808	3.36e-06
1406838869	3.36e-06
1406838929	3.36e-06
1406838990	3.36e-06
1406839051	3.35e-06
1406839111	3.35e-06
1406839172	3.35e-06
1406839232	3.35e-06
1406839292	3.34e-06
1406839353	3.34e-06
1406839413	3.34e-06
1406839474	3.34e-06
1406839534	3.33e-06
1406839595	3.33e-06
1406839655	3.33e-06
1406839716	3.33e-06
1406839776	3.32e-06
1406839837	3.32e-06
1406839897	3.32e-06
1406839958	3.32e-06
1406840018	3.31e-06
1406840079	3.31e-06
1406840139	3.31e-06
1406840200	3.31e-06
1406840260	3.3e-06
1406840321	3.3e-06
1406840381	3.3e-06
1406840441	3.3e-06
1406840502	3.29e-06
1406840562	3.29e-06
1406840623	3.29e-06
1406840683	3.29e-06
1406840744	3.29e-06
1406840804	3.28e-06
1406840865	3.28e-06
1406840925	3.28e-06
1406840986	3.28e-06
1406841046	3.27e-06
1406841107	3.27e-06
1406841167	3.27e-06
1406841228	3.27e-06
1406841288	3.26e-06
1406841349	3.26e-06
1406841409	3.26e-06
1406841469	3.25e-06
1406841530	3.25e-06
1406841591	3.25e-06
1406841651	3.25e-06
1406841712	3.25e-06
1406841772	3.24e-06
1406841832	3.24e-06
1406841893	3.24e-06
1406841953	3.23e-06
1406842014	3.23e-06
1406842074	3.23e-06
1406842135	3.23e-06
1406842195	3.23e-06
1406842256	3.22e-06
1406842316	3.22e-06
1406842377	3.22e-06
1406842437	3.22e-06
1406842498	3.21e-06
1406842558	3.21e-06
1406842619	3.21e-06
1406842679	3.2e-06
1406842740	3.2e-06
1406842800	3.2e-06
1406842861	3.2e-06
1406842921	3.19e-06
1406842982	3.19e-06
1406843042	3.19e-06
1406843103	3.18e-06
1406843163	3.18e-06
1406843224	3.18e-06
1406843284	3.18e-06
1406843345	3.17e-06
1406843405	3.17e-06
1406843466	3.17e-06
1406843526	3.17e-06
1406843587	3.16e-06
1406843647	3.16e-06
1406843708	3.16e-06
1406843768	3.16e-06
1406843829	3.15e-06
1406843889	3.15e-06
1406843950	3.15e-06
1406844010	3.14e-06
1406844071	3.14e-06
1406844131	3.14e-06
1406844192	3.14e-06
1406844252	3.13e-06
1406844313	3.13e-06
1406844373	3.13e-06
1406844434	3.13e-06
1406844494	3.12e-06
1406844555	3.12e-06
1406844615	3.12e-06
1406844676	3.12e-06
1406844736	3.11e-06
1406844797	3.11e-06
1406844857	3.11e-06
1406844918	3.1e-06
1406844978	3.1e-06
1406845038	3.1e-06
1406845099	3.1e-06
1406845159	3.09e-06
1406845220	3.09e-06
1406845280	3.09e-06
1406845341	3.34e-06
1406845402	4.98e-06
1406845462	5.51e-06
1406845522	5.93e-06
1406845583	6.3e-06
1406845643	6.63e-06
1406845704	6.93e-06
1406845764	7.2e-06
1406845825	7.46e-06
1406845886	7.69e-06
1406845946	7.92e-06
1406846006	8.12e-06
1406846067	8.31e-06
1406846127	8.49e-06
1406846188	8.65e-06
1406846248	8.72e-06
1406846309	8.87e-06
1406846369	9e-06
1406846430	9.13e-06
1406846490	9.27e-06
1406847524	0.0
1406847584	6.86e-06
1406847645	5.65e-06
1406847706	5.08e-06
1406847766	4.73e-06
1406847827	4.49e-06
1406847887	4.31e-06
1406847948	4.16e-06
1406848008	4.04e-06
1406848069	3.95e-06
1406848129	3.86e-06
1406848189	3.79e-06
1406848250	3.73e-06
1406848310	3.68e-06
1406848371	3.63e-06
1406848431	3.59e-06
1406848492	3.55e-06
1406848552	3.51e-06
1406848613	3.48e-06
1406848674	3.45e-06
1406848734	3.42e-06
1406848795	3.4e-06
1406848855	3.38e-06
1406848916	3.35e-06
1406848976	3.33e-06
1406849036	3.32e-06
1406849097	3.3e-06
1406849157	3.48e-06
1406849218	3.27e-06
1406849278	3.25e-06
1406849339	3.24e-06
1406849399	3.22e-06
1406849460	3.21e-06
1406849521	3.2e-06
1406849581	3.19e-06
1406849642	3.18e-06
1406849702	3.17e-06
1406849763	3.16e-06
1406849823	3.15e-06
1406849883	3.14e-06
1406849944	3.13e-06
1406850004	3.12e-06
1406850065	3.11e-06
1406850125	3.11e-06
1406850186	3.1e-06
1406850246	3.09e-06
1406850307	3.08e-06
1406850367	3.08e-06
1406850428	3.07e-06
1406850488	3.06e-06
1406850549	3.06e-06
1406850609	3.05e-06
1406850669	3.04e-06
1406850730	3.04e-06
1406850790	3.03e-06
1406850851	3.03e-06
1406850911	3.02e-06
1406850972	3.02e-06
1406851032	3.01e-06
1406851093	3.01e-06
1406851153	3e-06
1406851214	3e-06
1406851274	2.99e-06
1406851334	2.99e-06
1406851395	2.98e-06
1406851455	2.98e-06
1406851516	2.97e-06
1406851576	2.97e-06
1406851637	2.96e-06
1406851697	2.96e-06
1406851758	2.96e-06
1406851818	2.95e-06
1406851879	2.95e-06
1406851939	2.94e-06
1406852000	2.94e-06
1406852060	2.94e-06
1406852121	2.93e-06
1406852181	2.93e-06
1406852242	2.93e-06
1406852302	2.92e-06
1406852363	2.92e-06
1406852423	2.91e-06
1406852484	2.91e-06
1406852544	2.91e-06
1406852605	2.9e-06
1406852665	2.9e-06
1406852726	2.9e-06
1406852786	2.89e-06
1406852847	2.89e-06
1406852907	2.88e-06
1406852968	2.88e-06
1406853028	2.88e-06
1406853088	2.87e-06
1406853149	2.87e-06
1406853209	2.87e-06
1406853270	2.86e-06
1406853330	2.86e-06
1406853391	2.86e-06
1406853451	2.85e-06
1406853512	2.85e-06
1406853572	2.85e-06
1406853633	2.84e-06
1406853693	2.84e-06
1406853754	2.84e-06
1406853814	2.83e-06
1406853875	2.83e-06
1406853935	2.83e-06
1406853996	2.82e-06
1406854056	2.82e-06
1406854117	2.82e-06
1406854177	2.81e-06
1406854237	2.81e-06
1406854298	2.81e-06
1406854358	2.8e-06
1406854419	2.8e-06
1406854479	2.8e-06
1406854540	2.79e-06
1406854600	2.79e-06
1406854661	2.79e-06
1406854721	2.79e-06
1406854781	2.78e-06
1406854842	2.78e-06
1406854902	2.78e-06
1406854963	2.78e-06
1406855023	2.77e-06
1406855084	2.77e-06
1406855144	2.77e-06
1406855205	2.77e-06
1406855265	2.76e-06
1406855326	2.76e-06
1406855386	2.76e-06
1406855447	2.76e-06
1406855507	2.75e-06
1406855567	2.75e-06
1406855628	2.75e-06
1406855688	2.75e-06
1406855749	2.74e-06
1406855809	2.74e-06
1406855870	2.74e-06
1406855930	2.74e-06
1406855991	2.73e-06
1406856052	2.73e-06
1406856112	2.73e-06
1406856173	2.73e-06
1406856233	2.73e-06
1406856294	2.72e-06
1406856354	2.72e-06
1406856415	2.72e-06
1406856475	2.72e-06
1406856536	2.72e-06
1406856596	2.71e-06
1406856656	2.71e-06
1406856717	2.71e-06
1406856777	2.71e-06
1406856838	2.7e-06
1406856898	2.7e-06
1406856959	2.7e-06
1406857019	2.7e-06
1406857080	2.7e-06
1406857140	2.69e-06
1406857201	2.69e-06
1406857261	2.69e-06
1406857322	2.69e-06
1406857382	2.68e-06
1406857443	2.68e-06
1406857503	2.68e-06
1406857564	2.68e-06
1406857624	2.68e-06
1406857685	2.67e-06
1406857745	2.67e-06
1406857806	2.67e-06
1406857866	2.67e-06
1406857927	2.67e-06
1406857987	2.66e-06
1406858048	2.71e-06
1406858108	2.66e-06
1406858169	2.66e-06
1406858229	2.66e-06
1406858290	2.65e-06
1406858350	2.65e-06
1406858411	2.65e-06
1406858471	2.65e-06
1406858531	2.65e-06
1406858592	2.64e-06
1406858652	2.64e-06
1406858713	2.64e-06
1406858773	2.64e-06
1406858834	2.63e-06
1406858894	2.63e-06
1406858955	2.63e-06
1406859015	2.63e-06
1406859076	2.63e-06
1406859136	2.62e-06
1406859197	2.62e-06
1406859257	2.62e-06
1406859318	2.62e-06
1406859378	2.62e-06
1406859439	2.61e-06
1406859499	2.61e-06
1406859560	2.61e-06
1406859620	2.61e-06
1406859681	2.61e-06
1406859741	2.6e-06
1406859802	2.6e-06
1406859862	2.6e-06
1406859922	2.6e-06
1406859983	2.6e-06
1406860043	2.59e-06
1406860104	2.59e-06
1406860164	2.59e-06
1406860225	2.59e-06
1406860285	2.59e-06
1406860346	2.58e-06
1406860406	2.58e-06
1406860467	2.58e-06
1406860527	2.58e-06
1406860587	2.57e-06
1406860648	2.57e-06
1406860708	2.57e-06
1406860769	2.57e-06
1406860829	2.57e-06
1406860890	2.57e-06
1406860950	2.56e-06
1406861011	2.56e-06
1406861071	2.56e-06
1406861132	2.56e-06
1406861193	2.55e-06
1406861253	2.55e-06
1406861314	2.55e-06
1406861374	2.55e-06
1406861434	2.55e-06
1406861495	2.54e-06
1406861555	2.54e-06
1406861616	2.54e-06
1406861676	2.54e-06
1406861737	2.54e-06
1406861797	2.53e-06
1406861858	2.53e-06
1406861918	2.53e-06
1406861979	2.53e-06
1406862039	2.53e-06
1406862100	2.52e-06
1406862161	2.52e-06
1406862221	2.52e-06
1406862282	2.52e-06
1406862342	2.52e-06
1406862403	2.51e-06
1406862463	2.51e-06
1406862523	2.51e-06
1406862584	2.51e-06
1406862644	2.51e-06
1406862705	2.51e-06
1406862765	2.5e-06
1406862826	2.5e-06
1406862886	2.5e-06
1406862947	2.5e-06
1406863007	2.5e-06
1406863068	2.49e-06
1406863128	2.49e-06
1406863189	2.49e-06
1406863249	2.49e-06
1406863310	2.49e-06
1406863370	2.48e-06
1406863431	2.48e-06
1406863491	2.48e-06
1406863552	2.48e-06
1406863612	2.48e-06
1406863673	2.47e-06
1406863733	2.47e-06
1406863794	2.47e-06
1406863854	2.47e-06
1406863915	2.47e-06
1406863975	2.46e-06
1406864036	2.46e-06
1406864096	2.46e-06
1406864157	2.46e-06
1406864217	2.46e-06
1406864278	2.45e-06
1406864338	2.45e-06
1406864399	2.45e-06
1406864459	2.45e-06
1406864520	2.45e-06
1406864580	2.44e-06
1406864641	2.44e-06
1406864701	2.44e-06
1406864762	2.44e-06
1406864822	2.44e-06
1406864883	2.43e-06
1406864943	2.43e-06
1406865004	2.43e-06
1406865064	2.43e-06
1406865125	2.43e-06
1406865185	2.42e-06
1406865245	2.42e-06
1406865306	2.42e-06
1406865366	2.42e-06
1406865427	2.42e-06
1406865487	2.41e-06
1406865548	2.41e-06
1406865608	2.41e-06
1406865669	2.41e-06
1406865729	2.41e-06
1406865790	2.41e-06
1406865850	2.4e-06
1406865911	2.4e-06
1406865971	2.4e-06
1406866032	2.4e-06
1406866092	2.4e-06
1406866153	2.39e-06
1406866213	2.39e-06
1406866274	2.39e-06
1406866334	2.39e-06
1406866395	2.39e-06
1406866455	2.39e-06
1406866516	2.38e-06
1406866576	2.38e-06
1406866637	2.38e-06
1406866697	2.38e-06
1406866758	2.38e-06
1406866818	2.37e-06
1406866878	2.37e-06
1406866939	2.37e-06
1406866999	2.37e-06
1406867060	2.37e-06
1406867120	2.36e-06
1406867181	2.36e-06
1406867241	2.36e-06
1406867302	2.36e-06
1406867362	2.36e-06
1406867423	2.35e-06
1406867483	2.35e-06
1406867544	2.35e-06
1406867604	2.35e-06
1406867665	2.35e-06
1406867725	2.35e-06
1406867786	2.34e-06
1406867846	2.34e-06
1406867906	2.34e-06
1406867967	2.34e-06
1406868027	2.34e-06
1406868088	2.33e-06
1406868148	2.33e-06
1406868209	2.33e-06
1406868269	2.33e-06
1406868330	2.33e-06
1406868390	2.32e-06
1406868451	2.32e-06
1406868511	2.32e-06
1406868572	2.32e-06
1406868632	2.32e-06
1406868692	2.31e-06
1406868753	2.31e-06
1406868813	2.31e-06
1406868874	2.31e-06
1406868934	2.31e-06
1406868995	2.3e-06
1406869055	2.3e-06
1406869116	2.3e-06
1406869176	2.3e-06
1406869237	2.3e-06
1406869297	2.3e-06
1406869358	2.29e-06
1406869418	2.29e-06
1406869479	2.29e-06
1406869539	2.29e-06
1406869600	2.29e-06
1406869660	2.28e-06
1406869721	2.28e-06
1406869781	2.28e-06
1406869842	2.28e-06
1406869902	2.28e-06
1406869963	2.27e-06
1406870023	2.27e-06
1406870084	2.27e-06
1406870144	2.27e-06
1406870204	2.27e-06
1406870265	2.26e-06
1406870325	2.26e-06
1406870386	2.26e-06
1406870447	2.26e-06
1406870507	2.26e-06
1406870568	2.26e-06
1406870628	2.25e-06
1406870689	2.25e-06
1406870749	2.25e-06
1406870809	2.25e-06
1406870870	2.25e-06
1406870930	2.25e-06
1406870991	2.24e-06
1406871051	2.24e-06
1406871112	2.24e-06
1406871172	2.24e-06
1406871233	2.24e-06
1406871293	2.23e-06
1406871354	2.23e-06
1406871414	2.23e-06
1406871475	2.23e-06
1406871535	2.23e-06
1406871596	2.22e-06
1406871656	2.22e-06
1406871717	2.22e-06
1406871777	2.22e-06
1406871838	2.22e-06
1406871898	2.22e-06
1406871959	2.21e-06
1406872019	2.21e-06
1406872079	2.21e-06
1406872140	2.21e-06
1406872200	2.21e-06
1406872261	2.21e-06
1406872321	2.2e-06
1406872382	2.2e-06
1406872442	2.2e-06
1406872503	2.2e-06
1406872563	2.2e-06
1406872624	2.19e-06
1406872684	2.19e-06
1406872745	2.19e-06
1406872805	2.19e-06
1406872866	2.19e-06
1406872926	2.19e-06
1406872987	2.18e-06
1406873047	2.18e-06
1406873108	2.18e-06
1406873168	2.18e-06
1406873229	2.18e-06
1406873289	2.18e-06
1406873350	2.17e-06
1406873410	2.17e-06
1406873471	2.17e-06
1406873531	2.17e-06
1406873592	2.17e-06
1406873652	2.17e-06
1406873713	2.17e-06
1406873773	2.16e-06
1406873834	2.16e-06
1406873894	2.16e-06
1406873955	2.16e-06
1406874015	2.16e-06
1406874076	2.15e-06
1406874136	2.15e-06
1406874197	2.15e-06
1406874257	2.15e-06
1406874318	2.15e-06
1406874378	2.15e-06
1406874439	2.15e-06
1406874499	2.14e-06
1406874560	2.14e-06
1406874620	2.14e-06
1406874681	2.14e-06
1406874741	2.14e-06
1406874802	2.14e-06
1406874862	2.13e-06
1406874922	2.13e-06
1406874983	2.13e-06
1406875043	2.13e-06
1406875104	2.13e-06
1406875164	2.13e-06
1406875225	2.12e-06
1406875285	2.12e-06
1406875346	2.12e-06
1406875406	2.12e-06
1406875467	2.12e-06
1406875527	2.12e-06
1406875588	2.12e-06
1406875648	2.11e-06
1406875709	2.11e-06
1406875769	2.11e-06
1406875830	2.11e-06
1406875890	2.11e-06
1406875951	2.11e-06
1406876011	2.1e-06
1406876072	2.1e-06
1406876132	2.1e-06
1406876193	2.1e-06
1406876253	2.1e-06
1406876314	2.1e-06
1406876374	2.09e-06
1406876435	2.09e-06
1406876495	2.09e-06
1406876556	2.09e-06
1406876616	2.09e-06
1406876677	2.09e-06
1406876737	2.09e-06
1406876798	2.08e-06
1406876858	2.08e-06
1406876919	2.08e-06
1406876979	2.08e-06
1406877039	2.08e-06
1406877100	2.08e-06
1406877160	2.07e-06
1406877221	2.07e-06
1406877281	2.07e-06
1406877342	2.07e-06
1406877402	2.07e-06
1406877463	2.07e-06
1406877523	2.07e-06
1406877584	2.06e-06
1406877644	2.06e-06
1406877705	2.06e-06
1406877765	2.06e-06
1406877826	2.06e-06
1406877886	2.06e-06
1406877947	2.06e-06
1406878007	2.05e-06
1406878068	2.05e-06
1406878128	2.05e-06
1406878188	2.05e-06
1406878249	2.05e-06
1406878309	2.05e-06
1406878370	2.04e-06
1406878430	2.04e-06
1406878491	2.04e-06
1406878551	2.04e-06
1406878612	2.04e-06
1406878672	2.04e-06
1406878733	2.04e-06
1406878793	2.03e-06
1406878854	2.03e-06
1406878914	2.03e-06
1406878975	2.03e-06
1406879035	2.03e-06
1406879096	2.03e-06
1406879156	2.03e-06
1406879217	2.03e-06
1406879277	2.02e-06
1406879338	2.02e-06
1406879398	2.02e-06
1406879459	2.02e-06
1406879519	2.02e-06
1406879580	2.02e-06
1406879640	2.02e-06
1406879701	2.01e-06
1406879761	2.01e-06
1406879822	2.01e-06
1406879882	2.01e-06
1406879942	2.01e-06
1406880003	2.01e-06
1406880063	2.01e-06
1406880124	2e-06
1406880184	2e-06
1406880245	2e-06
1406880305	2e-06
1406880366	2e-06
1406880426	2e-06
1406880487	2e-06
1406880547	1.99e-06
1406880608	1.99e-06
1406880668	1.99e-06
1406880729	1.99e-06
1406880789	1.99e-06
1406880850	1.99e-06
1406880910	1.99e-06
1406880971	1.98e-06
1406881031	1.98e-06
1406881092	1.98e-06
1406881152	1.98e-06
1406881212	1.98e-06
1406881273	1.98e-06
1406881333	1.98e-06
1406881394	1.97e-06
1406881454	1.97e-06
1406881515	1.97e-06
1406881575	1.97e-06
1406881636	1.97e-06
1406881696	1.97e-06
1406881757	1.97e-06
1406881817	1.96e-06
1406881878	1.96e-06
1406881938	1.96e-06
1406881999	1.96e-06
1406882059	1.96e-06
1406882119	1.96e-06
1406882180	1.96e-06
1406882241	1.96e-06
1406882301	1.95e-06
1406882362	1.95e-06
1406882422	1.95e-06
1406882483	1.95e-06
1406882543	1.95e-06
1406882603	1.95e-06
1406882664	1.95e-06
1406882724	1.94e-06
1406882785	1.94e-06
1406882845	1.94e-06
1406882906	1.94e-06
1406882966	1.94e-06
1406883027	1.94e-06
1406883087	1.94e-06
1406883148	1.93e-06
1406883208	1.93e-06
1406883269	1.93e-06
1406883329	1.93e-06
1406883389	1.93e-06
1406883450	1.93e-06
1406883510	1.93e-06
1406883571	1.93e-06
1406883631	1.92e-06
1406883692	1.92e-06
1406883752	1.92e-06
1406883813	1.92e-06
1406883873	1.92e-06
1406883934	1.92e-06
1406883994	1.92e-06
1406884055	1.92e-06
1406884115	1.91e-06
1406884176	1.91e-06
1406884236	1.91e-06
1406884297	1.91e-06
1406884357	1.91e-06
1406884418	1.91e-06
1406884478	1.91e-06
1406884539	1.9e-06
1406884599	1.9e-06
1406884660	1.9e-06
1406884720	1.9e-06
1406884780	1.9e-06
1406884841	1.9e-06
1406884901	1.9e-06
1406884962	1.9e-06
1406885022	1.89e-06
1406885083	1.89e-06
1406885143	1.89e-06
1406885204	1.89e-06
1406885264	1.89e-06
1406885325	1.89e-06
1406885385	1.89e-06
1406885446	1.89e-06
1406885506	1.88e-06
1406885567	1.88e-06
1406885627	1.88e-06
1406885688	1.88e-06
1406885748	1.88e-06
1406885809	1.88e-06
1406885869	1.88e-06
1406885930	1.88e-06
1406885990	1.87e-06
1406886051	1.87e-06
1406886111	1.87e-06
1406886172	1.87e-06
1406886232	1.87e-06
1406886293	1.87e-06
1406886353	1.87e-06
1406886414	1.87e-06
1406886474	1.86e-06
1406886534	1.86e-06
1406886595	1.86e-06
1406886655	1.86e-06
1406886716	1.86e-06
1406886776	1.86e-06
1406886837	1.86e-06
1406886897	1.86e-06
1406886958	1.85e-06
1406887018	1.85e-06
1406887079	1.85e-06
1406887139	1.85e-06
1406887199	1.85e-06
1406887260	1.85e-06
1406887320	1.85e-06
1406887381	1.85e-06
1406887441	1.84e-06
1406887502	1.84e-06
1406887562	1.84e-06
1406887623	1.84e-06
1406887683	1.84e-06
1406887744	1.84e-06
1406887804	1.84e-06
1406887865	1.84e-06
1406887925	1.84e-06
1406887986	1.83e-06
1406888046	1.83e-06
1406888107	1.83e-06
1406888167	1.83e-06
1406888228	1.83e-06
1406888288	1.83e-06
1406888349	1.83e-06
1406888409	1.83e-06
1406888470	1.83e-06
1406888530	1.82e-06
1406888591	1.82e-06
1406888651	1.82e-06
1406888712	1.82e-06
1406888772	1.82e-06
1406888832	1.82e-06
1406888893	1.82e-06
1406888953	1.82e-06
1406889014	1.82e-06
1406889074	1.81e-06
1406889135	1.81e-06
1406889195	1.81e-06
1406889256	1.81e-06
1406889316	1.81e-06
1406889377	1.81e-06
1406889437	1.81e-06
1406889498	1.81e-06
1406889558	1.81e-06
1406889619	1.8e-06
1406889679	1.8e-06
1406889740	1.8e-06
1406889800	1.8e-06
1406889861	1.8e-06
1406889921	1.8e-06
1406889981	1.8e-06
1406890042	1.8e-06
1406890102	1.8e-06
1406890163	1.8e-06
1406890223	1.79e-06
1406890284	1.79e-06
1406890344	1.79e-06
1406890405	1.79e-06
1406890465	1.79e-06
1406890526	1.79e-06
1406890586	1.79e-06
1406890647	1.79e-06
1406890707	1.78e-06
1406890768	1.78e-06
1406890828	1.78e-06
1406890888	1.78e-06
1406890949	1.78e-06
1406891009	1.78e-06
1406891070	1.78e-06
1406891130	1.78e-06
1406891191	1.78e-06
1406891251	1.78e-06
1406891312	1.77e-06
1406891372	1.77e-06
1406891433	1.77e-06
1406891493	1.77e-06
1406891554	1.77e-06
1406891614	1.77e-06
1406891675	1.77e-06
1406891735	1.77e-06
1406891796	1.77e-06
1406891856	1.77e-06
1406891917	1.76e-06
1406891977	1.76e-06
1406892038	1.76e-06
1406892098	1.76e-06
1406892159	1.76e-06
1406892219	1.76e-06
1406892280	1.76e-06
1406892340	1.76e-06
1406892401	1.76e-06
1406892461	1.76e-06
1406892522	1.75e-06
1406892582	1.75e-06
1406892643	1.75e-06
1406892703	1.75e-06
1406892764	1.75e-06
1406892824	1.75e-06
1406892885	1.75e-06
1406892945	1.75e-06
1406893006	1.75e-06
1406893066	1.75e-06
1406893127	1.75e-06
1406893187	1.75e-06
1406893248	1.74e-06
1406893308	1.74e-06
1406893369	1.74e-06
1406893429	1.74e-06
1406893490	1.74e-06
1406893550	1.74e-06
1406893610	1.74e-06
1406893671	1.74e-06
1406893731	1.74e-06
1406893792	1.74e-06
1406893853	1.74e-06
1406893913	1.74e-06
1406893973	1.73e-06
1406894034	1.73e-06
1406894094	1.73e-06
1406894155	1.73e-06
1406894215	1.73e-06
1406894276	1.73e-06
1406894336	1.73e-06
1406894397	1.73e-06
1406894457	1.73e-06
1406894518	1.73e-06
1406894578	1.73e-06
1406894639	1.73e-06
1406894699	1.72e-06
1406894760	1.72e-06
1406894820	1.72e-06
1406894881	1.72e-06
1406894941	1.72e-06
1406895002	1.72e-06
1406895062	1.72e-06
1406895123	1.72e-06
1406895183	1.72e-06
1406895244	1.72e-06
1406895304	1.72e-06
1406895364	1.72e-06
1406895425	1.72e-06
1406895485	1.72e-06
1406895546	1.71e-06
1406895606	1.71e-06
1406895667	1.71e-06
1406895727	1.71e-06
1406895788	1.71e-06
1406895848	1.71e-06
1406895909	1.71e-06
1406895969	1.71e-06
1406896030	1.71e-06
1406896090	1.71e-06
1406896151	1.71e-06
1406896211	1.71e-06
1406896272	1.71e-06
1406896332	1.71e-06
1406896393	1.71e-06
1406896453	1.71e-06
1406896514	1.7e-06
1406896574	1.7e-06
1406896635	1.7e-06
1406896695	1.7e-06
1406896756	1.7e-06
1406896816	1.7e-06
1406896877	1.7e-06
1406896937	1.7e-06
1406896998	1.7e-06
1406897058	1.7e-06
1406897119	1.7e-06
1406897179	1.7e-06
1406897240	1.7e-06
1406897300	1.7e-06
1406897360	1.7e-06
1406897421	1.7e-06
1406897481	1.7e-06
1406897542	1.7e-06
1406897602	1.7e-06
1406897663	1.69e-06
1406897723	1.69e-06
1406897784	1.69e-06
1406897844	1.69e-06
1406897905	1.69e-06
1406897965	1.69e-06
1406898026	1.69e-06
1406898086	1.69e-06
1406898147	1.69e-06
1406898207	1.69e-06
1406898268	1.69e-06
1406898328	1.69e-06
1406898388	1.69e-06
1406898449	1.69e-06
1406898509	1.69e-06
1406898570	1.69e-06
1406898630	1.69e-06
1406898691	1.69e-06
1406898751	1.69e-06
1406898812	1.69e-06
1406898872	1.69e-06
1406898933	2.55e-06
1406898993	2.78e-06
1406899054	2.94e-06
1406899114	3.08e-06
1406899175	3.21e-06
1406899235	3.33e-06
1406899296	3.44e-06
1406899356	3.55e-06
1406899417	3.64e-06
1406899477	3.74e-06
1406899538	3.82e-06
1406899598	3.91e-06
1406899659	3.99e-06
1406899719	4.06e-06
1406899780	4.13e-06
1406899840	4.2e-06
1406899901	4.27e-06
1406899961	4.33e-06
1406900022	4.39e-06
1406901054	0.0
1406901114	3.75e-06
1406901175	3.11e-06
1406901235	2.81e-06
1406901296	2.63e-06
1406901356	2.5e-06
1406901417	2.41e-06
1406901477	2.33e-06
1406901538	2.27e-06
1406901598	2.21e-06
1406901658	2.17e-06
1406901719	2.13e-06
1406901779	2.09e-06
1406901840	2.06e-06
1406901900	2.04e-06
1406901961	2.01e-06
1406902021	1.99e-06
1406902082	1.97e-06
1406902142	1.95e-06
1406902203	1.93e-06
1406902263	1.92e-06
1406902324	1.9e-06
1406902384	1.89e-06
1406902445	1.88e-06
1406902505	1.86e-06
1406902566	1.85e-06
1406902626	1.84e-06
1406902687	1.83e-06
1406902747	1.82e-06
1406902808	1.82e-06
1406902868	1.81e-06
1406902929	1.8e-06
1406902989	1.79e-06
1406903050	1.79e-06
1406903110	1.78e-06
1406903170	1.77e-06
1406903231	1.77e-06
1406903291	1.76e-06
1406903352	1.76e-06
1406903412	1.75e-06
1406903473	1.75e-06
1406903533	1.74e-06
1406903594	1.74e-06
1406903654	1.73e-06
1406903714	1.73e-06
1406903775	1.72e-06
1406903835	1.72e-06
1406903896	1.72e-06
1406903956	1.71e-06
1406904017	1.71e-06
1406904077	1.71e-06
1406904138	1.7e-06
1406904198	1.7e-06
1406904259	1.7e-06
1406904319	1.69e-06
1406904380	1.69e-06
1406904440	1.69e-06
1406904500	1.69e-06
1406904561	1.68e-06
1406904621	1.68e-06
1406904682	1.68e-06
1406904742	1.68e-06
1406904803	1.67e-06
1406904863	1.67e-06
1406904924	1.67e-06
1406904984	1.67e-06
1406905045	1.66e-06
1406905105	1.66e-06
1406905166	1.66e-06
1406905226	1.66e-06
1406905287	1.66e-06
1406905347	1.65e-06
1406905408	1.65e-06
1406905468	1.65e-06
1406905529	1.65e-06
1406905589	1.65e-06
1406905650	1.65e-06
1406905710	1.64e-06
1406905771	1.64e-06
1406905831	1.64e-06
1406905892	1.64e-06
1406905952	1.64e-06
1406906012	1.64e-06
1406906073	1.64e-06
1406906133	1.63e-06
1406906194	1.63e-06
1406906254	1.63e-06
1406906315	1.63e-06
1406906375	1.63e-06
1406906436	1.63e-06
1406906496	1.63e-06
1406906557	1.62e-06
1406906617	1.62e-06
1406906677	1.62e-06
1406906738	1.62e-06
1406906798	1.62e-06
1406906859	1.62e-06
1406906919	1.62e-06
1406906980	1.62e-06
1406907040	1.61e-06
1406907101	1.61e-06
1406907161	1.61e-06
1406907222	1.61e-06
1406907282	1.61e-06
1406907343	1.61e-06
1406907403	1.61e-06
1406907464	1.61e-06
1406907524	1.61e-06
1406907585	1.61e-06
1406907645	1.61e-06
1406907706	1.6e-06
1406907766	1.6e-06
1406907827	1.6e-06
1406907887	1.6e-06
1406907948	1.6e-06
1406908008	1.6e-06
1406908069	1.6e-06
1406908129	1.6e-06
1406908190	1.6e-06
1406908250	1.6e-06
1406908311	1.6e-06
1406908371	1.59e-06
1406908432	1.59e-06
1406908492	1.59e-06
1406908553	1.59e-06
1406908613	1.59e-06
1406908673	1.59e-06
1406908734	1.59e-06
1406908794	1.59e-06
1406908855	1.59e-06
1406908915	1.59e-06
1406908976	1.59e-06
1406909036	1.59e-06
1406909097	1.59e-06
1406909158	1.59e-06
1406909218	1.58e-06
1406909279	1.58e-06
1406909339	1.58e-06
1406909400	1.58e-06
1406909460	1.58e-06
1406909521	1.58e-06
1406909581	1.58e-06
1406909642	1.58e-06
1406909702	1.58e-06
1406909762	1.58e-06
1406909823	1.58e-06
1406909883	1.58e-06
1406909944	1.58e-06
1406910004	1.58e-06
1406910065	1.58e-06
1406910125	1.58e-06
1406910186	1.58e-06
1406910246	1.58e-06
1406910307	1.57e-06
1406910367	1.57e-06
1406910428	1.57e-06
1406910488	1.57e-06
1406910549	1.57e-06
1406910609	1.57e-06
1406910670	1.57e-06
1406910730	1.57e-06
1406910790	1.57e-06
1406910851	1.57e-06
1406910911	1.57e-06
1406910972	1.57e-06
1406911032	1.57e-06
1406911093	1.57e-06
1406911153	1.57e-06
1406911214	1.57e-06
1406911274	1.57e-06
1406911335	1.57e-06
1406911395	1.57e-06
1406911455	1.57e-06
1406911516	1.57e-06
1406911576	1.57e-06
1406911637	1.56e-06
1406911697	1.56e-06
1406911758	1.56e-06
1406911818	1.56e-06
1406911879	1.56e-06
1406911939	1.56e-06
1406912000	1.56e-06
1406912060	1.56e-06
1406912121	1.56e-06
1406912181	1.56e-06
1406912242	1.56e-06
1406912302	1.56e-06
1406912363	1.56e-06
1406912423	1.56e-06
1406912484	1.56e-06
1406912544	1.56e-06
1406912605	1.56e-06
1406912665	1.56e-06
1406912726	1.56e-06
1406912786	1.56e-06
1406912846	1.56e-06
1406912907	1.56e-06
1406912967	1.56e-06
1406913028	1.56e-06
1406913088	1.56e-06
1406913149	1.56e-06
1406913209	1.56e-06
1406913270	1.56e-06
1406913330	1.56e-06
1406913391	1.56e-06
1406913451	1.56e-06
1406913512	1.55e-06
1406913572	1.55e-06
1406913633	1.55e-06
1406913693	1.55e-06
1406913754	1.55e-06
1406913814	1.55e-06
1406913875	1.55e-06
1406913935	1.55e-06
1406913995	1.55e-06
1406914056	1.55e-06
1406914116	1.55e-06
1406914177	1.55e-06
1406914237	1.55e-06
1406914298	1.55e-06
1406914359	1.55e-06
1406914419	1.55e-06
1406914479	1.55e-06
1406914540	1.55e-06
1406914600	1.55e-06
1406914661	1.55e-06
1406914721	1.55e-06
1406914782	1.55e-06
1406914842	1.55e-06
1406914903	1.55e-06
1406914963	1.55e-06
1406915024	1.55e-06
1406915084	1.55e-06
1406915145	1.55e-06
1406915205	1.55e-06
1406915266	1.55e-06
1406915326	1.55e-06
1406915387	1.55e-06
1406915447	1.55e-06
1406915508	1.54e-06
1406915568	1.54e-06
1406915629	1.54e-06
1406915689	1.54e-06
1406915750	1.54e-06
1406915810	1.54e-06
1406915871	1.54e-06
1406915931	1.54e-06
1406915992	1.54e-06
1406916052	1.54e-06
1406916113	1.54e-06
1406916173	1.54e-06
1406916234	1.54e-06
1406916294	1.54e-06
1406916355	1.54e-06
1406916415	1.54e-06
1406916476	1.54e-06
1406916536	1.54e-06
1406916597	1.54e-06
1406916657	1.54e-06
1406916718	1.54e-06
1406916778	1.54e-06
1406916839	1.54e-06
1406916899	1.54e-06
1406916960	1.54e-06
1406917020	1.54e-06
1406917081	1.54e-06
1406917141	1.54e-06
1406917201	1.54e-06
1406917262	1.54e-06
1406917322	1.53e-06
1406917383	1.53e-06
1406917443	1.53e-06
1406917504	1.53e-06
1406917564	1.53e-06
1406917625	1.53e-06
1406917685	1.53e-06
1406917745	1.53e-06
1406917806	1.53e-06
1406917866	1.53e-06
1406917927	1.53e-06
1406917987	1.53e-06
1406918048	1.53e-06
1406918108	1.53e-06
1406918169	1.53e-06
1406918229	1.53e-06
1406918290	1.53e-06
1406918350	1.53e-06
1406918411	1.53e-06
1406918471	1.53e-06
1406918532	1.53e-06
1406918592	1.53e-06
1406918653	1.52e-06
1406918713	1.52e-06
1406918774	1.52e-06
1406918834	1.52e-06
1406918895	1.52e-06
1406918955	1.52e-06
1406919016	1.52e-06
1406919076	1.52e-06
1406919137	1.52e-06
1406919197	1.52e-06
1406919258	1.52e-06
1406919318	1.52e-06
1406919378	1.52e-06
1406919439	1.52e-06
1406919499	1.52e-06
1406919560	1.52e-06
1406919620	1.52e-06
1406919681	1.52e-06
1406919741	1.51e-06
1406919802	1.51e-06
1406919862	1.51e-06
1406919923	1.51e-06
1406919983	1.51e-06
1406920044	1.51e-06
1406920104	1.51e-06
1406920165	1.51e-06
1406920225	1.51e-06
1406920286	1.51e-06
1406920346	1.51e-06
1406920407	1.51e-06
1406920467	1.51e-06
1406920528	1.51e-06
1406920588	1.51e-06
1406920649	1.51e-06
1406920709	1.51e-06
1406920770	1.5e-06
1406920830	1.5e-06
1406920891	1.5e-06
1406920951	1.5e-06
1406921012	1.5e-06
1406921072	1.5e-06
1406921133	1.5e-06
1406921193	1.5e-06
1406921254	1.5e-06
1406921314	1.5e-06
1406921375	1.5e-06
1406921435	1.5e-06
1406921496	1.5e-06
1406921556	1.5e-06
1406921617	1.5e-06
1406921677	1.5e-06
1406921738	1.5e-06
1406921798	1.5e-06
1406921859	1.49e-06
1406921919	1.49e-06
1406921980	1.49e-06
1406922040	1.49e-06
1406922101	1.49e-06
1406922161	1.49e-06
1406922222	1.49e-06
1406922282	1.49e-06
1406922343	1.49e-06
1406922403	1.49e-06
1406922464	1.49e-06
1406922524	1.49e-06
1406922585	1.49e-06
1406922645	1.49e-06
1406922705	1.49e-06
1406922766	1.49e-06
1406922826	1.49e-06
1406922887	1.49e-06
1406922947	1.48e-06
1406923008	1.48e-06
1406923068	1.48e-06
1406923129	1.48e-06
1406923189	1.48e-06
1406923250	1.48e-06
1406923310	1.48e-06
1406923371	1.48e-06
1406923431	1.48e-06
1406923492	1.48e-06
1406923552	1.48e-06
1406923613	1.48e-06
1406923673	1.48e-06
1406923734	1.48e-06
1406923794	1.48e-06
1406923855	1.48e-06
1406923915	1.48e-06
1406923976	1.48e-06
1406924036	1.48e-06
1406924097	1.48e-06
1406924157	1.47e-06
1406924218	1.47e-06
1406924278	1.47e-06
1406924338	1.47e-06
1406924399	1.47e-06
1406924459	1.47e-06
1406924520	1.47e-06
1406924580	1.47e-06
1406924641	1.47e-06
1406924701	1.47e-06
1406924762	1.47e-06
1406924822	1.47e-06
1406924883	1.47e-06
1406924943	1.47e-06
1406925004	1.47e-06
1406925064	1.47e-06
1406925125	1.47e-06
1406925185	1.47e-06
1406925246	1.47e-06
1406925306	1.46e-06
1406925367	1.46e-06
1406925427	1.46e-06
1406925487	1.46e-06
1406925548	1.46e-06
1406925608	1.46e-06
1406925669	1.46e-06
1406925729	1.46e-06
1406925790	1.46e-06
1406925850	1.46e-06
1406925911	1.46e-06
1406925971	1.46e-06
1406926032	1.46e-06
1406926092	1.46e-06
1406926153	1.46e-06
1406926213	1.46e-06
1406926274	1.46e-06
1406926334	1.46e-06
1406926395	1.46e-06
1406926455	1.46e-06
1406926516	1.45e-06
1406926576	1.45e-06
1406926637	1.45e-06
1406926697	1.45e-06
1406926758	1.45e-06
1406926818	1.45e-06
1406926879	1.45e-06
1406926939	1.45e-06
1406926999	1.45e-06
1406927060	1.45e-06
1406927120	1.76e-06
1406927181	2.24e-06
1406927241	2.4e-06
1406927302	2.53e-06
1406927362	2.64e-06
1406927423	2.74e-06
1406927483	2.83e-06
1406927544	2.92e-06
1406927604	3e-06
1406927665	3.07e-06
1406927725	3.15e-06
1406927786	3.22e-06
1406927846	3.28e-06
1406927907	3.35e-06
1406927967	3.41e-06
1406928028	3.47e-06
1406928088	3.52e-06
1406928148	3.57e-06
1406928209	3.62e-06
1406928269	3.67e-06
1406928330	3.72e-06
1406929320	0.0
1406929380	3.14e-06
1406929441	2.63e-06
1406929501	2.39e-06
1406929562	2.24e-06
1406929622	2.14e-06
1406929683	2.06e-06
1406929743	2e-06