1412114225	1.02
1412114286	0.000401
1412114346	0.00019
1412114407	0.000163
1412114467	0.000145
1412114528	0.000132
1412114588	0.000121
1412114649	0.000113
1412114709	0.000106
1412114769	9.8e-05
1412114830	9.3e-05
1412114890	8.85e-05
1412114951	8.45e-05
1412115011	8.1e-05
1412115072	7.77e-05
1412115132	7.48e-05
1412115193	7.21e-05
1412115253	6.96e-05
1412115314	6.74e-05
1412115374	6.53e-05
1412115435	6.33e-05
1412115495	6.15e-05
1412115556	5.98e-05
1412115616	5.82e-05
1412115677	5.67e-05
1412115737	5.53e-05
1412115798	5.4e-05
1412115859	5.27e-05
1412115919	5.15e-05
1412115980	5.04e-05
1412116040	4.93e-05
1412116101	4.83e-05
1412116161	4.73e-05
1412116222	4.63e-05
1412116282	4.54e-05
1412116342	4.46e-05
1412116403	4.38e-05
1412116464	4.3e-05
1412116524	4.22e-05
1412116585	4.15e-05
1412116645	4.08e-05
1412116706	4.01e-05
1412116766	3.95e-05
1412116827	3.87e-05
1412116887	3.81e-05
1412116948	3.75e-05
1412117008	3.7e-05
1412117069	3.64e-05
1412117129	3.59e-05
1412117190	3.54e-05
1412117250	3.49e-05
1412117311	3.44e-05
1412117371	3.4e-05
1412117432	3.35e-05
1412117492	3.31e-05
1412117553	3.26e-05
1412117613	3.22e-05
1412117674	3.18e-05
1412117735	3.14e-05
1412117795	3.11e-05
1412117856	3.07e-05
1412117916	3.03e-05
1412117977	3e-05
1412118037	2.96e-05
1412118098	2.93e-05
1412118158	2.9e-05
1412118219	2.87e-05
1412118279	2.84e-05
1412118340	2.81e-05
1412118400	2.78e-05
1412118461	2.75e-05
1412118521	2.72e-05
1412118582	2.69e-05
1412118642	2.67e-05
1412118703	2.64e-05
1412118764	2.61e-05
1412118824	2.59e-05
1412118885	2.57e-05
1412118945	2.54e-05
1412119006	2.52e-05
1412119066	2.49e-05
1412119127	2.47e-05
1412119187	2.45e-05
1412119248	2.43e-05
1412119308	2.41e-05
1412119369	2.39e-05
1412119429	2.36e-05
1412119490	2.34e-05
1412119550	2.32e-05
1412119611	2.31e-05
1412119671	2.29e-05
1412119732	2.27e-05
1412119792	2.25e-05
1412119853	2.23e-05
1412119913	2.21e-05
1412119974	2.2e-05
1412120035	2.18e-05
1412120095	2.16e-05
1412120156	2.14e-05
1412120216	2.13e-05
1412120277	2.11e-05
1412120337	2.1e-05
1412120397	2.08e-05
1412120458	2.07e-05
1412120518	2.05e-05
1412120579	2.04e-05
1412120639	2.02e-05
1412120700	2.01e-05
1412120760	1.99e-05
1412120821	1.98e-05
1412120881	1.96e-05
1412120942	1.93e-05
1412121003	1.91e-05
1412121063	1.9e-05
1412121124	1.88e-05
1412121184	1.69e-05
1412121245	1.59e-05
1412121305	1.58e-05
1412121366	1.58e-05
1412121426	1.57e-05
1412121487	1.57e-05
1412121547	1.56e-05
1412121608	1.55e-05
1412121668	1.54e-05
1412121729	1.53e-05
1412121789	1.52e-05
1412121850	1.51e-05
1412121910	1.5e-05
1412121971	1.49e-05
1412122031	1.48e-05
1412122091	1.48e-05
1412122152	1.47e-05
1412122212	1.46e-05
1412122273	1.45e-05
1412122333	1.44e-05
1412122394	1.44e-05
1412122454	1.43e-05
1412122515	1.42e-05
1412122575	1.41e-05
1412122636	1.4e-05
1412122696	1.4e-05
1412122757	1.39e-05
1412122817	1.38e-05
1412122878	1.37e-05
1412122938	1.37e-05
1412122999	1.36e-05
1412123059	1.35e-05
1412123120	1.34e-05
1412123180	1.34e-05
1412123241	1.33e-05
1412123301	1.32e-05
1412123362	1.32e-05
1412123422	1.31e-05
1412123483	1.3e-05
1412123543	1.3e-05
1412123604	1.29e-05
1412123664	1.28e-05
1412123725	1.28e-05
1412123785	1.27e-05
1412123846	1.27e-05
1412123906	1.26e-05
1412123967	1.25e-05
1412124027	1.25e-05
1412124088	1.24e-05
1412124148	1.24e-05
1412124209	1.23e-05
1412124269	1.23e-05
1412124330	1.22e-05
1412124390	1.21e-05
1412124451	1.21e-05
1412124511	1.2e-05
1412124572	1.2e-05
1412124632	1.19e-05
1412124693	1.19e-05
1412124753	1.18e-05
1412124814	1.18e-05
1412124874	1.17e-05
1412124935	1.17e-05
1412124995	1.16e-05
1412125056	1.16e-05
1412125116	1.15e-05
1412125177	1.15e-05
1412125237	1.14e-05
1412125298	1.14e-05
1412125358	1.13e-05
1412125419	1.13e-05
1412125479	1.12e-05
1412125540	1.12e-05
1412125600	1.12e-05
1412125661	1.11e-05
1412125721	1.11e-05
1412125782	1.1e-05
1412125842	1.1e-05
1412125903	1.09e-05
1412125963	1.09e-05
1412126024	1.08e-05
1412126084	1.08e-05
1412126145	1.08e-05
1412126205	1.07e-05
1412126266	1.07e-05
1412126326	1.06e-05
1412126387	1.06e-05
1412126447	1.05e-05
1412126508	1.05e-05
1412126568	1.05e-05
1412126629	1.04e-05
1412126689	1.03e-05
1412126750	1.03e-05
1412126811	1.02e-05
1412126871	1.02e-05
1412126932	1.01e-05
1412126992	1.01e-05
1412127053	1.01e-05
1412127113	1e-05
1412127174	9.98e-06
1412127234	9.94e-06
1412127295	9.91e-06
1412127355	9.87e-06
1412127416	9.83e-06
1412127476	9.8e-06
1412127537	9.76e-06
1412127598	9.73e-06
1412127658	9.69e-06
1412127718	9.65e-06
1412127779	9.62e-06
1412127839	9.58e-06
1412127900	9.55e-06
1412127960	9.52e-06
1412128021	9.48e-06
1412128081	9.44e-06
1412128142	9.41e-06
1412128202	9.37e-06
1412128263	9.34e-06
1412128324	9.31e-06
1412128384	9.27e-06
1412128444	9.24e-06
1412128505	9.21e-06
1412128565	9.18e-06
1412128626	9.14e-06
1412128686	9.11e-06
1412128747	9.08e-06
1412128807	9.04e-06
1412128868	9.01e-06
1412128928	8.98e-06
1412128989	8.95e-06
1412129049	8.92e-06
1412129110	8.89e-06
1412129170	8.86e-06
1412129231	8.83e-06
1412129291	8.8e-06
1412129352	8.77e-06
1412129412	8.74e-06
1412129473	8.71e-06
1412129533	8.68e-06
1412129594	8.65e-06
1412129654	8.62e-06
1412129715	8.63e-06
1412129775	8.57e-06
1412129836	8.54e-06
1412129896	8.51e-06
1412129957	8.48e-06
1412130017	8.45e-06
1412130078	8.43e-06
1412130138	8.4e-06
1412130199	8.37e-06
1412130259	8.35e-06
1412130320	8.32e-06
1412130380	8.29e-06
1412130441	8.26e-06
1412130501	8.24e-06
1412130562	8.21e-06
1412130622	8.19e-06
1412130683	8.16e-06
1412130743	8.13e-06
1412130804	8.11e-06
1412130864	8.08e-06
1412130925	8.06e-06
1412130986	8.07e-06
1412131046	8.05e-06
1412131106	8.02e-06
1412131167	8e-06
1412131227	7.96e-06
1412131288	7.9e-06
1412131348	7.88e-06
1412131409	7.85e-06
1412131469	7.83e-06
1412131530	7.81e-06
1412131590	7.79e-06
1412131651	7.76e-06
1412131712	7.74e-06
1412131772	7.72e-06
1412131833	7.69e-06
1412131893	7.67e-06
1412131954	7.65e-06
1412132014	7.63e-06
1412132075	7.67e-06
1412132135	7.64e-06
1412132196	7.62e-06
1412132256	7.6e-06
1412132317	7.57e-06
1412132377	7.55e-06
1412132438	7.53e-06
1412132498	7.51e-06
1412132559	7.48e-06
1412132619	7.46e-06
1412132680	7.44e-06
1412132740	7.42e-06
1412132800	7.4e-06
1412132861	7.38e-06
1412132921	7.36e-06
1412132982	7.34e-06
1412133042	7.32e-06
1412133103	7.3e-06
1412133163	7.28e-06
1412133224	7.26e-06
1412133284	7.24e-06
1412133345	7.22e-06
1412133405	7.2e-06
1412133466	7.17e-06
1412133526	7.17e-06
1412133587	7.13e-06
1412133647	7.11e-06
1412133708	7.09e-06
1412133768	7.07e-06
1412133829	7.06e-06
1412133890	7.04e-06
1412133950	7.02e-06
1412134011	7e-06
1412134071	6.98e-06
1412134132	6.97e-06
1412134192	6.95e-06
1412134253	6.93e-06
1412134313	6.91e-06
1412134374	6.89e-06
1412134434	6.87e-06
1412134495	6.86e-06
1412134555	6.84e-06
1412134616	6.82e-06
1412134676	6.81e-06
1412134737	6.79e-06
1412134797	6.77e-06
1412134858	6.75e-06
1412134918	6.74e-06
1412134979	6.72e-06
1412135039	6.7e-06
1412135100	6.68e-06
1412135160	6.67e-06
1412135221	6.65e-06
1412135281	6.64e-06
1412135342	6.62e-06
1412135402	6.61e-06
1412135463	6.59e-06
1412135523	6.57e-06
1412135584	6.56e-06
1412135644	6.54e-06
1412135705	6.53e-06
1412135765	6.51e-06
1412135826	6.49e-06
1412135886	6.48e-06
1412135947	6.47e-06
1412136007	6.45e-06
1412136068	6.43e-06
1412136128	6.42e-06
1412136189	6.4e-06
1412136249	6.39e-06
1412136310	6.37e-06
1412136370	6.36e-06
1412136431	6.35e-06
1412136491	6.34e-06
1412136552	6.32e-06
1412136612	6.3e-06
1412136673	6.29e-06
1412136733	6.27e-06
1412136794	6.26e-06
1412136854	6.24e-06
1412136915	6.23e-06
1412136975	6.21e-06
1412137036	6.2e-06
1412137096	6.19e-06
1412137157	6.17e-06
1412137217	6.16e-06
1412137278	6.14e-06
1412137338	6.13e-06
1412137399	6.12e-06
1412137459	6.1e-06
1412137520	6.09e-06
1412137581	6.08e-06
1412137641	6.06e-06
1412137702	6.05e-06
1412137762	6.04e-06
1412137823	6.02e-06
1412137883	6.01e-06
1412137944	6e-06
1412138004	5.98e-06
1412138065	5.97e-06
1412138125	5.96e-06
1412138186	5.94e-06
1412138246	5.93e-06
1412138307	5.92e-06
1412138367	5.9e-06
1412138428	5.89e-06
1412138488	5.88e-06
1412138549	5.86e-06
1412138610	5.85e-06
1412138670	5.84e-06
1412138731	5.82e-06
1412138791	5.81e-06
1412138851	5.8e-06
1412138912	5.78e-06
1412138973	5.77e-06
1412139033	5.76e-06
1412139094	5.75e-06
1412139154	5.73e-06
1412139214	5.72e-06
1412139275	5.71e-06
1412139336	5.7e-06
1412139396	5.69e-06
1412139456	5.68e-06
1412139517	5.67e-06
1412139577	5.66e-06
1412139638	5.64e-06
1412139699	5.63e-06
1412139759	5.62e-06
1412139820	5.61e-06
1412139880	5.6e-06
1412139941	5.59e-06
1412140001	5.57e-06
1412140062	5.56e-06
1412140122	5.55e-06
1412140183	5.54e-06
1412140243	5.53e-06
1412140304	5.52e-06
1412140364	5.51e-06
1412140425	5.51e-06
1412140485	5.51e-06
1412140546	5.51e-06
1412140607	5.49e-06
1412140667	5.48e-06
1412140728	5.47e-06
1412140788	5.46e-06
1412140848	5.45e-06
1412140909	5.44e-06
1412140969	5.43e-06
1412141030	5.42e-06
1412141090	5.41e-06
1412141151	5.39e-06
1412141211	5.39e-06
1412141272	5.37e-06
1412141332	5.36e-06
1412141393	5.35e-06
1412141453	5.34e-06
1412141514	5.33e-06
1412141574	5.32e-06
1412141635	5.31e-06
1412141695	5.3e-06
1412141756	5.29e-06
1412141816	5.28e-06
1412141877	5.27e-06
1412141937	5.26e-06
1412141998	5.25e-06
1412142058	5.24e-06
1412142119	5.23e-06
1412142179	5.22e-06
1412142240	5.21e-06
1412142300	5.2e-06
1412142361	5.19e-06
1412142421	5.18e-06
1412142482	5.17e-06
1412142542	5.16e-06
1412142603	5.15e-06
1412142663	5.14e-06
1412142724	5.13e-06
1412142784	5.12e-06
1412142845	5.11e-06
1412142905	5.1e-06
1412142966	5.09e-06
1412143026	5.08e-06
1412143087	5.07e-06
1412143147	5.06e-06
1412143208	5.05e-06
1412143268	5.05e-06
1412143329	5.04e-06
1412143389	5.03e-06
1412143450	5.02e-06
1412143510	5.01e-06
1412143571	5.05e-06
1412143631	4.99e-06
1412143692	4.99e-06
1412143752	4.97e-06
1412143813	4.96e-06
1412143873	4.95e-06
1412143934	4.94e-06
1412143994	4.93e-06
1412144055	4.92e-06
1412144115	4.92e-06
1412144176	4.91e-06
1412144236	4.9e-06
1412144297	4.89e-06
1412144357	4.88e-06
1412144418	4.87e-06
1412144478	4.87e-06
1412144539	4.86e-06
1412144599	4.85e-06
1412144660	4.84e-06
1412144720	4.83e-06
1412144781	4.82e-06
1412144841	4.81e-06
1412144902	4.8e-06
1412144962	4.79e-06
1412145023	4.78e-06
1412145083	4.78e-06
1412145144	4.77e-06
1412145204	4.76e-06
1412145265	4.75e-06
1412145325	4.74e-06
1412145386	4.74e-06
1412145446	4.73e-06
1412145507	4.72e-06
1412145567	4.71e-06
1412145628	4.7e-06
1412145688	4.69e-06
1412145749	4.69e-06
1412145809	4.68e-06
1412145870	4.67e-06
1412145930	4.66e-06
1412145991	4.65e-06
1412146051	4.65e-06
1412146111	4.64e-06
1412146172	4.63e-06
1412146232	4.63e-06
1412146293	4.62e-06
1412146353	4.61e-06
1412146414	4.6e-06
1412146474	4.59e-06
1412146535	4.59e-06
1412146596	4.58e-06
1412146656	4.57e-06
1412146717	4.56e-06
1412146777	4.56e-06
1412146838	4.55e-06
1412146898	4.54e-06
1412146959	4.53e-06
1412147019	4.53e-06
1412147079	4.52e-06
1412147140	4.51e-06
1412147200	4.51e-06
1412147261	4.5e-06
1412147321	4.49e-06
1412147382	4.48e-06
1412147442	4.48e-06
1412147503	4.47e-06
1412147563	4.46e-06
1412147624	4.45e-06
1412147684	4.45e-06
1412147745	4.44e-06
1412147805	4.43e-06
1412147866	4.43e-06
1412147926	4.42e-06
1412147987	4.41e-06
1412148047	4.41e-06
1412148108	4.4e-06
1412148168	4.39e-06
1412148229	4.39e-06
1412148289	4.38e-06
1412148350	4.37e-06
1412148410	4.36e-06
1412148471	4.36e-06
1412148531	4.35e-06
1412148592	4.34e-06
1412148652	4.34e-06
1412148713	4.33e-06
1412148773	4.32e-06
1412148834	4.32e-06
1412148894	4.31e-06
1412148955	4.3e-06
1412149015	4.3e-06
1412149076	4.29e-06
1412149136	4.28e-06
1412149197	4.28e-06
1412149257	4.27e-06
1412149318	4.26e-06
1412149379	4.26e-06
1412149439	4.25e-06
1412149500	4.24e-06
1412149560	4.24e-06
1412149621	4.23e-06
1412149681	4.22e-06
1412149742	4.22e-06
1412149802	4.21e-06
1412149863	4.21e-06
1412149923	4.2e-06
1412149984	4.19e-06
1412150044	4.19e-06
1412150105	4.18e-06
1412150165	4.17e-06
1412150226	4.17e-06
1412150286	4.19e-06
1412150347	4.17e-06
1412150407	4.16e-06
1412150468	4.16e-06
1412150528	4.15e-06
1412150589	4.14e-06
1412150649	4.13e-06
1412150710	4.13e-06
1412150770	4.12e-06
1412150831	4.12e-06
1412150891	4.11e-06
1412150952	4.1e-06
1412151012	4.11e-06
1412151073	4.02e-06
1412151133	4.01e-06
1412151193	4e-06
1412151254	3.99e-06
1412151314	3.98e-06
1412151375	3.98e-06
1412151435	3.97e-06
1412151496	4e-06
1412151556	3.97e-06
1412151617	3.97e-06
1412151678	3.96e-06
1412151738	3.95e-06
1412151799	3.94e-06
1412151859	3.94e-06
1412151920	3.93e-06
1412151980	3.93e-06
1412152041	3.92e-06
1412152101	3.91e-06
1412152162	3.91e-06
1412152222	3.91e-06
1412152283	3.9e-06
1412152343	3.89e-06
1412152404	3.89e-06
1412152464	3.88e-06
1412152525	3.88e-06
1412152585	3.87e-06
1412152646	3.87e-06
1412152706	3.86e-06
1412152767	3.85e-06
1412152827	3.85e-06
1412152888	3.84e-06
1412152948	3.84e-06
1412153009	3.83e-06
1412153069	3.83e-06
1412153130	3.82e-06
1412153190	3.81e-06
1412153251	3.81e-06
1412153311	3.8e-06
1412153372	3.8e-06
1412153432	3.8e-06
1412153493	3.79e-06
1412153553	3.79e-06
1412153614	3.78e-06
1412153674	3.78e-06
1412153735	3.77e-06
1412153795	3.77e-06
1412153856	3.76e-06
1412153916	3.76e-06
1412153977	3.75e-06
1412154037	3.75e-06
1412154097	3.74e-06
1412154158	3.74e-06
1412154219	3.73e-06
1412154279	3.73e-06
1412154339	3.72e-06
1412154400	3.72e-06
1412154460	3.71e-06
1412154521	3.7e-06
1412154581	3.7e-06
1412154642	3.7e-06
1412154702	3.69e-06
1412154763	3.69e-06
1412154823	3.68e-06
1412154884	3.68e-06
1412154944	3.67e-06
1412155005	3.67e-06
1412155065	3.66e-06
1412155126	3.66e-06
1412155186	3.65e-06
1412155247	3.65e-06
1412155307	3.64e-06
1412155368	3.64e-06
1412155428	3.64e-06
1412155489	3.63e-06
1412155549	3.63e-06
1412155610	3.62e-06
1412155670	3.62e-06
1412155731	3.61e-06
1412155791	3.61e-06
1412155852	3.61e-06
1412155912	3.6e-06
1412155973	3.6e-06
1412156033	3.59e-06
1412156094	3.58e-06
1412156154	3.58e-06
1412156215	3.58e-06
1412156275	3.57e-06
1412156336	3.57e-06
1412156396	3.57e-06
1412156457	3.56e-06
1412156517	3.56e-06
1412156578	3.55e-06
1412156638	3.55e-06
1412156699	3.54e-06
1412156759	3.54e-06
1412156820	3.54e-06
1412156880	3.53e-06
1412156941	3.53e-06
1412157001	3.52e-06
1412157062	3.52e-06
1412157122	3.51e-06
1412157183	3.5e-06
1412157243	3.51e-06
1412157304	3.5e-06
1412157364	3.5e-06
1412157425	3.49e-06
1412157485	3.48e-06
1412157546	3.48e-06
1412157606	3.48e-06
1412157667	3.47e-06
1412157727	3.47e-06
1412157788	3.46e-06
1412157848	3.47e-06
1412157909	3.46e-06
1412157970	3.46e-06
1412158030	3.45e-06
1412158091	3.45e-06
1412158151	3.44e-06
1412158211	3.44e-06
1412158272	3.43e-06
1412158332	3.43e-06
1412158393	3.42e-06
1412158453	3.42e-06
1412158514	3.41e-06
1412158574	3.41e-06
1412158635	3.41e-06
1412158695	3.4e-06
1412158756	3.4e-06
1412158816	3.39e-06
1412158877	3.39e-06
1412158937	3.38e-06
1412158998	3.38e-06
1412159058	3.38e-06
1412159119	3.38e-06
1412159179	3.37e-06
1412159240	3.37e-06
1412159300	3.36e-06
1412159361	3.36e-06
1412159421	3.35e-06
1412159482	3.35e-06
1412159542	3.35e-06
1412159603	3.34e-06
1412159663	3.34e-06
1412159724	3.33e-06
1412159784	3.33e-06
1412159845	3.32e-06
1412159905	3.32e-06
1412159966	3.32e-06
1412160026	3.31e-06
1412160087	3.31e-06
1412160147	3.31e-06
1412160208	3.3e-06
1412160268	3.3e-06
1412160329	3.3e-06
1412160389	3.3e-06
1412160450	3.29e-06
1412160510	3.29e-06
1412160571	3.28e-06
1412160632	3.28e-06
1412160692	3.28e-06
1412160753	3.27e-06
1412160813	3.27e-06
1412160874	3.26e-06
1412160934	3.26e-06
1412160995	3.26e-06
1412161055	3.25e-06
1412161116	3.25e-06
1412161176	3.25e-06
1412161237	3.24e-06
1412161297	3.24e-06
1412161358	3.23e-06
1412161418	3.23e-06
1412161479	3.23e-06
1412161539	3.22e-06
1412161600	3.22e-06
1412161660	3.22e-06
1412161721	3.21e-06
1412161781	3.21e-06
1412161842	3.21e-06
1412161902	3.2e-06
1412161963	3.2e-06
1412162023	3.19e-06
1412162084	3.19e-06
1412162144	3.19e-06
1412162205	3.18e-06
1412162265	3.18e-06
1412162325	3.18e-06
1412162386	3.17e-06
1412162446	3.17e-06
1412162507	3.17e-06
1412162567	3.16e-06
1412162628	3.16e-06
1412162688	3.15e-06
1412162749	3.15e-06
1412162810	3.15e-06
1412162870	3.14e-06
1412162931	3.14e-06
1412162991	3.14e-06
1412163052	3.13e-06
1412163112	3.13e-06
1412163173	3.13e-06
1412163233	3.13e-06
1412163294	3.12e-06
1412163354	3.12e-06
1412163415	3.11e-06
1412163475	3.11e-06
1412163536	3.11e-06
1412163596	3.1e-06
1412163657	3.1e-06
1412163717	3.1e-06
1412163778	3.09e-06
1412163838	3.09e-06
1412163899	3.09e-06
1412163959	3.09e-06
1412164020	3.08e-06
1412164080	3.08e-06
1412164141	3.08e-06
1412164201	3.07e-06
1412164262	3.07e-06
1412164322	3.06e-06
1412164383	3.06e-06
1412164443	3.06e-06
1412164504	3.06e-06
1412164564	3.05e-06
1412164625	3.05e-06
1412164685	3.05e-06
1412164746	3.04e-06
1412164806	3.04e-06
1412164867	3.03e-06
1412164927	3.03e-06
1412164988	3.03e-06
1412165048	3.03e-06
1412165109	3.03e-06
1412165169	3.02e-06
1412165230	3.02e-06
1412165290	3.02e-06
1412165351	3.01e-06
1412165411	3.01e-06
1412165472	3.01e-06
1412165532	3.01e-06
1412165593	3e-06
1412165653	3e-06
1412165714	3e-06
1412165774	2.99e-06
1412165835	2.99e-06
1412165895	2.99e-06
1412165956	2.98e-06
1412166016	2.98e-06
1412166077	2.98e-06
1412166137	2.97e-06
1412166198	2.97e-06
1412166258	2.97e-06
1412166319	2.97e-06
1412166379	2.96e-06
1412166440	2.96e-06
1412166500	2.95e-06
1412166561	2.95e-06
1412166621	2.95e-06
1412166682	2.95e-06
1412166743	2.94e-06
1412166803	2.94e-06
1412166863	2.94e-06
1412166924	2.94e-06
1412166984	2.93e-06
1412167045	2.93e-06
1412167105	2.93e-06
1412167166	2.93e-06
1412167226	2.92e-06
1412167287	2.92e-06
1412167347	2.92e-06
1412167408	2.91e-06
1412167468	2.91e-06
1412167529	2.91e-06
1412167589	2.9e-06
1412167650	2.9e-06
1412167710	2.9e-06
1412167771	2.89e-06
1412167831	2.89e-06
1412167892	2.89e-06
1412167952	2.89e-06
1412168012	2.88e-06
1412168073	2.88e-06
1412168133	2.88e-06
1412168194	2.87e-06
1412168254	2.87e-06
1412168315	2.87e-06
1412168376	2.86e-06
1412168436	2.86e-06
1412168497	2.86e-06
1412168557	2.86e-06
1412168618	2.85e-06
1412168678	2.84e-06
1412168739	2.84e-06
1412168799	2.84e-06
1412168860	2.83e-06
1412168920	2.83e-06
1412168981	2.83e-06
1412169041	2.83e-06
1412169102	2.83e-06
1412169163	2.82e-06
1412169223	2.82e-06
1412169283	2.82e-06
1412169344	2.81e-06
1412169404	2.81e-06
1412169465	2.81e-06
1412169525	2.8e-06
1412169586	2.8e-06
1412169646	2.8e-06
1412169707	2.8e-06
1412169767	2.79e-06
1412169828	2.79e-06
1412169888	2.79e-06
1412169949	2.78e-06
1412170009	2.78e-06
1412170070	2.78e-06
1412170130	2.78e-06
1412170191	2.77e-06
1412170251	2.77e-06
1412170312	2.77e-06
1412170372	2.77e-06
1412170433	2.77e-06
1412170494	2.76e-06
1412170554	2.76e-06
1412170615	2.76e-06
1412170675	2.76e-06
1412170736	2.75e-06
1412170796	2.75e-06
1412170857	2.75e-06
1412170917	2.74e-06
1412170977	2.74e-06
1412171038	2.73e-06
1412171098	2.73e-06
1412171159	2.73e-06
1412171219	2.73e-06
1412171280	2.72e-06
1412171340	2.72e-06
1412171401	2.72e-06
1412171461	2.71e-06
1412171522	2.71e-06
1412171582	2.71e-06
1412171643	2.71e-06
1412171703	2.7e-06
1412171764	2.7e-06
1412171824	2.7e-06
1412171885	1.82e-05
1412171945	2.16e-05
1412172006	2.23e-05
1412172066	2.24e-05
1412172127	2.24e-05
1412172187	2.23e-05
1412172248	2.23e-05
1412172309	2.23e-05
1412172369	2.23e-05
1412172430	2.22e-05
1412172490	2.21e-05
1412173509	0.0
1412173570	0.00265
1412173630	0.00242
1412173691	0.00236
1412173751	0.00236
1412173812	0.00235
1412173872	0.00235
1412173933	0.00235
1412173993	0.00235
1412174054	0.00236
1412174115	0.00236
1412174175	0.00236
1412174235	0.00236
1412174296	0.00236
1412174357	0.00236
1412174417	0.00237
1412174478	0.00237
1412174538	0.00237
1412174599	0.00237
1412174659	0.00237
1412174720	0.00237
1412174780	0.00237
1412174840	0.00237
1412174901	0.00237
1412174961	0.00237
1412175022	0.00237
1412175082	0.00237
1412175143	0.00237
1412175204	0.00237
1412175264	0.00237
1412175325	0.00237
1412175385	0.00237
1412175446	0.00237
1412175506	0.00237
1412175567	0.00237
1412175627	0.00237
1412175688	0.00237
1412175748	0.00237
1412175809	0.00237
1412175869	0.00237
1412175930	0.00237
1412175990	0.00237
1412176051	0.00237
1412176111	0.00237
1412176172	0.00237
1412176232	0.00237
1412176292	0.00237
1412176353	0.00237
1412176413	0.00237
1412176474	0.00237
1412176534	0.00237
1412176595	0.00237
1412176655	0.00237
1412176716	0.00237
1412176776	0.00237
1412176837	0.00237
1412176897	0.00237
1412176958	0.00237
1412177018	0.00237
1412177079	0.00237
1412177139	0.00237
1412177200	0.00237
1412177260	0.00237
1412177321	0.00237
1412177381	0.00237
1412177442	0.00237
1412177502	0.00237
1412177563	0.00237
1412177623	0.00237
1412177684	0.00237
1412177744	0.00237
1412177805	0.00237
1412177865	0.00237
1412177926	0.00237
1412177986	0.00237
1412178047	0.00237
1412178107	0.00237
1412178168	0.00237
1412178228	0.00237
1412178289	0.00237
1412178349	0.00237
1412178410	0.00237
1412178470	0.00237
1412178531	0.00237
1412178591	0.00237
1412178652	0.00237
1412178712	0.00237
1412178773	0.00237
1412178833	0.00237
1412178894	0.00237
1412178954	0.00237
1412179014	0.00237
1412179075	0.00237
1412179135	0.00237
1412179196	0.00237
1412179256	0.00237
1412179317	0.00237
1412179377	0.00237
1412179438	0.00237
1412179498	0.00237
1412179559	0.00237
1412179619	0.00237
1412179680	0.00237
1412179740	0.00237
1412179801	0.00237
1412179861	0.00237
1412179922	0.00237
1412179982	0.00237
1412180043	0.00237
1412180103	0.00237
1412180164	0.00237
1412180224	0.00237
1412180285	0.00237
1412180345	0.00237
1412180406	0.00237
1412180467	0.00237
1412180527	0.00237
1412180587	0.00237
1412180648	0.00237
1412180708	0.00237
1412180769	0.00237
1412180830	0.00237
1412180890	0.00237
1412180951	0.00237
1412181011	0.00237
1412181072	0.00237
1412181132	0.00237
1412181193	0.00237
1412181253	0.00237
1412181314	0.00237
1412181374	0.00237
1412181435	0.00237
1412181495	0.00237
1412181556	0.00237
1412181616	0.00237
1412181677	0.00237
1412181737	0.00237
1412181798	0.00237
1412181858	0.00237
1412181919	0.00237
1412181979	0.00237
1412182040	0.00237
1412182100	0.00237
1412182161	0.00237
1412182221	0.00237
1412182282	0.00237
1412182342	0.00237
1412182403	0.00237
1412182463	0.00237
1412182524	0.00237
1412182585	0.00237
1412182645	0.00237
1412182706	0.00237
1412182766	0.00237
1412182827	0.00237
1412182887	0.00237
1412182948	0.00237
1412183008	0.00237
1412183069	0.00237
1412183129	0.00237
1412183190	0.00237
1412183250	0.00237
1412183311	0.00237
1412183371	0.00237
1412183432	0.00237
1412183492	0.00237
1412183553	0.00237
1412183613	0.00237
1412183674	0.00237
1412183734	0.00237
1412183795	0.00237
1412183855	0.00237
1412183916	0.00237
1412183976	0.00237
1412184037	0.00237
1412184097	0.00237
1412184158	0.00237
1412184219	0.00237
1412184279	0.00237
1412184340	0.00237
1412184400	0.00237
1412184461	0.00237
1412184521	0.00237
1412184582	0.00237
1412184642	0.00237
1412184703	0.00237
1412184763	0.00237
1412184824	0.00237
1412184884	0.00237
1412184945	0.00237
1412185005	0.00237
1412185066	0.00237
1412185126	0.00237
1412185187	0.00237
1412185247	0.00237
1412185308	0.00237
1412185368	0.00237
1412185429	0.00237
1412185489	0.00237
1412185550	0.00237
1412185610	0.00237
1412185671	0.00237
1412185731	0.00237
1412185792	0.00237
1412185852	0.00237
1412185913	0.00237
1412185973	0.00237
1412186034	0.00237
1412186094	0.00237
1412186155	0.00237
1412186215	0.00237
1412186276	0.00237
1412186336	0.00237
1412186397	0.00237
1412186457	0.00237
1412186518	0.00237
1412186578	0.00237
1412186639	0.00237
1412186699	0.00237
1412186760	0.00237
1412186820	0.00237
1412186881	0.00237
1412186941	0.00237
1412187002	0.00237
1412187062	0.00237
1412187123	0.00237
1412187183	0.00237
1412187244	0.00237
1412187304	0.00237
1412187365	0.00237
1412187425	0.00237
1412187486	0.00237
1412187546	0.00237
1412187607	0.00237
1412187667	0.00237
1412187728	0.00237
1412187788	0.00237
1412187849	0.00237
1412187909	0.00237
1412187970	0.00237
1412188030	0.00237
1412188091	0.00237
1412188152	0.00237
1412188212	0.00237
1412188273	0.00237
1412188333	0.00237
1412188394	0.00237
1412188454	0.00237
1412188515	0.00237
1412188575	0.00237
1412188636	0.00237
1412188696	0.00237
1412188757	0.00237
1412188817	0.00237
1412188878	0.00237
1412188938	0.00237
1412188999	0.00237
1412189059	0.00237
1412189120	0.00237
1412189180	0.00237
1412189241	0.00237
1412189301	0.00237
1412189362	0.00237
1412189422	0.00237
1412189483	0.00237
1412189543	0.00237
1412189604	0.00237
1412189664	0.00237
1412189725	0.00237
1412189786	0.00237
1412189846	0.00237
1412189906	0.00237
1412189967	0.00237
1412190028	0.00237
1412190088	0.00237
1412190149	0.00237
1412190209	0.00237
1412190270	0.00237
1412190330	0.00237
1412190391	0.00237
1412190451	0.00237
1412190512	0.00237
1412190572	0.00237
1412190633	0.00237
1412190693	0.00237
1412190754	0.00237
1412190814	0.00237
1412190875	0.00237
1412190935	0.00237
1412190996	0.00237
1412191056	0.00237
1412191117	0.00237
1412191177	0.00237
1412191238	0.00237
1412191298	0.00237
1412191359	0.00237
1412191419	0.00237
1412191480	0.00237
1412191540	0.00237
1412191601	0.00237
1412191661	0.00237
1412191722	0.00237
1412191782	0.00237
1412191843	0.00237
1412191903	0.00237
1412191964	0.00237
1412192024	0.00237
1412192085	0.00237
1412192145	0.00237
1412192206	0.00237
1412192266	0.00237
1412192327	0.00237
1412192387	0.00237
1412192448	0.00237
1412192508	0.00237
1412192569	0.00237
1412192630	0.00237
1412192690	0.00237
1412192751	0.00237
1412192811	0.00237
1412192872	0.00237
1412192932	0.00237
1412192993	0.00237
1412193053	0.00237
1412193114	0.00237
1412193174	0.00237
1412193235	0.00237
1412193295	0.00237
1412193356	0.00237
1412193416	0.00237
1412193477	0.00237
1412193537	0.00237
1412193597	0.00237
1412193658	0.00237
1412193718	0.00237
1412193779	0.00237
1412193840	0.00237
1412193900	0.00237
1412193961	0.00237
1412194021	0.00237
1412194082	0.00237
1412194142	0.00237
1412194203	0.00237
1412194263	0.00237
1412194324	0.00237
1412194384	0.00237
1412194445	0.00237
1412194505	0.00237
1412194566	0.00237
1412194626	0.00237
1412194687	0.00237
1412194747	0.00237
1412194808	0.00237
1412194868	0.00237
1412194929	0.00237
1412194989	0.00237
1412195050	0.00237
1412195110	0.00237
1412195171	0.00237
1412195231	0.00237
1412195292	0.00237
1412195352	0.00237
1412195413	0.00237
1412195473	0.00237
1412195534	0.00237
1412195594	0.00237
1412195655	0.00237
1412195715	0.00237
1412195776	0.00237
1412195836	0.00237
1412195897	0.00237
1412204541	0.0
1412204591	1.8e-06
1412204652	1.8e-06
1412204712	8.77e-06
1412204773	1.39e-05
1412204833	1.43e-05
1412204894	1.45e-05
1412204954	1.46e-05
1412205974	0.0
1412206035	2.53e-06
1412206095	2.44e-06
1412206156	2.42e-06
1412206216	2.4e-06
1412206277	2.4e-06
1412206337	2.39e-06
1412206398	2.38e-06
1412206458	2.37e-06
1412206519	2.36e-06
1412206579	2.36e-06
1412206639	2.35e-06
1412206700	2.35e-06
1412206760	2.34e-06
1412206821	2.34e-06
1412206881	2.33e-06
1412206942	2.33e-06
1412207002	2.32e-06
1412207063	2.32e-06
1412207123	2.31e-06
1412207184	2.31e-06
1412207244	2.3e-06
1412207305	2.3e-06
1412207365	2.29e-06
1412207426	2.29e-06
1412207486	2.29e-06
1412207547	2.29e-06
1412207607	2.28e-06
1412207668	2.28e-06
1412207728	2.28e-06
1412207789	2.27e-06
1412207849	2.27e-06
1412207910	2.27e-06
1412207970	2.27e-06
1412208031	2.26e-06
1412208091	2.26e-06
1412208152	2.26e-06
1412208212	2.26e-06
1412208273	2.26e-06
1412208333	2.25e-06
1412208394	2.25e-06
1412208454	2.25e-06
1412208515	2.25e-06
1412208575	2.25e-06
1412208636	2.25e-06
1412208696	2.24e-06
1412208757	2.24e-06
1412208817	2.24e-06
1412208878	2.24e-06
1412208938	2.24e-06
1412208999	2.24e-06
1412209059	2.24e-06
1412209120	2.23e-06
1412209180	2.23e-06
1412209241	2.23e-06
1412209301	2.23e-06
1412209362	2.23e-06
1412209422	2.23e-06
1412209483	2.23e-06
1412209543	2.22e-06
1412209604	2.22e-06
1412209664	2.22e-06
1412209725	2.22e-06
1412209785	2.22e-06
1412209846	2.22e-06
1412209906	2.22e-06
1412209967	2.21e-06
1412210027	2.21e-06
1412210088	2.21e-06
1412210148	2.21e-06
1412210209	2.21e-06
1412210270	2.21e-06
1412210330	2.21e-06
1412210391	2.2e-06
1412210451	2.2e-06
1412210512	2.2e-06
1412210572	2.2e-06
1412210633	2.2e-06
1412210693	2.2e-06
1412210754	2.2e-06
1412210814	2.2e-06
1412210875	2.19e-06
1412210935	2.19e-06
1412210996	2.19e-06
1412211056	2.19e-06
1412211117	2.19e-06
1412211177	2.19e-06
1412211238	2.19e-06
1412211298	2.19e-06
1412211359	2.18e-06
1412211419	2.18e-06
1412211480	2.18e-06
1412211540	2.18e-06
1412211601	2.18e-06
1412211661	2.18e-06
1412211722	2.18e-06
1412211782	2.18e-06
1412211843	2.17e-06
1412211903	2.17e-06
1412211964	2.17e-06
1412212024	2.17e-06
1412212085	2.17e-06
1412212145	2.17e-06
1412212206	2.17e-06
1412212266	2.17e-06
1412212327	2.17e-06
1412212387	2.16e-06
1412212448	2.16e-06
1412212508	2.16e-06
1412212569	2.16e-06
1412212629	2.16e-06
1412212690	2.16e-06
1412212750	2.16e-06
1412212811	2.16e-06
1412212871	2.16e-06
1412212932	2.15e-06
1412212992	2.15e-06
1412213053	2.15e-06
1412213113	2.15e-06
1412213174	2.15e-06
1412213234	2.15e-06
1412213295	2.15e-06
1412213355	2.15e-06
1412213416	2.15e-06
1412213476	2.14e-06
1412213537	2.14e-06
1412213597	2.14e-06
1412213658	2.14e-06
1412213718	2.14e-06
1412213779	2.14e-06
1412213839	2.14e-06
1412213900	2.14e-06
1412213960	2.14e-06
1412214021	2.13e-06
1412214081	2.13e-06
1412214142	2.13e-06
1412214202	2.13e-06
1412214263	2.13e-06
1412214324	2.13e-06
1412214384	2.13e-06
1412214445	2.13e-06
1412214505	2.13e-06
1412214566	2.12e-06
1412214626	2.12e-06
1412214687	2.12e-06
1412214747	2.12e-06
1412214808	2.12e-06
1412214868	2.12e-06
1412214929	2.12e-06
1412214989	2.12e-06
1412215050	2.12e-06
1412215110	2.12e-06
1412215171	2.11e-06
1412215231	2.11e-06
1412215292	2.11e-06
1412215352	2.11e-06
1412215413	2.11e-06
1412215473	2.11e-06
1412215534	2.11e-06
1412215594	2.11e-06
1412215655	2.11e-06
1412215715	2.1e-06
1412215776	2.1e-06
1412215836	2.1e-06
1412215897	2.1e-06
1412215957	2.1e-06
1412216018	2.1e-06
1412216078	2.1e-06
1412216139	2.1e-06
1412216199	2.1e-06
1412216260	2.1e-06
1412216320	2.1e-06
1412216381	2.09e-06
1412216441	2.09e-06
1412216502	2.09e-06
1412216562	2.09e-06
1412216623	2.09e-06
1412216683	2.09e-06
1412216744	2.09e-06
1412216804	2.09e-06
1412216864	2.09e-06
1412216925	2.09e-06
1412216985	2.09e-06
1412217046	2.08e-06
1412217106	2.08e-06
1412217167	2.08e-06
1412217227	2.08e-06
1412217288	2.08e-06
1412217348	2.08e-06
1412217409	2.08e-06
1412217469	2.08e-06
1412217530	2.08e-06
1412217590	2.07e-06
1412217650	2.07e-06
1412217711	2.07e-06
1412217771	2.07e-06
1412217832	2.07e-06
1412217892	2.07e-06
1412217953	2.07e-06
1412218013	2.07e-06
1412218074	2.07e-06
1412218134	2.07e-06
1412218195	2.07e-06
1412218255	2.06e-06
1412218316	2.06e-06
1412218376	2.06e-06
1412218437	2.06e-06
1412218497	2.06e-06
1412218558	2.06e-06
1412218618	2.06e-06
1412218679	2.06e-06
1412218739	2.06e-06
1412218800	2.06e-06
1412218860	2.06e-06
1412218921	2.05e-06
1412218981	2.05e-06
1412219042	2.05e-06
1412219102	2.05e-06
1412219163	2.05e-06
1412219223	2.05e-06
1412219284	2.05e-06
1412219344	2.05e-06
1412219405	2.05e-06
1412219465	2.05e-06
1412219526	2.04e-06
1412219586	2.04e-06
1412219647	2.04e-06
1412219707	2.04e-06
1412219768	2.04e-06
1412219828	2.04e-06
1412219889	2.04e-06
1412219949	2.04e-06
1412220010	2.04e-06
1412220070	2.04e-06
1412220131	2.04e-06
1412220191	2.03e-06
1412220252	2.03e-06
1412220312	2.03e-06
1412220373	2.03e-06
1412220433	2.03e-06
1412220494	2.03e-06
1412220554	2.03e-06
1412220615	2.03e-06
1412220675	2.03e-06
1412220736	2.03e-06
1412220796	2.02e-06
1412220857	2.02e-06
1412220918	2.02e-06
1412220978	2.02e-06
1412221039	2.02e-06
1412221099	2.02e-06
1412221160	2.02e-06
1412221220	2.02e-06
1412221281	2.02e-06
1412221341	2.02e-06
1412221402	2.02e-06
1412221462	2.02e-06
1412221523	2.01e-06
1412221583	2.01e-06
1412221644	2.01e-06
1412221704	2.01e-06
1412221765	2.01e-06
1412221825	2.01e-06
1412221886	2.01e-06
1412221946	2.01e-06
1412222007	2.01e-06
1412222067	2.01e-06
1412222128	2.01e-06
1412222188	2e-06
1412222249	2e-06
1412222309	2e-06
1412222370	2e-06
1412222430	2e-06
1412222491	2e-06
1412222551	2e-06
1412222612	2e-06
1412222672	2e-06
1412222733	2e-06
1412222793	2e-06
1412222854	2e-06
1412222914	2e-06
1412222975	1.99e-06
1412223035	1.99e-06
1412223096	1.99e-06
1412223156	1.99e-06
1412223217	1.99e-06
1412223278	1.99e-06
1412223338	1.99e-06
1412223399	1.99e-06
1412223459	1.99e-06
1412223520	1.99e-06
1412223580	1.99e-06
1412223641	1.98e-06
1412223701	1.98e-06
1412223762	1.98e-06
1412223822	1.98e-06
1412223883	1.98e-06
1412223943	1.98e-06
1412224003	1.98e-06
1412224064	1.98e-06
1412224124	1.98e-06
1412224185	1.98e-06
1412224245	1.98e-06
1412224306	1.98e-06
1412224366	1.98e-06
1412224427	1.97e-06
1412224487	1.97e-06
1412224548	1.97e-06
1412224608	1.97e-06
1412224669	1.97e-06
1412224729	1.97e-06
1412224790	1.97e-06
1412224850	1.97e-06
1412224911	1.97e-06
1412224971	1.97e-06
1412225032	1.97e-06
1412225092	1.97e-06
1412225153	1.96e-06
1412225214	1.96e-06
1412225274	1.96e-06
1412225335	1.96e-06
1412225395	1.96e-06
1412225456	1.96e-06
1412225516	1.96e-06
1412225577	1.96e-06
1412225637	1.96e-06
1412225698	1.96e-06
1412225758	1.96e-06
1412225819	1.96e-06
1412225879	1.95e-06
1412225940	1.95e-06
1412226000	1.95e-06
1412226061	1.95e-06
1412226121	1.95e-06
1412226182	1.95e-06
1412226242	1.95e-06
1412226303	1.95e-06
1412226363	1.95e-06
1412226424	1.95e-06
1412226484	1.95e-06
1412226545	1.94e-06
1412226605	1.94e-06
1412226666	1.94e-06
1412226726	1.94e-06
1412226787	1.94e-06
1412226847	1.94e-06
1412226908	1.94e-06
1412226969	1.94e-06
1412227029	1.94e-06
1412227090	1.94e-06
1412227150	1.94e-06
1412227210	1.94e-06
1412227271	1.94e-06
1412227332	1.94e-06
1412227392	1.93e-06
1412227453	1.93e-06
1412227513	1.93e-06
1412227574	1.93e-06
1412227634	1.93e-06
1412227695	1.93e-06
1412227755	1.93e-06
1412227816	1.93e-06
1412227876	1.93e-06
1412227936	1.93e-06
1412227997	1.93e-06
1412228057	1.93e-06
1412228118	1.92e-06
1412228178	1.92e-06
1412228239	1.92e-06
1412228300	1.92e-06
1412228360	1.92e-06
1412228420	1.92e-06
1412228481	1.92e-06
1412228542	1.92e-06
1412228602	1.92e-06
1412228663	1.92e-06
1412228723	1.92e-06
1412228784	1.92e-06
1412228844	1.92e-06
1412228905	1.92e-06
1412228965	1.91e-06
1412229026	1.91e-06
1412229086	1.91e-06
1412229147	1.91e-06
1412229207	1.91e-06
1412229268	1.91e-06
1412229328	1.91e-06
1412229389	1.91e-06
1412229449	1.91e-06
1412229510	1.91e-06
1412229570	1.91e-06
1412229631	1.91e-06
1412229691	1.9e-06
1412229752	1.9e-06
1412229813	1.9e-06
1412229873	1.9e-06
1412229934	1.9e-06
1412229994	1.9e-06
1412230055	1.9e-06
1412230115	1.9e-06
1412230176	1.9e-06
1412230236	1.9e-06
1412230297	1.9e-06
1412230357	1.9e-06
1412230418	1.9e-06
1412230478	1.89e-06
1412230539	1.89e-06
1412230599	1.89e-06
1412230660	1.89e-06
1412230720	1.89e-06
1412230781	1.89e-06
1412230841	1.89e-06
1412230902	1.89e-06
1412230962	1.89e-06
1412231023	1.89e-06
1412231083	1.89e-06
1412231144	1.89e-06
1412231204	1.89e-06
1412231265	1.89e-06
1412231325	1.88e-06
1412231386	1.88e-06
1412231446	1.88e-06
1412231507	1.88e-06
1412231567	1.88e-06
1412231628	1.88e-06
1412231688	1.88e-06
1412231749	1.88e-06
1412231809	1.88e-06
1412231870	1.88e-06
1412231930	1.88e-06
1412231991	1.88e-06
1412232051	1.88e-06
1412232112	1.87e-06
1412232172	1.87e-06
1412232233	1.87e-06
1412232293	1.87e-06
1412232354	1.87e-06
1412232415	1.87e-06
1412232475	1.87e-06
1412232535	1.87e-06
1412232596	1.87e-06
1412232656	1.87e-06
1412232717	1.87e-06
1412232777	1.87e-06
1412232838	1.87e-06
1412232898	1.87e-06
1412232959	1.86e-06
1412233019	1.86e-06
1412233080	1.86e-06
1412233140	1.86e-06
1412233201	1.86e-06
1412233261	1.86e-06
1412233322	1.86e-06
1412233382	1.86e-06
1412233443	1.86e-06
1412233503	1.86e-06
1412233564	1.86e-06
1412233624	1.86e-06
1412233685	1.86e-06
1412233745	1.86e-06
1412233806	1.85e-06
1412233866	1.85e-06
1412233927	1.85e-06
1412233987	1.85e-06
1412234048	1.85e-06
1412234108	1.85e-06
1412234169	1.85e-06
1412234229	1.85e-06
1412234290	1.85e-06
1412234350	1.85e-06
1412234411	1.85e-06
1412234471	1.85e-06
1412234532	1.85e-06
1412234592	1.84e-06
1412234653	1.84e-06
1412234713	1.84e-06
1412234774	1.84e-06
1412234834	1.84e-06
1412234895	1.84e-06
1412234956	1.84e-06
1412235016	1.84e-06
1412235077	1.84e-06
1412235137	1.84e-06
1412235198	1.84e-06
1412235258	1.84e-06
1412235319	1.84e-06
1412235379	1.84e-06
1412235440	1.84e-06
1412235500	1.83e-06
1412235561	1.83e-06
1412235621	1.83e-06
1412235682	1.83e-06
1412235742	1.83e-06
1412235803	1.83e-06
1412235863	1.83e-06
1412235924	1.83e-06
1412235984	1.83e-06
1412236045	1.83e-06
1412236105	1.83e-06
1412236166	1.83e-06
1412236226	1.83e-06
1412236287	1.83e-06
1412236347	1.83e-06
1412236408	1.82e-06
1412236468	1.82e-06
1412236529	1.82e-06
1412236589	1.82e-06
1412236650	1.82e-06
1412236710	1.82e-06
1412236771	1.82e-06
1412236831	1.82e-06
1412236892	1.82e-06
1412236952	1.82e-06
1412237013	1.82e-06
1412237073	1.82e-06
1412237134	1.82e-06
1412237194	1.82e-06
1412237255	1.82e-06
1412237315	1.81e-06
1412237376	1.81e-06
1412237436	1.81e-06
1412237497	1.81e-06
1412237557	1.81e-06
1412237618	1.81e-06
1412237678	1.81e-06
1412237739	1.81e-06
1412237799	1.81e-06
1412237860	1.81e-06
1412237920	1.81e-06
1412237981	1.81e-06
1412238041	1.81e-06
1412238102	1.81e-06
1412238162	1.81e-06
1412238223	1.8e-06
1412238283	1.8e-06
1412238344	1.8e-06
1412238404	1.8e-06
1412238465	1.8e-06
1412238525	1.8e-06
1412238585	1.8e-06
1412238646	1.8e-06
1412238706	1.8e-06
1412238767	1.8e-06
1412238827	1.8e-06
1412238888	1.8e-06
1412238948	1.8e-06
1412239009	1.8e-06
1412239069	1.8e-06
1412239130	1.8e-06
1412239190	1.79e-06
1412239251	1.79e-06
1412239311	1.79e-06
1412239372	1.79e-06
1412239432	1.79e-06
1412239493	1.79e-06
1412239553	1.79e-06
1412239614	1.79e-06
1412239674	1.79e-06
1412239735	1.79e-06
1412239795	1.79e-06
1412239856	1.79e-06
1412239916	1.79e-06
1412239977	1.79e-06
1412240037	1.79e-06
1412240098	1.78e-06
1412240158	1.78e-06
1412240219	1.78e-06
1412240279	1.78e-06
1412240340	1.78e-06
1412240400	1.78e-06
1412240461	1.78e-06
1412240521	1.78e-06
1412240582	1.78e-06
1412240642	1.78e-06
1412240703	1.78e-06
1412240763	1.78e-06
1412240824	1.78e-06
1412240884	1.78e-06
1412240945	1.78e-06
1412241005	1.78e-06
1412241066	1.77e-06
1412241126	1.77e-06
1412241187	1.77e-06
1412241247	1.77e-06
1412241308	1.77e-06
1412241368	1.77e-06
1412241429	1.77e-06
1412241489	1.77e-06
1412241550	1.77e-06
1412241610	1.77e-06
1412241671	1.77e-06
1412241731	1.77e-06
1412241792	1.77e-06
1412241853	1.77e-06
1412241913	1.77e-06
1412241974	1.76e-06
1412242034	1.76e-06
1412242095	1.76e-06
1412242155	1.76e-06
1412242216	1.76e-06
1412242276	1.76e-06
1412242336	1.76e-06
1412242397	1.76e-06
1412242457	1.76e-06
1412242518	1.76e-06
1412242578	1.75e-06
1412242639	1.75e-06
1412242699	1.75e-06
1412242760	1.75e-06
1412242820	1.75e-06
1412242881	1.75e-06
1412242941	1.75e-06
1412243002	1.75e-06
1412243062	1.75e-06
1412243123	1.75e-06
1412243183	1.75e-06
1412243244	1.74e-06
1412243304	1.74e-06
1412243365	1.74e-06
1412243425	1.74e-06
1412243486	1.74e-06
1412243546	1.74e-06
1412243607	1.74e-06
1412243667	1.74e-06
1412243728	1.74e-06
1412243788	1.74e-06
1412243849	1.74e-06
1412243909	1.74e-06
1412243970	1.74e-06
1412244030	1.74e-06
1412244091	1.74e-06
1412244151	1.73e-06
1412244212	1.73e-06
1412244272	1.73e-06
1412244333	1.73e-06
1412244393	1.73e-06
1412244454	1.73e-06
1412244514	1.73e-06
1412244575	1.73e-06
1412244636	1.73e-06
1412244696	1.73e-06
1412244757	1.73e-06
1412244817	1.73e-06
1412244878	1.73e-06
1412244938	1.73e-06
1412244999	1.73e-06
1412245059	1.73e-06
1412245120	1.72e-06
1412245180	1.72e-06
1412245241	1.72e-06
1412245301	1.72e-06
1412245362	1.72e-06
1412245422	1.72e-06
1412245483	1.72e-06
1412245543	1.72e-06
1412245604	1.72e-06
1412245664	1.72e-06
1412245725	1.72e-06
1412245785	1.72e-06
1412245846	1.72e-06
1412245906	1.72e-06
1412245967	1.72e-06
1412246027	1.72e-06
1412246088	1.72e-06
1412246148	1.72e-06
1412246209	1.71e-06
1412246269	1.71e-06
1412246330	1.71e-06
1412246390	1.71e-06
1412246451	1.71e-06
1412246511	1.71e-06
1412246572	1.71e-06
1412246632	1.71e-06
1412246693	1.71e-06
1412246753	1.71e-06
1412246814	1.71e-06
1412246874	1.71e-06
1412246935	1.71e-06
1412246995	1.71e-06
1412247056	1.71e-06
1412247116	1.71e-06
1412247177	1.71e-06
1412247237	1.71e-06
1412247298	1.7e-06
1412247358	1.7e-06
1412247419	1.7e-06
1412247479	1.7e-06
1412247540	1.7e-06
1412247600	1.7e-06
1412247661	1.7e-06
1412247721	1.7e-06
1412247782	1.7e-06
1412247842	1.7e-06
1412247903	1.7e-06
1412247964	1.7e-06
1412248024	1.7e-06
1412248085	1.7e-06
1412248145	1.7e-06
1412248206	1.7e-06
1412248266	1.7e-06
1412248327	1.69e-06
1412248387	1.69e-06
1412248448	1.69e-06
1412248508	1.69e-06
1412248569	1.69e-06
1412248629	1.69e-06
1412248690	1.69e-06
1412248750	1.69e-06
1412248811	1.69e-06
1412248871	1.69e-06
1412248932	1.69e-06
1412248992	1.69e-06
1412249053	1.69e-06
1412249113	1.69e-06
1412249174	1.69e-06
1412249234	1.69e-06
1412249294	1.69e-06
1412249355	1.69e-06
1412249415	1.68e-06
1412249476	1.68e-06
1412249537	1.68e-06
1412249597	1.68e-06
1412249658	1.68e-06
1412249718	1.68e-06
1412249779	1.68e-06
1412249839	1.68e-06
1412249900	1.68e-06
1412249960	1.68e-06
1412250021	1.68e-06
1412250081	1.68e-06
1412250142	1.68e-06
1412250202	1.68e-06
1412250263	1.68e-06
1412250323	1.68e-06
1412250384	1.68e-06
1412250444	1.68e-06
1412250505	1.67e-06
1412250565	1.67e-06
1412250626	1.67e-06
1412250686	1.67e-06
1412250747	1.67e-06
1412250807	1.67e-06
1412250868	1.67e-06
1412250929	1.67e-06
1412250989	1.67e-06
1412251050	1.67e-06
1412251110	1.67e-06
1412251171	1.67e-06
1412251231	1.67e-06
1412251292	1.67e-06
1412251352	1.67e-06
1412251413	1.67e-06
1412251473	1.67e-06
1412251534	1.67e-06
1412251594	1.67e-06
1412251655	1.67e-06
1412251715	1.66e-06
1412251776	1.66e-06
1412251836	1.66e-06
1412251897	1.66e-06
1412251957	1.66e-06
1412252018	1.66e-06
1412252078	1.66e-06
1412252139	1.66e-06
1412252199	1.66e-06
1412252260	1.66e-06
1412252320	1.66e-06
1412252381	1.66e-06
1412252441	1.66e-06
1412252501	1.66e-06
1412252562	1.66e-06
1412252623	1.66e-06
1412252683	1.66e-06
1412252744	1.65e-06
1412252804	1.65e-06
1412252864	1.65e-06
1412252925	1.65e-06
1412252985	1.65e-06
1412253046	1.65e-06
1412253106	1.65e-06
1412253167	1.65e-06
1412253227	1.65e-06
1412253288	1.65e-06
1412253348	1.65e-06
1412253409	1.65e-06
1412253469	1.65e-06
1412253530	1.65e-06
1412253590	1.65e-06
1412253651	1.65e-06
1412253711	1.65e-06
1412253772	1.65e-06
1412253832	1.65e-06
1412253893	1.65e-06
1412253953	1.64e-06
1412254014	1.64e-06
1412254074	1.64e-06
1412254134	1.64e-06
1412254195	1.64e-06
1412254255	1.64e-06
1412254316	1.64e-06
1412254377	1.64e-06
1412254437	1.64e-06
1412254497	1.64e-06
1412254558	1.64e-06
1412254618	1.64e-06
1412254679	1.64e-06
1412254739	1.64e-06
1412254800	1.64e-06
1412254860	1.64e-06
1412254921	1.64e-06
1412254981	1.64e-06
1412255042	1.64e-06
1412255102	1.64e-06
1412255163	1.63e-06
1412255223	1.63e-06
1412255284	1.63e-06
1412255344	1.63e-06
1412255405	1.63e-06
1412255465	1.63e-06
1412255526	1.63e-06
1412255586	1.63e-06
1412255647	1.63e-06
1412255707	1.63e-06
1412255768	1.63e-06
1412255828	1.63e-06
1412255889	1.63e-06
1412255949	1.63e-06
1412256009	1.63e-06
1412256070	1.63e-06
1412256131	1.63e-06
1412256191	1.63e-06
1412256252	1.63e-06
1412256312	1.63e-06
1412256372	1.62e-06
1412256433	1.62e-06
1412256493	1.62e-06
1412256554	1.62e-06
1412256615	1.62e-06
1412256675	1.62e-06
1412256736	1.62e-06
1412256796	1.62e-06
1412256857	1.62e-06
1412256917	1.62e-06
1412256978	1.62e-06
1412257038	1.62e-06
1412257099	1.62e-06
1412257159	1.62e-06
1412257220	1.62e-06
1412257280	1.62e-06
1412257341	1.62e-06
1412257401	9.86e-06
1412257462	1.12e-05
1412257522	1.14e-05
1412257583	1.16e-05
1412257644	1.18e-05
1412257704	1.19e-05
1412257765	1.19e-05
1412258805	0.0
1412258866	1.81e-06
1412258927	1.73e-06
1412258987	1.7e-06
1412259047	1.69e-06
1412259108	1.68e-06
1412259168	1.68e-06
1412259229	1.68e-06
1412259290	1.68e-06
1412259350	1.67e-06
1412259411	1.67e-06
1412259471	1.67e-06
1412259532	1.67e-06
1412259592	1.67e-06
1412259653	1.66e-06
1412259713	1.66e-06
1412259774	1.66e-06
1412259834	1.66e-06
1412259895	1.66e-06
1412259955	1.65e-06
1412260016	1.65e-06
1412260076	1.65e-06
1412260137	1.65e-06
1412260197	1.65e-06
1412260258	1.64e-06
1412260318	1.64e-06
1412260379	1.64e-06
1412260440	1.64e-06
1412260500	1.64e-06
1412260561	1.64e-06
1412260621	1.63e-06
1412260682	1.63e-06
1412260742	1.63e-06
1412260803	1.63e-06
1412260863	1.63e-06
1412260923	1.63e-06
1412260984	1.62e-06
1412261044	1.62e-06
1412261105	1.62e-06
1412261165	1.62e-06
1412261226	1.62e-06
1412261286	1.62e-06
1412261347	1.62e-06
1412261407	1.62e-06
1412261468	1.61e-06
1412261528	1.61e-06
1412261589	1.61e-06
1412261649	1.61e-06
1412261710	1.61e-06
1412261770	1.61e-06
1412261831	1.61e-06
1412261891	1.61e-06
1412261952	1.61e-06
1412262012	1.61e-06
1412262073	1.6e-06
1412262133	1.6e-06
1412262194	1.6e-06
1412262254	1.6e-06
1412262315	1.6e-06
1412262375	1.6e-06
1412262436	1.6e-06
1412262496	1.6e-06
1412262557	1.6e-06
1412262617	1.6e-06
1412262678	1.6e-06
1412262738	1.6e-06
1412262799	1.6e-06
1412262859	1.59e-06
1412262920	1.59e-06
1412262980	1.59e-06
1412263041	1.59e-06
1412263101	1.59e-06
1412263162	1.59e-06
1412263222	1.59e-06
1412263283	1.59e-06
1412263343	1.59e-06
1412263404	1.59e-06
1412263464	1.59e-06
1412263525	1.59e-06
1412263585	1.59e-06
1412263646	1.59e-06
1412263706	1.59e-06
1412263767	1.58e-06
1412263827	1.58e-06
1412263888	1.58e-06
1412263948	1.58e-06
1412264009	1.58e-06
1412264069	1.58e-06
1412264130	1.58e-06
1412264190	1.58e-06
1412264251	1.58e-06
1412264311	1.58e-06
1412264372	1.58e-06
1412264432	1.58e-06
1412264493	1.58e-06
1412264553	1.58e-06
1412264614	1.58e-06
1412264675	1.58e-06
1412264735	1.58e-06
1412264796	1.57e-06
1412264856	1.57e-06
1412264917	1.57e-06
1412264977	1.57e-06
1412265037	1.57e-06
1412265098	1.57e-06
1412265159	1.57e-06
1412265219	1.57e-06
1412265280	1.57e-06
1412265340	1.57e-06
1412265400	1.57e-06
1412265461	1.57e-06
1412265521	1.57e-06
1412265582	1.57e-06
1412265642	1.57e-06
1412265703	1.57e-06
1412265763	1.57e-06
1412265824	1.57e-06
1412265884	1.57e-06
1412265944	1.56e-06
1412266005	1.56e-06
1412266065	1.56e-06
1412266126	1.56e-06
1412266186	1.56e-06
1412266247	1.56e-06
1412266307	1.56e-06
1412266368	1.56e-06
1412266429	1.56e-06
1412266489	1.56e-06
1412266550	1.56e-06
1412266610	1.56e-06
1412266671	1.56e-06
1412266731	1.56e-06
1412266792	1.56e-06
1412266852	1.56e-06
1412266913	1.56e-06
1412266973	1.56e-06
1412267034	1.56e-06
1412267094	1.55e-06
1412267155	1.55e-06
1412267215	1.55e-06
1412267276	1.55e-06
1412267336	1.55e-06
1412267397	1.55e-06
1412267457	1.55e-06
1412267518	1.55e-06
1412267578	1.55e-06
1412267639	1.55e-06
1412267699	1.55e-06
1412267760	1.55e-06
1412267820	1.55e-06
1412267881	1.55e-06
1412267941	1.55e-06
1412268002	1.55e-06
1412268062	1.55e-06
1412268123	1.55e-06
1412268183	1.55e-06
1412268244	1.55e-06
1412268304	1.55e-06
1412268364	1.55e-06
1412268425	1.54e-06
1412268485	1.54e-06
1412268546	1.54e-06
1412268606	1.54e-06
1412268667	1.54e-06
1412268728	1.54e-06
1412268788	1.54e-06
1412268849	1.54e-06
1412268909	1.54e-06
1412268970	1.54e-06
1412269030	1.54e-06
1412269091	1.54e-06
1412269151	1.54e-06
1412269211	1.54e-06
1412269272	1.54e-06
1412269332	1.54e-06
1412269393	1.54e-06
1412269453	1.54e-06
1412269514	1.54e-06
1412269575	1.54e-06
1412269635	1.53e-06
1412269695	1.53e-06
1412269756	1.53e-06
1412269817	1.53e-06
1412269877	1.53e-06
1412269938	1.53e-06
1412269998	1.53e-06
1412270059	1.53e-06
1412270119	1.53e-06
1412270179	1.53e-06
1412270240	1.53e-06
1412270300	1.53e-06
1412270361	1.53e-06
1412270422	1.53e-06
1412270482	1.53e-06
1412270543	1.53e-06
1412270603	1.53e-06
1412270663	1.53e-06
1412270724	1.53e-06
1412270785	1.53e-06
1412270845	1.53e-06
1412270906	1.53e-06
1412270966	1.52e-06
1412271027	1.52e-06
1412271087	1.52e-06
1412271148	1.52e-06
1412271208	1.52e-06
1412271269	1.52e-06
1412271329	1.52e-06
1412271390	1.52e-06
1412271450	1.52e-06
1412271511	1.52e-06
1412271571	1.52e-06
1412271632	1.52e-06
1412271692	1.52e-06
1412271753	1.52e-06
1412271813	1.52e-06
1412271874	1.52e-06
1412271934	1.52e-06
1412271995	1.52e-06
1412272055	1.52e-06
1412272116	1.52e-06
1412272176	1.52e-06
1412272237	1.52e-06
1412272297	1.52e-06
1412272358	1.52e-06
1412272418	1.52e-06
1412272478	1.52e-06
1412272539	1.52e-06
1412272599	1.51e-06
1412272660	1.51e-06
1412272720	1.51e-06
1412272781	1.51e-06
1412272841	1.51e-06
1412272902	1.51e-06
1412272962	1.51e-06
1412273023	1.51e-06
1412273083	1.51e-06
1412273144	1.51e-06
1412273205	1.51e-06
1412273265	1.51e-06
1412273326	1.51e-06
1412273386	1.51e-06
1412273447	1.51e-06
1412273507	1.51e-06
1412273568	1.51e-06
1412273628	1.51e-06
1412273689	1.51e-06
1412273749	1.51e-06
1412273810	1.51e-06
1412273870	1.51e-06
1412273931	1.51e-06
1412273991	1.51e-06
1412274051	1.51e-06
1412274112	1.51e-06
1412274172	1.5e-06
1412274233	1.5e-06
1412274294	1.5e-06
1412274354	1.5e-06
1412274415	1.5e-06
1412274475	1.5e-06
1412274536	1.5e-06
1412274596	1.5e-06
1412274656	1.5e-06
1412274717	1.5e-06
1412274777	1.5e-06
1412274838	1.5e-06
1412274898	1.5e-06
1412274959	1.5e-06
1412275019	1.5e-06
1412275080	1.5e-06
1412275140	1.5e-06
1412275201	1.5e-06
1412275261	1.5e-06
1412275322	1.5e-06
1412275382	1.5e-06
1412275443	1.5e-06
1412275503	1.5e-06
1412275564	1.5e-06
1412275624	1.5e-06
1412275685	1.5e-06
1412275745	1.5e-06
1412275806	1.5e-06
1412275866	1.49e-06
1412275927	1.49e-06
1412275987	1.49e-06
1412276048	1.49e-06
1412276108	1.49e-06
1412276169	1.49e-06
1412276229	1.49e-06
1412276290	1.49e-06
1412276350	1.49e-06
1412276411	1.49e-06
1412276471	1.49e-06
1412276532	1.49e-06
1412276592	1.49e-06
1412276653	1.49e-06
1412276713	1.49e-06
1412276774	1.49e-06
1412276834	1.49e-06
1412276895	1.49e-06
1412276955	1.49e-06
1412277016	1.49e-06
1412277076	1.49e-06
1412277137	1.49e-06
1412277197	1.49e-06
1412277258	1.49e-06
1412277318	1.49e-06
1412277379	1.49e-06
1412277439	1.48e-06
1412277500	1.48e-06
1412277560	1.48e-06
1412277621	1.48e-06
1412277681	1.48e-06
1412277742	1.48e-06
1412277802	1.48e-06
1412277863	1.48e-06
1412277923	1.48e-06
1412277984	1.48e-06
1412278044	1.48e-06
1412278105	1.48e-06
1412278165	1.48e-06
1412278226	1.48e-06
1412278286	1.48e-06
1412278347	1.48e-06
1412278407	1.48e-06
1412278468	1.48e-06
1412278528	1.48e-06
1412278589	1.48e-06
1412278649	1.48e-06
1412278710	1.48e-06
1412278770	1.48e-06
1412278831	1.48e-06
1412278891	1.48e-06
1412278952	1.48e-06
1412279012	1.48e-06
1412279073	1.47e-06
1412279133	1.47e-06
1412279194	1.47e-06
1412279254	1.47e-06
1412279315	1.47e-06
1412279375	1.47e-06
1412279436	1.47e-06
1412279496	1.47e-06
1412279557	1.47e-06
1412279617	1.47e-06
1412279678	1.47e-06
1412279738	1.47e-06
1412279799	1.47e-06
1412279859	1.47e-06
1412279920	1.47e-06
1412279980	1.47e-06
1412280041	1.47e-06
1412280101	1.47e-06
1412280162	1.47e-06
1412280222	1.47e-06
1412280283	1.47e-06
1412280343	1.47e-06
1412280403	1.47e-06
1412280464	1.47e-06
1412280524	1.47e-06
1412280585	1.47e-06
1412280645	1.47e-06
1412280706	1.47e-06
1412280766	1.47e-06
1412280827	1.46e-06
1412280887	1.46e-06
1412280948	1.46e-06
1412281008	1.46e-06
1412281069	1.46e-06
1412281129	1.46e-06
1412281190	1.46e-06
1412281250	1.46e-06
1412281311	1.46e-06
1412281371	1.46e-06
1412281432	1.46e-06
1412281492	1.46e-06
1412281553	1.46e-06
1412281613	1.46e-06
1412281674	1.46e-06
1412281734	1.46e-06
1412281795	1.46e-06
1412281855	1.46e-06
1412281916	1.46e-06
1412281976	1.46e-06
1412282036	1.46e-06
1412282097	1.46e-06
1412282158	1.46e-06
1412282218	1.46e-06
1412282279	1.46e-06
1412282339	1.46e-06
1412282400	1.46e-06
1412282460	1.46e-06
1412282521	1.46e-06
1412282581	1.45e-06
1412282641	1.45e-06
1412282702	1.45e-06
1412282762	1.45e-06
1412282823	1.45e-06
1412282883	1.45e-06
1412282944	1.45e-06
1412283004	1.45e-06
1412283065	1.45e-06
1412283125	1.45e-06
1412283186	1.45e-06
1412283247	1.45e-06
1412283307	1.45e-06
1412283368	1.45e-06
1412283428	1.45e-06
1412283489	1.45e-06
1412283549	1.45e-06
1412283609	1.45e-06
1412283670	1.45e-06
1412283730	1.45e-06
1412283791	1.45e-06
1412283851	1.45e-06
1412283912	1.45e-06
1412283972	1.45e-06
1412284033	1.45e-06
1412284093	1.45e-06
1412284154	1.45e-06
1412284214	1.45e-06
1412284275	1.45e-06
1412284335	1.44e-06
1412284396	1.44e-06
1412284456	1.44e-06
1412284517	1.44e-06
1412284577	1.44e-06
1412284638	1.44e-06
1412284698	1.44e-06
1412284759	1.44e-06
1412284819	1.44e-06
1412284879	1.44e-06
1412284940	1.44e-06
1412285000	1.44e-06
1412285061	1.44e-06
1412285121	1.44e-06
1412285182	1.44e-06
1412285242	1.44e-06
1412285303	1.44e-06
1412285363	1.44e-06
1412285424	1.44e-06
1412285484	1.44e-06
1412285545	1.44e-06
1412285605	1.44e-06
1412285666	1.44e-06
1412285726	1.44e-06
1412285787	1.44e-06
1412285847	1.44e-06
1412285907	1.44e-06
1412285968	1.44e-06
1412286028	1.44e-06
1412286089	1.44e-06
1412286149	1.43e-06
1412286210	1.43e-06
1412286270	1.43e-06
1412286331	1.43e-06
1412286391	1.43e-06
1412286452	1.43e-06
1412286512	1.43e-06
1412286573	1.43e-06
1412286633	1.43e-06
1412286694	1.43e-06
1412286754	1.43e-06
1412286815	1.43e-06
1412286875	1.43e-06
1412286936	1.43e-06
1412286996	1.43e-06
1412287057	1.43e-06
1412287117	1.43e-06
1412287178	1.43e-06
1412287238	1.43e-06
1412287299	1.43e-06
1412287359	1.43e-06
1412287420	1.43e-06
1412287480	1.43e-06
1412287540	1.43e-06
1412287601	1.43e-06
1412287661	1.43e-06
1412287722	1.43e-06
1412287783	1.43e-06
1412287843	1.43e-06
1412287903	1.43e-06
1412287964	1.42e-06
1412288024	1.42e-06
1412288085	1.42e-06
1412288145	1.42e-06
1412288206	1.42e-06
1412288266	1.42e-06
1412288327	1.42e-06
1412288387	1.42e-06
1412288448	1.42e-06
1412288508	1.42e-06
1412288569	1.42e-06
1412288629	1.42e-06
1412288690	1.42e-06
1412288750	1.42e-06
1412288811	1.42e-06
1412288871	1.42e-06
1412288932	1.42e-06
1412288992	1.42e-06
1412289053	1.42e-06
1412289113	1.42e-06
1412289174	1.42e-06
1412289234	1.42e-06
1412289295	1.42e-06
1412289355	1.42e-06
1412289416	1.42e-06
1412289476	1.42e-06
1412289537	1.42e-06
1412289597	1.42e-06
1412289658	1.42e-06
1412289718	1.42e-06
1412289779	1.42e-06
1412289839	1.42e-06
1412289900	1.41e-06
1412289960	1.41e-06
1412290021	1.41e-06
1412290081	1.41e-06
1412290142	1.41e-06
1412290202	1.41e-06
1412290263	1.41e-06
1412290323	1.41e-06
1412290384	1.41e-06
1412290444	1.41e-06
1412290505	1.41e-06
1412290565	1.41e-06
1412290626	1.41e-06
1412290686	1.41e-06
1412290747	1.41e-06
1412290807	1.41e-06
1412290868	1.41e-06
1412290928	1.41e-06
1412290989	1.41e-06
1412291049	1.41e-06
1412291110	1.41e-06
1412291170	1.41e-06
1412291231	1.41e-06
1412291291	1.41e-06
1412291352	1.41e-06
1412291412	1.41e-06
1412291473	1.41e-06
1412291533	1.41e-06
1412291594	1.41e-06
1412291654	1.4e-06
1412291714	1.4e-06
1412291775	1.4e-06
1412291835	1.4e-06
1412291896	1.4e-06
1412291957	1.4e-06
1412292017	1.4e-06
1412292077	1.4e-06
1412292138	1.4e-06
1412292198	1.4e-06
1412292259	1.4e-06
1412292319	1.4e-06
1412292380	1.4e-06
1412292440	1.4e-06
1412292501	1.4e-06
1412292561	1.4e-06
1412292622	1.4e-06
1412292682	1.4e-06
1412292743	1.4e-06
1412292803	1.4e-06
1412292864	1.4e-06
1412292924	1.4e-06
1412292985	1.4e-06
1412293045	1.4e-06
1412293106	1.4e-06
1412293166	1.4e-06
1412293227	1.4e-06
1412293287	1.4e-06
1412293348	1.4e-06
1412293408	1.4e-06
1412293469	1.4e-06
1412293529	1.4e-06
1412293590	1.4e-06
1412293650	1.39e-06
1412293711	1.39e-06
1412293771	1.39e-06
1412293832	1.39e-06
1412293892	1.39e-06
1412293953	1.39e-06
1412294013	1.39e-06
1412294073	1.39e-06
1412294134	1.39e-06
1412294194	1.39e-06
1412294255	1.39e-06
1412294315	1.39e-06
1412294376	1.39e-06
1412294436	1.39e-06
1412294497	1.39e-06
1412294557	1.39e-06
1412294618	1.39e-06
1412294678	1.39e-06
1412294739	1.39e-06
1412294799	1.39e-06
1412294860	1.39e-06
1412294921	1.39e-06
1412294981	1.39e-06
1412295041	1.39e-06
1412295102	1.39e-06
1412295162	1.39e-06
1412295223	1.39e-06
1412295283	1.39e-06
1412295344	1.39e-06
1412295404	1.39e-06
1412295465	1.39e-06
1412295525	1.39e-06
1412295586	1.38e-06
1412295646	1.38e-06
1412295707	1.38e-06
1412295767	1.38e-06
1412295828	1.38e-06
1412295888	1.38e-06
1412295949	1.38e-06
1412296009	1.38e-06
1412296070	1.38e-06
1412296130	1.38e-06
1412296191	1.38e-06
1412296251	1.38e-06
1412296312	1.38e-06
1412296373	1.38e-06
1412296433	1.38e-06
1412296494	1.38e-06
1412296554	1.38e-06
1412296615	1.38e-06
1412296675	1.38e-06
1412296736	1.38e-06
1412296796	1.38e-06
1412296857	1.38e-06
1412296917	1.38e-06
1412296978	1.38e-06
1412297038	1.38e-06
1412297098	1.38e-06
1412297159	1.38e-06
1412297219	1.38e-06
1412297280	1.37e-06
1412297340	1.37e-06
1412297401	1.37e-06
1412297461	1.37e-06
1412297522	1.37e-06
1412297582	1.37e-06
1412297643	1.37e-06
1412297703	1.37e-06
1412297764	1.37e-06
1412297824	1.37e-06
1412297885	1.37e-06
1412297945	1.37e-06
1412298006	1.37e-06
1412298066	1.37e-06
1412298127	1.37e-06
1412298187	1.37e-06
1412298248	1.37e-06
1412298308	1.37e-06
1412298369	1.37e-06
1412298429	1.37e-06
1412298490	1.37e-06
1412298550	1.37e-06
1412298611	1.37e-06
1412298671	1.37e-06
1412298732	1.37e-06
1412298792	1.37e-06
1412298853	1.37e-06
1412298913	1.37e-06
1412298974	1.37e-06
1412299034	1.37e-06
1412299095	1.37e-06
1412299155	1.36e-06
1412299216	1.36e-06
1412299276	1.36e-06
1412299337	1.36e-06
1412299397	1.36e-06
1412299458	1.36e-06
1412299518	1.36e-06
1412299579	1.36e-06
1412299639	1.36e-06
1412299699	1.36e-06
1412299760	1.36e-06
1412299821	1.36e-06
1412299881	1.36e-06
1412299942	1.36e-06
1412300002	1.36e-06
1412300062	1.36e-06
1412300123	1.36e-06
1412300183	1.36e-06
1412300244	1.36e-06
1412300305	1.36e-06
1412300365	1.36e-06
1412300426	1.36e-06
1412300486	1.36e-06
1412300547	1.36e-06
1412300607	1.36e-06
1412300668	1.36e-06
1412300728	1.36e-06
1412300789	1.36e-06
1412300849	1.36e-06
1412300910	1.36e-06
1412300970	1.35e-06
1412301031	1.35e-06
1412301091	1.35e-06
1412301152	1.35e-06
1412301212	1.35e-06
1412301273	1.35e-06
1412301333	1.35e-06
1412301394	1.35e-06
1412301454	1.35e-06
1412301515	1.35e-06
1412301575	1.35e-06
1412301636	1.35e-06
1412301696	1.35e-06
1412301757	1.35e-06
1412301817	1.35e-06
1412301878	1.35e-06
1412301938	1.35e-06
1412301999	1.35e-06
1412302059	1.35e-06
1412302120	1.35e-06
1412302180	1.35e-06
1412302241	1.35e-06
1412302301	1.35e-06
1412302362	1.35e-06
1412302422	1.35e-06
1412302483	1.35e-06
1412302544	1.35e-06
1412302604	1.35e-06
1412302665	1.35e-06
1412302725	1.35e-06
1412302786	1.35e-06
1412302846	1.35e-06
1412302906	1.35e-06
1412302967	1.35e-06
1412303028	1.34e-06
1412303088	1.34e-06
1412303149	1.34e-06
1412303209	1.34e-06
1412303270	1.34e-06
1412303330	1.34e-06
1412303391	1.34e-06
1412303451	1.34e-06
1412303512	1.34e-06
1412303572	1.34e-06
1412303632	1.34e-06
1412303693	1.34e-06
1412303753	1.34e-06
1412303814	1.34e-06
1412303874	1.34e-06
1412303935	1.34e-06
1412303995	1.34e-06
1412304056	1.34e-06
1412304116	1.34e-06
1412304177	1.36e-06
1412304237	1.34e-06
1412304298	1.34e-06
1412304358	1.34e-06
1412304419	1.34e-06
1412304479	1.34e-06
1412304540	1.34e-06
1412304600	1.34e-06
1412304661	1.34e-06
1412304721	1.34e-06
1412304782	1.34e-06
1412304842	1.34e-06
1412304903	1.33e-06
1412304963	1.34e-06
1412305024	1.33e-06
1412305084	1.33e-06
1412305145	1.33e-06
1412305205	1.33e-06
1412305266	1.33e-06
1412305326	1.33e-06
1412305387	1.33e-06
1412305447	1.33e-06
1412305508	1.33e-06
1412305568	1.33e-06
1412305629	1.33e-06
1412305689	1.33e-06
1412305750	1.33e-06
1412305810	1.33e-06
1412305871	1.33e-06
1412305931	1.33e-06
1412305992	1.33e-06
1412306052	1.33e-06
1412306113	1.33e-06
1412306173	1.33e-06
1412306234	1.33e-06
1412306294	1.33e-06
1412306355	1.33e-06
1412306415	1.33e-06
1412306476	1.33e-06
1412306536	1.33e-06
1412306597	1.33e-06
1412306657	1.33e-06
1412306718	1.33e-06
1412306778	1.33e-06
1412306839	1.33e-06
1412306899	1.32e-06
1412306960	1.32e-06
1412307020	1.32e-06
1412307081	1.32e-06
1412307141	1.32e-06
1412307202	1.32e-06
1412307262	1.32e-06
1412307323	1.32e-06
1412307383	1.32e-06
1412307444	1.32e-06
1412307504	1.32e-06
1412307565	1.32e-06
1412307625	1.32e-06
1412307686	1.32e-06
1412307746	1.32e-06
1412307807	1.32e-06
1412307867	1.32e-06
1412307928	1.32e-06
1412307988	1.32e-06
1412308049	1.32e-06
1412308109	1.32e-06
1412308170	1.32e-06
1412308230	1.32e-06
1412308291	1.32e-06
1412308351	1.32e-06
1412308412	1.32e-06
1412308472	1.32e-06
1412308533	1.32e-06
1412308593	1.32e-06
1412308654	1.32e-06
1412308714	1.31e-06
1412308775	1.31e-06
1412308835	1.31e-06
1412308896	1.31e-06
1412308956	1.31e-06
1412309017	1.31e-06
1412309077	1.31e-06
1412309138	1.31e-06
1412309198	1.31e-06
1412309259	1.31e-06
1412309319	1.31e-06
1412309380	1.31e-06
1412309440	1.31e-06
1412309501	1.31e-06
1412309561	1.31e-06
1412309622	1.31e-06
1412309682	1.31e-06
1412309743	1.31e-06
1412309803	1.31e-06
1412309864	1.31e-06
1412309924	1.31e-06
1412309985	1.31e-06
1412310045	1.31e-06
1412310106	1.31e-06
1412310166	1.31e-06
1412310227	1.31e-06
1412310287	1.31e-06
1412310347	1.31e-06
1412310408	1.31e-06
1412310468	1.31e-06
1412310529	1.31e-06
1412310589	1.31e-06
1412310650	1.31e-06
1412310710	1.3e-06
1412310771	1.3e-06
1412310831	1.3e-06
1412310892	1.3e-06
1412310952	1.3e-06
1412311013	1.3e-06
1412311073	1.3e-06
1412311134	1.3e-06
1412311194	1.3e-06
1412311255	1.3e-06
1412311316	1.3e-06
1412311376	1.3e-06
1412311436	1.3e-06
1412311497	1.3e-06
1412311557	1.3e-06
1412311618	1.3e-06
1412311678	1.3e-06
1412311739	1.3e-06
1412311800	1.3e-06
1412311860	1.3e-06
1412311921	1.3e-06
1412311981	1.3e-06
1412312042	1.3e-06
1412312102	1.3e-06
1412312163	1.3e-06
1412312223	1.3e-06
1412312284	1.3e-06
1412312344	1.3e-06
1412312405	1.3e-06
1412312465	1.3e-06
1412312526	1.3e-06
1412312586	1.3e-06
1412312647	1.3e-06
1412312707	1.29e-06
1412312768	1.29e-06
1412312828	1.29e-06
1412312889	1.29e-06
1412312949	1.29e-06
1412313010	1.29e-06
1412313070	1.29e-06
1412313131	1.29e-06
1412313191	1.29e-06
1412313252	1.29e-06
1412313312	1.29e-06
1412313373	1.29e-06
1412313433	1.29e-06
1412313494	2.48e-06
1412313554	1e-06
1412313615	1.13e-06
1412313675	1.12e-06
1412313736	1.12e-06
1412313796	1.11e-06
1412313857	1.11e-06
1412313917	1.11e-06
1412313978	1.11e-06
1412314038	1.11e-06
1412314099	1.11e-06
1412314159	1.11e-06
1412314220	1.11e-06
1412314280	1.11e-06
1412314341	1.11e-06
1412314401	1.11e-06
1412314462	1.11e-06
1412314522	1.11e-06
1412314583	1.11e-06
1412314643	1.11e-06
1412314704	1.11e-06
1412314764	1.11e-06
1412314824	1.11e-06
1412314885	1.11e-06
1412314945	1.11e-06
1412315006	1.11e-06
1412315066	1.11e-06
1412315127	1.11e-06
1412315187	1.11e-06
1412315248	1.11e-06
1412315308	1.11e-06
1412315369	1.11e-06
1412315430	1.11e-06
1412315490	1.11e-06
1412315551	1.11e-06
1412315611	1.11e-06
1412315672	1.11e-06
1412315732	1.12e-06
1412315793	1.11e-06
1412315853	1.11e-06
1412315914	1.11e-06
1412315974	1.11e-06
1412316035	1.11e-06
1412316095	1.1e-06
1412316156	1.11e-06
1412316216	1.11e-06
1412316277	1.11e-06
1412316337	1.11e-06
1412316398	1.11e-06
1412316458	1.1e-06
1412316519	1.1e-06
1412316579	1.1e-06
1412316640	1.1e-06
1412316700	1.1e-06
1412316761	1.1e-06
1412316821	1.1e-06
1412316882	1.11e-06
1412316942	1.11e-06
1412317002	1.11e-06
1412317063	1.11e-06
1412317123	1.1e-06
1412317184	1.11e-06
1412317244	1.1e-06
1412317305	1.1e-06
1412317366	1.1e-06
1412317426	1.1e-06
1412317487	1.1e-06
1412317547	1.11e-06
1412317608	1.1e-06
1412317668	1.11e-06
1412317729	1.1e-06
1412317789	1.1e-06
1412317850	1.11e-06
1412317910	1.11e-06
1412317971	1.1e-06
1412318031	1.11e-06
1412318092	1.1e-06
1412318152	1.1e-06
1412318213	1.1e-06
1412318273	1.1e-06
1412318334	1.1e-06
1412318394	1.1e-06
1412318455	1.1e-06
1412318515	1.11e-06
1412318576	1.11e-06
1412318636	1.11e-06
1412318697	1.11e-06
1412318757	1.1e-06
1412318818	1.11e-06
1412318878	1.11e-06
1412318939	1.11e-06
1412318999	1.11e-06
1412319060	1.11e-06
1412319120	1.1e-06
1412319181	1.1e-06
1412319241	1.11e-06
1412319302	1.11e-06
1412319362	1.11e-06
1412319423	1.11e-06
1412319483	1.1e-06
1412319544	1.1e-06
1412319604	1.1e-06
1412319665	1.1e-06
1412319725	1.1e-06
1412319786	1.1e-06
1412319846	1.1e-06
1412319907	1.1e-06
1412319967	1.1e-06
1412320028	1.1e-06
1412320088	1.1e-06
1412320149	1.1e-06
1412320209	1.1e-06
1412320270	1.1e-06
1412320330	1.09e-06
1412320391	1.09e-06
1412320451	1.09e-06
1412320512	1.09e-06
1412320572	1.09e-06
1412320633	1.09e-06
1412320693	1.09e-06
1412320754	1.09e-06
1412320814	1.09e-06
1412320875	1.09e-06
1412320935	1.09e-06
1412320996	1.09e-06
1412321056	1.09e-06
1412321117	1.09e-06
1412321177	1.09e-06
1412321238	1.09e-06
1412321298	1.1e-06
1412321359	1.1e-06
1412321420	1.09e-06
1412321480	1.09e-06
1412321541	1.09e-06
1412321601	1.1e-06
1412321662	1.09e-06
1412321722	1.09e-06
1412321782	1.09e-06
1412321843	1.1e-06
1412321903	1.1e-06
1412321964	1.1e-06
1412322025	1.1e-06
1412322085	1.09e-06
1412322146	1.09e-06
1412322206	1.09e-06
1412322267	1.09e-06
1412322327	1.09e-06
1412322387	1.09e-06
1412322448	1.09e-06
1412322509	1.08e-06
1412322569	1.09e-06
1412322630	1.09e-06
1412322690	1.09e-06
1412322751	1.09e-06
1412322811	1.09e-06
1412322871	1.09e-06
1412322932	1.09e-06
1412322992	1.09e-06
1412323053	1.09e-06
1412323113	1.09e-06
1412323174	1.09e-06
1412323234	1.09e-06
1412323295	1.09e-06
1412323355	1.09e-06
1412323416	1.09e-06
1412323476	1.09e-06
1412323537	1.08e-06
1412323597	1.08e-06
1412323658	1.08e-06
1412323718	1.08e-06
1412323779	1.08e-06
1412323839	1.08e-06
1412323900	1.08e-06
1412323960	1.08e-06
1412324021	1.08e-06
1412324081	1.08e-06
1412324142	1.08e-06
1412324202	1.08e-06
1412324263	1.08e-06
1412324323	1.08e-06
1412324384	1.08e-06
1412324444	1.09e-06
1412324505	1.08e-06
1412324565	1.08e-06
1412324625	1.08e-06
1412324686	1.08e-06
1412324747	1.08e-06
1412324807	1.08e-06
1412324868	1.08e-06
1412324928	1.08e-06
1412324989	1.08e-06
1412325049	1.08e-06
1412325110	1.08e-06
1412325170	1.08e-06
1412325230	1.08e-06
1412325291	1.08e-06
1412325351	1.08e-06
1412325412	1.08e-06
1412325472	1.08e-06
1412325533	1.08e-06
1412325593	1.08e-06
1412325654	1.08e-06
1412325714	1.08e-06
1412325775	1.08e-06
1412325835	1.08e-06
1412325896	1.08e-06
1412325956	1.08e-06
1412326017	1.08e-06
1412326077	1.08e-06
1412326138	1.08e-06
1412326198	1.08e-06
1412326259	1.08e-06
1412326319	1.08e-06
1412326380	1.08e-06
1412326440	1.08e-06
1412326501	1.07e-06
1412326561	1.08e-06
1412326622	1.08e-06
1412326682	1.08e-06
1412326743	1.08e-06
1412326803	1.07e-06
1412326864	1.07e-06
1412326924	1.07e-06
1412326985	1.07e-06
1412327045	1.07e-06
1412327106	1.07e-06
1412327166	1.07e-06
1412327227	1.07e-06
1412327287	1.07e-06
1412327347	1.07e-06
1412327408	1.07e-06
1412327469	1.07e-06
1412327529	1.07e-06
1412327589	1.07e-06
1412327650	1.07e-06
1412327710	1.08e-06
1412327771	1.07e-06
1412327831	1.07e-06
1412327892	1.07e-06
1412327952	1.07e-06
1412328013	1.07e-06
1412328074	1.07e-06
1412328134	1.07e-06
1412328194	1.07e-06
1412328255	1.07e-06
1412328315	1.07e-06
1412328376	1.07e-06
1412328436	1.07e-06
1412328497	1.07e-06
1412328558	1.07e-06
1412328618	1.06e-06
1412328679	1.06e-06
1412328739	1.06e-06
1412328799	1.06e-06
1412328860	1.06e-06
1412328920	1.06e-06
1412328981	1.06e-06
1412329041	1.06e-06
1412329102	1.06e-06
1412329162	1.06e-06
1412329223	1.06e-06
1412329283	1.06e-06
1412329344	1.06e-06
1412329404	1.06e-06
1412329465	1.06e-06
1412329525	1.06e-06
1412329586	1.06e-06
1412329646	1.06e-06
1412329707	1.06e-06
1412329767	1.06e-06
1412329828	1.06e-06
1412329889	1.06e-06
1412329949	1.06e-06
1412330010	1.06e-06
1412330070	1.06e-06
1412330131	1.06e-06
1412330191	1.06e-06
1412330252	1.06e-06
1412330312	1.06e-06
1412330373	1.06e-06
1412330433	1.06e-06
1412330494	1.06e-06
1412330554	1.06e-06
1412330614	1.06e-06
1412330675	1.06e-06
1412330736	1.06e-06
1412330796	1.06e-06
1412330857	1.06e-06
1412330917	1.06e-06
1412330978	1.06e-06
1412331038	1.05e-06
1412331099	1.05e-06
1412331159	1.05e-06
1412331220	1.05e-06
1412331280	1.05e-06
1412331341	1.05e-06
1412331401	1.05e-06
1412331462	1.05e-06
1412331522	1.05e-06
1412331583	1.05e-06
1412331643	1.05e-06
1412331704	1.05e-06
1412331764	1.05e-06
1412331825	1.05e-06
1412331885	1.05e-06
1412331946	1.05e-06
1412332006	1.05e-06
1412332067	1.05e-06
1412332127	1.05e-06
1412332188	1.05e-06
1412332248	1.05e-06
1412332309	1.05e-06
1412332369	1.05e-06
1412332430	1.05e-06
1412332490	1.05e-06
1412332551	1.05e-06
1412332611	1.05e-06
1412332672	1.05e-06
1412332732	1.05e-06
1412332793	1.05e-06
1412332853	1.05e-06
1412332914	1.05e-06
1412332974	1.05e-06
1412333035	1.05e-06
1412333095	1.05e-06
1412333156	1.05e-06
1412333216	1.05e-06
1412333277	1.05e-06
1412333337	1.04e-06
1412333398	1.04e-06
1412333458	1.04e-06
1412333519	1.04e-06
1412333579	1.04e-06
1412333640	1.04e-06
1412333700	1.04e-06
1412333761	1.04e-06
1412333821	1.04e-06
1412333882	1.04e-06
1412333942	1.04e-06
1412334003	1.04e-06
1412334064	1.04e-06
1412334124	1.04e-06
1412334185	1.04e-06
1412334245	1.04e-06
1412334306	1.04e-06
1412334366	1.04e-06
1412334426	1.04e-06
1412334487	1.04e-06
1412334548	1.04e-06
1412334608	1.04e-06
1412334669	1.04e-06
1412334729	1.07e-06
1412334790	1.06e-06
1412334850	1.06e-06
1412334911	1.06e-06
1412334971	1.06e-06
1412335032	1.06e-06
1412335092	1.06e-06
1412335153	1.17e-06
1412335213	1.1e-06
1412335274	1.1e-06
1412335334	1.1e-06
1412335395	1.09e-06
1412335455	1.09e-06
1412335516	1.08e-06
1412335576	1.08e-06
1412335637	1.08e-06
1412335697	1.08e-06
1412335758	1.08e-06
1412335818	1.08e-06
1412335879	1.08e-06
1412335939	1.08e-06
1412336000	1.08e-06
1412336060	1.11e-06
1412336121	1.11e-06
1412336181	1.11e-06
1412336242	1.11e-06
1412336302	1.1e-06
1412336363	1.11e-06
1412336423	1.1e-06
1412336484	1.1e-06
1412336544	1.1e-06
1412336605	1.1e-06
1412336665	1.1e-06
1412336726	1.1e-06
1412336787	1.1e-06
1412336847	1.1e-06
1412336908	1.1e-06
1412336968	1.1e-06
1412337029	1.1e-06
1412337089	1.1e-06
1412337149	1.1e-06
1412337210	1.1e-06
1412337271	1.1e-06
1412337331	1.1e-06
1412337392	1.1e-06
1412337452	1.1e-06
1412337513	1.1e-06
1412337573	1.1e-06
1412337633	1.1e-06
1412337694	1.1e-06
1412337755	1.1e-06
1412337815	1.1e-06
1412337875	1.1e-06
1412337936	1.1e-06
1412337997	1.09e-06
1412338057	1.09e-06
1412338118	1.09e-06
1412338178	1.09e-06
1412338239	1.09e-06
1412338299	1.09e-06
1412338360	1.09e-06
1412338420	1.09e-06
1412338480	1.09e-06
1412338541	1.09e-06
1412338602	1.09e-06
1412338662	1.09e-06
1412338722	1.09e-06
1412338783	1.09e-06
1412338843	1.09e-06
1412338904	1.09e-06
1412338964	1.09e-06
1412339025	1.09e-06
1412339085	1.09e-06
1412339146	1.09e-06
1412339206	1.09e-06
1412339267	1.09e-06
1412339327	1.09e-06
1412339388	1.09e-06
1412339448	1.09e-06
1412339509	1.09e-06
1412339569	1.09e-06
1412339630	1.09e-06
1412339690	1.09e-06
1412339751	1.09e-06
1412339811	1.08e-06
1412339872	1.09e-06
1412339932	1.08e-06
1412339993	1.08e-06
1412340053	1.08e-06
1412340114	1.08e-06
1412340174	1.08e-06
1412340235	1.08e-06
1412340295	1.08e-06
1412340356	1.08e-06
1412340416	1.08e-06
1412340476	1.08e-06
1412340537	1.08e-06
1412340597	1.08e-06
1412340658	1.08e-06
1412340718	1.08e-06
1412340779	1.08e-06
1412340839	1.08e-06
1412340900	1.08e-06
1412340960	1.08e-06
1412341021	1.08e-06
1412341081	1.08e-06
1412341142	1.08e-06
1412341202	1.08e-06
1412341263	1.08e-06
1412341323	1.08e-06
1412341384	1.08e-06
1412341444	1.08e-06
1412341505	1.08e-06
1412341565	1.08e-06
1412341626	1.08e-06
1412341686	1.08e-06
1412341747	1.08e-06
1412341807	1.08e-06
1412341868	1.08e-06
1412341928	1.08e-06
1412341989	1.08e-06
1412342049	1.08e-06
1412342110	1.08e-06
1412342171	1.08e-06
1412342231	1.08e-06
1412342292	1.07e-06
1412342352	1.07e-06
1412342413	1.07e-06
1412342473	1.07e-06
1412342534	1.07e-06
1412342594	1.07e-06
1412342655	1.07e-06
1412342715	1.07e-06
1412342776	1.07e-06
1412342836	1.07e-06
1412342897	1.07e-06
1412342957	1.07e-06
1412343018	1.07e-06
1412343078	1.07e-06
1412343139	1.07e-06
1412343199	1.07e-06
1412343260	1.07e-06
1412343320	4.44e-06
1412343381	7.09e-06
1412343441	7.5e-06
1412343502	7.62e-06
1412343562	7.71e-06
1412343623	7.79e-06
1412343683	7.86e-06
1412343744	7.92e-06
1412343804	7.97e-06
1412344793	0.0
1412344854	1.37e-06
1412344914	1.3e-06
1412344975	1.27e-06
1412345035	1.25e-06
1412345096	1.24e-06