1415835183	6.42
1415835244	1.68
1415835304	1.06
1415835365	0.0101
1415835425	0.000703
1415835486	0.000547
1415835546	0.000457
1415835607	0.000389
1415835667	0.000337
1415835727	0.000304
1415835788	0.00028
1415835848	0.000262
1415835909	0.000247
1415835969	0.000234
1415836030	0.000222
1415836090	0.000213
1415836151	0.000204
1415836211	0.000196
1415836272	0.000188
1415836332	0.000182
1415836393	0.000176
1415836453	0.000171
1415836514	0.000164
1415836574	0.000159
1415836635	0.000154
1415836695	0.00015
1415836756	0.000147
1415836816	0.000143
1415836876	0.00014
1415836937	0.000136
1415836997	0.000134
1415837058	0.000131
1415837118	0.000128
1415837179	0.000126
1415837239	0.000123
1415837300	0.000121
1415837360	0.000119
1415837421	0.000116
1415837481	0.000114
1415837542	0.000112
1415837602	0.00011
1415837663	0.000107
1415837723	0.000106
1415837784	0.000104
1415837844	0.000103
1415837905	0.000102
1415837965	0.0001
1415838026	9.9e-05
1415838086	9.78e-05
1415838147	9.66e-05
1415838207	9.54e-05
1415838268	9.42e-05
1415838328	9.31e-05
1415838389	9.21e-05
1415838449	9.1e-05
1415838510	9e-05
1415838570	8.9e-05
1415838631	8.8e-05
1415838691	8.7e-05
1415838752	8.61e-05
1415838812	8.52e-05
1415838873	8.43e-05
1415838933	8.34e-05
1415838994	8.26e-05
1415839054	8.18e-05
1415839115	8.1e-05
1415839175	8.02e-05
1415839236	7.94e-05
1415839296	7.87e-05
1415839356	7.79e-05
1415839417	7.72e-05
1415839477	7.65e-05
1415839538	7.57e-05
1415839598	7.5e-05
1415839659	7.44e-05
1415839719	7.37e-05
1415839780	7.31e-05
1415839840	7.24e-05
1415839901	7.18e-05
1415839961	7.12e-05
1415840022	7.06e-05
1415840082	7e-05
1415840143	6.94e-05
1415840203	6.89e-05
1415840264	6.83e-05
1415840324	6.78e-05
1415840385	6.72e-05
1415840445	6.67e-05
1415840506	6.62e-05
1415840566	6.57e-05
1415840627	6.52e-05
1415840687	6.47e-05
1415840748	6.42e-05
1415840808	6.37e-05
1415840868	6.33e-05
1415840929	6.28e-05
1415840989	6.23e-05
1415841050	6.19e-05
1415841110	6.15e-05
1415841171	6.1e-05
1415841231	6.06e-05
1415841292	6.02e-05
1415841352	5.98e-05
1415841413	5.94e-05
1415841473	5.9e-05
1415841534	5.86e-05
1415841594	5.82e-05
1415841655	5.78e-05
1415841715	5.74e-05
1415841776	5.71e-05
1415841836	5.67e-05
1415841897	5.63e-05
1415841957	5.6e-05
1415842017	5.56e-05
1415842078	5.53e-05
1415842138	5.49e-05
1415842199	5.46e-05
1415842259	5.42e-05
1415842320	5.39e-05
1415842380	5.36e-05
1415842441	5.33e-05
1415842501	5.29e-05
1415842562	5.26e-05
1415842622	5.23e-05
1415842683	5.2e-05
1415842743	5.17e-05
1415842804	5.14e-05
1415842864	5.11e-05
1415842925	5.08e-05
1415842985	5.05e-05
1415843046	5.03e-05
1415843106	5e-05
1415843167	4.97e-05
1415843227	4.94e-05
1415843288	4.92e-05
1415843348	4.89e-05
1415843409	4.86e-05
1415843469	4.84e-05
1415843529	4.81e-05
1415843590	4.78e-05
1415843650	4.76e-05
1415843711	4.73e-05
1415843771	4.71e-05
1415843832	4.68e-05
1415843892	4.66e-05
1415843953	4.64e-05
1415844013	4.61e-05
1415844074	4.59e-05
1415844134	4.56e-05
1415844195	4.54e-05
1415844255	4.52e-05
1415844316	4.5e-05
1415844376	4.47e-05
1415844437	4.45e-05
1415844497	4.43e-05
1415844557	4.41e-05
1415844618	4.38e-05
1415844678	4.36e-05
1415844739	4.34e-05
1415844799	4.32e-05
1415844860	4.3e-05
1415844920	4.28e-05
1415844981	4.26e-05
1415845041	4.24e-05
1415845102	4.22e-05
1415845162	4.2e-05
1415845223	4.18e-05
1415845283	4.16e-05
1415845344	4.14e-05
1415845404	4.12e-05
1415845465	4.1e-05
1415845525	4.08e-05
1415845586	4.06e-05
1415845646	4.05e-05
1415845707	4.03e-05
1415845767	4.01e-05
1415845828	3.99e-05
1415845889	3.97e-05
1415845949	3.95e-05
1415846009	3.94e-05
1415846070	3.92e-05
1415846130	3.9e-05
1415846191	3.89e-05
1415846251	3.89e-05
1415846312	3.87e-05
1415846372	3.85e-05
1415846433	3.83e-05
1415846493	3.82e-05
1415846554	3.8e-05
1415846614	3.79e-05
1415846675	3.77e-05
1415846735	3.75e-05
1415846796	3.74e-05
1415846856	3.72e-05
1415846917	3.71e-05
1415846977	3.69e-05
1415847038	3.67e-05
1415847098	3.66e-05
1415847159	3.64e-05
1415847219	3.63e-05
1415847280	3.61e-05
1415847340	3.6e-05
1415847401	3.58e-05
1415847461	3.57e-05
1415847522	3.56e-05
1415847582	3.54e-05
1415847643	3.53e-05
1415847703	3.51e-05
1415847764	3.5e-05
1415847824	3.48e-05
1415847885	3.47e-05
1415847945	3.46e-05
1415848006	3.44e-05
1415848066	3.43e-05
1415848127	3.42e-05
1415848187	3.4e-05
1415848247	3.39e-05
1415848308	3.38e-05
1415848368	3.37e-05
1415848429	3.35e-05
1415848489	3.34e-05
1415848550	3.33e-05
1415848610	3.32e-05
1415848671	3.3e-05
1415848731	3.29e-05
1415848792	3.28e-05
1415848852	3.27e-05
1415848913	3.26e-05
1415848973	3.24e-05
1415849033	3.23e-05
1415849094	3.22e-05
1415849155	3.21e-05
1415849215	3.2e-05
1415849276	3.19e-05
1415849336	3.18e-05
1415849397	3.17e-05
1415849457	3.15e-05
1415849517	3.14e-05
1415849578	3.13e-05
1415849638	3.12e-05
1415849699	3.11e-05
1415849759	3.1e-05
1415849820	3.09e-05
1415849880	3.08e-05
1415849941	3.07e-05
1415850001	3.06e-05
1415850062	3.05e-05
1415850122	3.04e-05
1415850183	3.03e-05
1415850243	3.02e-05
1415850304	3.01e-05
1415850364	3e-05
1415850425	2.99e-05
1415850485	2.98e-05
1415850546	2.97e-05
1415850606	2.96e-05
1415850667	2.95e-05
1415850727	2.94e-05
1415850788	2.93e-05
1415850848	2.92e-05
1415850909	2.91e-05
1415850969	2.9e-05
1415851029	2.89e-05
1415851090	2.88e-05
1415851150	2.87e-05
1415851211	2.86e-05
1415851271	2.86e-05
1415851332	2.85e-05
1415851392	2.84e-05
1415851453	2.83e-05
1415851513	2.82e-05
1415851574	2.81e-05
1415851634	2.8e-05
1415851695	2.8e-05
1415851755	2.79e-05
1415851816	2.78e-05
1415851876	2.77e-05
1415851937	2.76e-05
1415851997	2.75e-05
1415852058	2.75e-05
1415852118	2.74e-05
1415852179	2.73e-05
1415852239	2.72e-05
1415852300	2.71e-05
1415852360	2.71e-05
1415852421	2.7e-05
1415852481	2.69e-05
1415852542	2.68e-05
1415852602	2.67e-05
1415852663	2.67e-05
1415852723	2.66e-05
1415852784	2.65e-05
1415852844	2.64e-05
1415852905	2.64e-05
1415852965	2.63e-05
1415853026	2.62e-05
1415853086	2.61e-05
1415853147	2.61e-05
1415853207	2.6e-05
1415853268	2.59e-05
1415853328	2.59e-05
1415853389	2.58e-05
1415853449	2.57e-05
1415853510	2.56e-05
1415853570	2.56e-05
1415853631	2.55e-05
1415853691	2.54e-05
1415853752	2.54e-05
1415853812	2.53e-05
1415853872	2.52e-05
1415853933	2.52e-05
1415853994	2.51e-05
1415854054	2.5e-05
1415854114	2.5e-05
1415854175	2.49e-05
1415854235	2.48e-05
1415854296	2.48e-05
1415854356	2.47e-05
1415854417	2.46e-05
1415854477	2.46e-05
1415854538	2.45e-05
1415854598	2.44e-05
1415854659	2.44e-05
1415854719	2.43e-05
1415854780	2.42e-05
1415854840	2.42e-05
1415854901	2.41e-05
1415854961	2.41e-05
1415855021	2.4e-05
1415855082	2.39e-05
1415855142	2.39e-05
1415855203	2.38e-05
1415855263	2.38e-05
1415855324	2.37e-05
1415855384	2.36e-05
1415855445	2.36e-05
1415855505	2.35e-05
1415855566	2.35e-05
1415855626	2.34e-05
1415855687	2.33e-05
1415855747	2.33e-05
1415855808	2.32e-05
1415855868	2.32e-05
1415855929	2.31e-05
1415855989	2.31e-05
1415856050	2.3e-05
1415856110	2.3e-05
1415856171	2.29e-05
1415856231	2.28e-05
1415856292	2.28e-05
1415856352	2.27e-05
1415856413	2.27e-05
1415856473	2.26e-05
1415856534	2.26e-05
1415856594	2.25e-05
1415856655	2.25e-05
1415856715	2.24e-05
1415856775	2.24e-05
1415856836	2.23e-05
1415856896	2.22e-05
1415856957	2.22e-05
1415857017	2.21e-05
1415857078	2.21e-05
1415857138	2.2e-05
1415857199	2.2e-05
1415857259	2.19e-05
1415857320	2.19e-05
1415857380	2.18e-05
1415857441	2.18e-05
1415857501	2.17e-05
1415857562	2.17e-05
1415857622	2.16e-05
1415857683	2.16e-05
1415857743	2.15e-05
1415857804	2.15e-05
1415857864	2.14e-05
1415857924	2.14e-05
1415857985	2.13e-05
1415858045	2.13e-05
1415858106	2.12e-05
1415858166	2.12e-05
1415858227	2.11e-05
1415858287	2.11e-05
1415858348	2.11e-05
1415858409	2.1e-05
1415858469	2.1e-05
1415858530	2.09e-05
1415858590	2.09e-05
1415858650	2.08e-05
1415858711	2.08e-05
1415858771	2.07e-05
1415858832	2.07e-05
1415858892	2.06e-05
1415858953	2.06e-05
1415859013	2.05e-05
1415859074	2.05e-05
1415859134	2.05e-05
1415859195	2.04e-05
1415859255	2.04e-05
1415859316	2.03e-05
1415859376	2.03e-05
1415859437	2.02e-05
1415859497	2.02e-05
1415859557	2.01e-05
1415859618	2.01e-05
1415859678	2.01e-05
1415859739	2e-05
1415859799	2e-05
1415859860	1.99e-05
1415859920	1.99e-05
1415859981	1.98e-05
1415860041	1.98e-05
1415860102	1.98e-05
1415860162	1.97e-05
1415860223	1.97e-05
1415860283	1.96e-05
1415860344	1.96e-05
1415860404	1.96e-05
1415860464	1.95e-05
1415860525	1.95e-05
1415860585	1.94e-05
1415860646	1.94e-05
1415860706	1.94e-05
1415860767	1.93e-05
1415860827	1.93e-05
1415860888	1.92e-05
1415860948	1.92e-05
1415861009	1.92e-05
1415861069	1.91e-05
1415861130	1.91e-05
1415861190	1.9e-05
1415861251	1.9e-05
1415861311	1.9e-05
1415861372	1.89e-05
1415861432	1.89e-05
1415861493	1.89e-05
1415861553	1.88e-05
1415861614	1.88e-05
1415861674	1.87e-05
1415861735	1.87e-05
1415861795	1.87e-05
1415861856	1.86e-05
1415861916	1.86e-05
1415861977	1.86e-05
1415862037	1.85e-05
1415862098	1.85e-05
1415862158	1.84e-05
1415862219	1.84e-05
1415862279	1.84e-05
1415862339	1.83e-05
1415862400	1.83e-05
1415862460	1.83e-05
1415862521	1.82e-05
1415862581	1.82e-05
1415862642	1.82e-05
1415862702	1.81e-05
1415862763	1.81e-05
1415862823	1.81e-05
1415862884	1.8e-05
1415862944	1.8e-05
1415863005	1.8e-05
1415863065	1.79e-05
1415863125	1.79e-05
1415863186	1.79e-05
1415863246	1.78e-05
1415863307	1.78e-05
1415863367	1.77e-05
1415863428	1.77e-05
1415863488	1.77e-05
1415863549	1.76e-05
1415863609	1.76e-05
1415863670	1.76e-05
1415863730	1.76e-05
1415863791	1.75e-05
1415863851	1.75e-05
1415863912	1.75e-05
1415863972	1.74e-05
1415864033	1.74e-05
1415864093	1.74e-05
1415864154	1.73e-05
1415864214	1.73e-05
1415864275	1.73e-05
1415864335	1.72e-05
1415864396	1.72e-05
1415864456	1.72e-05
1415864517	1.71e-05
1415864577	1.71e-05
1415864638	1.71e-05
1415864698	1.7e-05
1415864759	1.7e-05
1415864819	1.7e-05
1415864880	1.7e-05
1415864940	1.69e-05
1415865000	1.69e-05
1415865061	1.69e-05
1415865121	1.68e-05
1415865182	1.68e-05
1415865242	1.68e-05
1415865303	1.67e-05
1415865363	1.67e-05
1415865424	1.67e-05
1415865484	1.67e-05
1415865545	1.66e-05
1415865605	1.66e-05
1415865666	1.66e-05
1415865726	1.65e-05
1415865787	1.65e-05
1415865847	1.65e-05
1415865908	1.65e-05
1415865968	1.64e-05
1415866028	1.64e-05
1415866089	1.64e-05
1415866149	1.63e-05
1415866210	1.63e-05
1415866270	1.63e-05
1415866331	1.63e-05
1415866391	1.62e-05
1415866452	1.62e-05
1415866512	1.62e-05
1415866572	1.61e-05
1415866633	1.61e-05
1415866693	1.61e-05
1415866754	1.61e-05
1415866814	1.6e-05
1415866875	1.6e-05
1415866935	1.6e-05
1415866996	1.6e-05
1415867056	1.59e-05
1415867117	1.59e-05
1415867177	1.59e-05
1415867237	1.58e-05
1415867298	1.58e-05
1415867358	1.58e-05
1415867419	1.58e-05
1415867479	1.57e-05
1415867540	1.57e-05
1415867600	1.57e-05
1415867661	1.57e-05
1415867721	1.56e-05
1415867782	1.56e-05
1415867842	1.56e-05
1415867903	1.56e-05
1415867963	1.55e-05
1415868024	1.55e-05
1415868084	1.55e-05
1415868145	1.55e-05
1415868205	1.54e-05
1415868266	1.54e-05
1415868326	1.54e-05
1415868387	1.54e-05
1415868447	1.53e-05
1415868507	1.53e-05
1415868568	1.53e-05
1415868628	1.53e-05
1415868689	1.52e-05
1415868750	1.52e-05
1415868810	1.52e-05
1415868871	1.52e-05
1415868931	1.51e-05
1415868991	1.51e-05
1415869052	1.51e-05
1415869112	1.51e-05
1415869173	1.5e-05
1415869233	1.5e-05
1415869294	1.5e-05
1415869354	1.5e-05
1415869415	1.49e-05
1415869475	1.49e-05
1415869536	1.49e-05
1415869596	1.49e-05
1415869657	1.48e-05
1415869717	1.48e-05
1415869777	1.48e-05
1415869838	1.48e-05
1415869898	1.48e-05
1415869959	1.47e-05
1415870019	1.47e-05
1415870080	1.47e-05
1415870140	1.47e-05
1415870201	1.46e-05
1415870261	1.46e-05
1415870322	1.46e-05
1415870382	1.46e-05
1415870443	1.46e-05
1415870503	1.45e-05
1415870564	1.45e-05
1415870624	1.45e-05
1415870685	1.45e-05
1415870745	1.44e-05
1415870805	1.44e-05
1415870866	1.44e-05
1415870926	1.44e-05
1415870987	1.44e-05
1415871047	1.43e-05
1415871108	1.43e-05
1415871168	1.43e-05
1415871229	1.43e-05
1415871289	1.42e-05
1415871350	1.42e-05
1415871410	1.42e-05
1415871470	1.42e-05
1415871531	1.42e-05
1415871592	1.41e-05
1415871652	1.41e-05
1415871713	1.41e-05
1415871773	1.41e-05
1415871834	1.41e-05
1415871894	1.4e-05
1415871954	1.4e-05
1415872015	1.4e-05
1415872075	1.4e-05
1415872136	1.4e-05
1415872196	1.39e-05
1415872257	1.39e-05
1415872317	1.39e-05
1415872378	1.39e-05
1415872438	1.39e-05
1415872499	1.38e-05
1415872559	1.38e-05
1415872620	1.38e-05
1415872680	1.38e-05
1415872741	1.38e-05
1415872801	1.37e-05
1415872862	1.37e-05
1415872922	1.37e-05
1415872982	1.37e-05
1415873043	1.37e-05
1415873103	1.36e-05
1415873164	1.36e-05
1415873224	1.36e-05
1415873285	1.36e-05
1415873345	1.36e-05
1415873406	1.35e-05
1415873466	1.35e-05
1415873527	1.35e-05
1415873587	1.35e-05
1415873648	1.35e-05
1415873708	1.34e-05
1415873769	1.34e-05
1415873829	1.34e-05
1415873889	1.34e-05
1415873950	1.34e-05
1415874010	1.34e-05
1415874071	1.33e-05
1415874131	1.33e-05
1415874192	1.33e-05
1415874252	1.33e-05
1415874313	1.33e-05
1415874373	1.32e-05
1415874434	1.32e-05
1415874494	1.32e-05
1415874555	1.32e-05
1415874615	1.32e-05
1415874675	1.32e-05
1415874736	1.31e-05
1415874796	1.31e-05
1415874857	1.31e-05
1415874918	1.31e-05
1415874978	1.31e-05
1415875039	1.3e-05
1415875099	1.3e-05
1415875160	1.3e-05
1415875220	1.3e-05
1415875281	1.3e-05
1415875341	1.3e-05
1415875402	1.29e-05
1415875462	1.29e-05
1415875523	1.29e-05
1415875583	1.29e-05
1415875643	1.29e-05
1415875704	1.29e-05
1415875764	1.28e-05
1415875825	1.28e-05
1415875885	1.28e-05
1415875946	1.28e-05
1415876006	1.28e-05
1415876067	1.28e-05
1415876127	1.27e-05
1415876188	1.27e-05
1415876248	1.27e-05
1415876309	1.27e-05
1415876370	1.27e-05
1415876430	1.27e-05
1415876491	1.26e-05
1415876551	1.26e-05
1415876612	1.26e-05
1415876672	1.26e-05
1415876733	1.26e-05
1415876793	1.26e-05
1415876854	1.25e-05
1415876914	1.25e-05
1415876975	1.25e-05
1415877035	1.25e-05
1415877096	1.25e-05
1415877156	1.25e-05
1415877217	1.24e-05
1415877277	1.24e-05
1415877338	1.24e-05
1415877398	1.24e-05
1415877458	1.24e-05
1415877519	1.24e-05
1415877579	1.23e-05
1415877640	1.23e-05
1415877700	1.23e-05
1415877761	1.23e-05
1415877821	1.23e-05
1415877882	1.23e-05
1415877942	1.23e-05
1415878003	1.22e-05
1415878063	1.22e-05
1415878124	1.22e-05
1415878184	1.22e-05
1415878245	1.22e-05
1415878305	1.22e-05
1415878366	1.21e-05
1415878426	1.21e-05
1415878487	1.21e-05
1415878547	1.21e-05
1415878608	1.21e-05
1415878668	1.21e-05
1415878729	1.21e-05
1415878789	1.2e-05
1415878850	1.2e-05
1415878910	1.2e-05
1415878971	1.2e-05
1415879031	1.2e-05
1415879092	1.2e-05
1415879152	1.19e-05
1415879213	1.19e-05
1415879273	1.19e-05
1415879334	1.19e-05
1415879394	1.19e-05
1415879455	1.19e-05
1415879515	1.19e-05
1415879576	1.18e-05
1415879636	1.18e-05
1415879697	1.18e-05
1415879757	1.18e-05
1415879817	1.18e-05
1415879878	1.18e-05
1415879938	1.18e-05
1415879999	1.17e-05
1415880059	1.17e-05
1415880120	1.17e-05
1415880180	1.17e-05
1415880241	1.17e-05
1415880301	1.17e-05
1415880362	1.17e-05
1415880422	1.16e-05
1415880483	1.16e-05
1415880543	1.16e-05
1415880604	1.16e-05
1415880664	1.16e-05
1415880725	1.16e-05
1415880785	1.16e-05
1415880845	1.16e-05
1415880906	1.15e-05
1415880966	1.15e-05
1415881027	1.15e-05
1415881087	1.15e-05
1415881148	1.15e-05
1415881208	1.15e-05
1415881269	1.15e-05
1415881329	1.14e-05
1415881390	1.14e-05
1415881450	1.14e-05
1415881511	1.14e-05
1415881571	1.14e-05
1415881632	1.14e-05
1415881692	1.14e-05
1415881753	1.14e-05
1415881813	1.13e-05
1415881874	1.13e-05
1415881934	1.13e-05
1415881994	1.13e-05
1415882055	1.13e-05
1415882115	1.13e-05
1415882176	1.13e-05
1415882236	1.12e-05
1415882297	1.12e-05
1415882357	1.12e-05
1415882418	1.12e-05
1415882478	1.12e-05
1415882539	1.12e-05
1415882599	1.12e-05
1415882660	1.12e-05
1415882720	1.11e-05
1415882781	1.11e-05
1415882841	1.11e-05
1415882902	1.11e-05
1415882962	1.11e-05
1415883023	1.11e-05
1415883083	1.11e-05
1415883144	1.11e-05
1415883204	1.1e-05
1415883264	1.1e-05
1415883325	1.1e-05
1415883385	1.1e-05
1415883446	1.1e-05
1415883506	1.1e-05
1415883567	1.1e-05
1415883627	1.1e-05
1415883688	1.09e-05
1415883748	1.09e-05
1415883809	1.09e-05
1415883869	1.09e-05
1415883930	1.09e-05
1415883990	1.09e-05
1415884051	1.09e-05
1415884111	1.09e-05
1415884171	1.08e-05
1415884232	1.08e-05
1415884292	1.08e-05
1415884353	1.08e-05
1415884413	1.08e-05
1415884474	1.08e-05
1415884534	1.08e-05
1415884595	1.08e-05
1415884655	1.07e-05
1415884716	1.07e-05
1415884776	1.07e-05
1415884837	1.07e-05
1415884897	1.07e-05
1415884957	1.07e-05
1415885018	1.07e-05
1415885078	1.07e-05
1415885139	1.07e-05
1415885199	1.06e-05
1415885260	1.06e-05
1415885320	1.06e-05
1415885381	1.06e-05
1415885441	1.06e-05
1415885502	1.06e-05
1415885562	1.06e-05
1415885623	1.06e-05
1415885683	1.06e-05
1415885744	1.05e-05
1415885804	1.05e-05
1415885865	1.05e-05
1415885925	1.03e-05
1415885986	1.03e-05
1415886046	1.03e-05
1415886106	1.03e-05
1415886167	1.03e-05
1415886227	1.02e-05
1415886288	1.02e-05
1415886348	1.02e-05
1415886409	1.02e-05
1415886469	1.02e-05
1415886530	1.02e-05
1415886590	1.02e-05
1415886651	1.02e-05
1415886711	1.02e-05
1415886771	1.01e-05
1415886832	1.01e-05
1415886892	1.01e-05
1415886953	1.01e-05
1415887013	1.01e-05
1415887074	1.01e-05
1415887134	1.01e-05
1415887195	1.01e-05
1415887255	1.01e-05
1415887316	1.01e-05
1415887376	1e-05
1415887437	1e-05
1415887497	1e-05
1415887558	1e-05
1415887618	1e-05
1415887679	9.99e-06
1415887739	9.98e-06
1415887800	9.97e-06
1415887860	9.96e-06
1415887921	9.95e-06
1415887981	9.94e-06
1415888042	9.93e-06
1415888102	9.92e-06
1415888163	9.91e-06
1415888223	9.9e-06
1415888284	9.88e-06
1415888344	9.88e-06
1415888405	9.87e-06
1415888465	9.85e-06
1415888526	9.84e-06
1415888586	9.83e-06
1415888647	9.83e-06
1415888707	9.82e-06
1415888768	9.81e-06
1415888828	9.8e-06
1415888888	9.79e-06
1415888949	9.78e-06
1415889009	9.77e-06
1415889070	9.76e-06
1415889130	9.75e-06
1415889191	9.74e-06
1415889251	9.73e-06
1415889312	9.72e-06
1415889372	9.71e-06
1415889433	9.7e-06
1415889493	9.69e-06
1415889553	9.68e-06
1415889614	9.67e-06
1415889674	9.66e-06
1415889735	9.65e-06
1415889796	9.64e-06
1415889856	9.63e-06
1415889917	9.62e-06
1415889977	9.61e-06
1415890037	9.6e-06
1415890098	9.59e-06
1415890158	9.58e-06
1415890219	9.57e-06
1415890280	9.56e-06
1415890340	9.56e-06
1415890400	9.55e-06
1415890461	9.53e-06
1415890521	9.53e-06
1415890582	9.52e-06
1415890642	9.51e-06
1415890703	9.5e-06
1415890763	9.49e-06
1415890824	9.48e-06
1415890884	9.47e-06
1415890945	9.46e-06
1415891005	9.45e-06
1415891066	9.44e-06
1415891126	9.43e-06
1415891187	9.42e-06
1415891247	9.31e-06
1415891307	9.29e-06
1415891368	9.28e-06
1415891428	9.27e-06
1415891489	9.26e-06
1415891549	9.25e-06
1415891610	9.24e-06
1415891670	9.23e-06
1415891731	9.22e-06
1415891791	9.22e-06
1415891852	9.21e-06
1415891912	9.2e-06
1415891973	9.19e-06
1415892033	9.18e-06
1415892094	9.17e-06
1415892154	9.16e-06
1415892214	9.15e-06
1415892275	9.15e-06
1415892335	9.14e-06
1415892396	9.13e-06
1415892456	9.12e-06
1415892517	9.11e-06
1415892577	9.1e-06
1415892638	9.09e-06
1415892698	9.09e-06
1415892759	9.08e-06
1415892819	9.07e-06
1415892880	9.06e-06
1415892940	9.05e-06
1415893001	9.04e-06
1415893062	9.04e-06
1415893122	9.03e-06
1415893183	9.02e-06
1415893243	9.01e-06
1415893304	9e-06
1415893364	8.99e-06
1415893425	8.99e-06
1415893485	8.98e-06
1415893546	8.97e-06
1415893606	8.96e-06
1415893667	8.95e-06
1415893727	8.95e-06
1415893788	8.94e-06
1415893848	8.93e-06
1415893909	8.92e-06
1415893969	8.91e-06
1415894030	8.9e-06
1415894091	8.89e-06
1415894151	8.89e-06
1415894212	8.88e-06
1415894272	8.87e-06
1415894333	5.62e-05
1415894393	0.000124
1415894454	0.000132
1415894514	0.000133
1415894575	0.000134
1415894635	0.000134
1415894696	0.000134
1415894756	0.000134
1415894817	0.000134
1415894877	0.000134
1415894938	0.000134
1415894998	0.000134
1415895059	0.000134
1415895119	0.000134
1415895180	0.000134
1415895241	0.000134
1415895301	0.000134
1415895362	0.000133
1415895422	0.000133
1415896510	0.0
1415896570	9.19e-06
1415896631	8.96e-06
1415896691	8.89e-06
1415896752	8.84e-06
1415896812	8.65e-06
1415896873	8.64e-06
1415896933	8.64e-06
1415896994	8.64e-06
1415897054	8.64e-06
1415897115	8.63e-06
1415897175	8.63e-06
1415897236	8.63e-06
1415897296	8.63e-06
1415897356	8.62e-06
1415897417	8.62e-06
1415897477	8.61e-06
1415897538	8.6e-06
1415897598	8.6e-06
1415897659	8.59e-06
1415897719	8.58e-06
1415897780	8.58e-06
1415897840	8.57e-06
1415897901	8.56e-06
1415897961	8.56e-06
1415898022	8.55e-06
1415898082	8.55e-06
1415898143	8.54e-06
1415898203	8.53e-06
1415898264	8.52e-06
1415898324	8.52e-06
1415898385	8.51e-06
1415898445	8.5e-06
1415898506	8.5e-06
1415898566	8.48e-06
1415898626	8.48e-06
1415898687	8.47e-06
1415898747	8.46e-06
1415898808	8.45e-06
1415898868	8.45e-06
1415898929	8.44e-06
1415898989	8.43e-06
1415899050	8.42e-06
1415899110	8.41e-06
1415899171	8.4e-06
1415899231	8.39e-06
1415899292	8.39e-06
1415899353	8.38e-06
1415899413	8.37e-06
1415899474	8.36e-06
1415899534	8.35e-06
1415899595	8.34e-06
1415899655	8.33e-06
1415899715	8.33e-06
1415899776	8.32e-06
1415899836	8.31e-06
1415899897	8.3e-06
1415899957	8.29e-06
1415900018	8.28e-06
1415900078	8.27e-06
1415900139	8.27e-06
1415900199	8.26e-06
1415900260	8.25e-06
1415900320	8.24e-06
1415900381	8.23e-06
1415900441	8.22e-06
1415900502	8.21e-06
1415900562	8.21e-06
1415900623	8.2e-06
1415900683	8.19e-06
1415900744	8.18e-06
1415900804	8.17e-06
1415900865	8.17e-06
1415900925	8.16e-06
1415900986	8.15e-06
1415901046	8.14e-06
1415901107	8.14e-06
1415901167	8.12e-06
1415901228	8.12e-06
1415901288	8.11e-06
1415901349	8.1e-06
1415901409	8.09e-06
1415901470	8.09e-06
1415901530	8.08e-06
1415901591	8.07e-06
1415901651	8.06e-06
1415901712	8.05e-06
1415901772	8.05e-06
1415901833	8.04e-06
1415901893	8.03e-06
1415901954	8.02e-06
1415902014	8.01e-06
1415902074	8.01e-06
1415902135	8e-06
1415902195	7.99e-06
1415902256	7.98e-06
1415902316	7.98e-06
1415902377	7.97e-06
1415902437	7.96e-06
1415902498	7.95e-06
1415902558	7.94e-06
1415902619	7.94e-06
1415902679	7.93e-06
1415902740	7.92e-06
1415902800	7.91e-06
1415902860	7.91e-06
1415902921	7.9e-06
1415902981	7.89e-06
1415903042	7.88e-06
1415903102	7.88e-06
1415903163	7.87e-06
1415903223	7.86e-06
1415903284	7.85e-06
1415903344	7.84e-06
1415903405	7.84e-06
1415903465	7.83e-06
1415903525	7.82e-06
1415903586	7.82e-06
1415903646	7.81e-06
1415903707	7.8e-06
1415903767	7.79e-06
1415903828	7.79e-06
1415903888	7.78e-06
1415903949	7.77e-06
1415904009	7.76e-06
1415904070	7.76e-06
1415904130	7.75e-06
1415904191	7.74e-06
1415904251	7.74e-06
1415904312	7.73e-06
1415904372	7.72e-06
1415904433	7.72e-06
1415904493	7.71e-06
1415904554	7.7e-06
1415904614	7.69e-06
1415904675	7.69e-06
1415904735	7.68e-06
1415904796	7.67e-06
1415904856	7.67e-06
1415904916	7.66e-06
1415904977	7.65e-06
1415905037	7.65e-06
1415905098	7.64e-06
1415905158	7.63e-06
1415905219	7.63e-06
1415905280	7.62e-06
1415905340	7.61e-06
1415905401	7.61e-06
1415905461	7.6e-06
1415905521	7.59e-06
1415905582	7.59e-06
1415905642	7.58e-06
1415905703	7.57e-06
1415905763	7.57e-06
1415905824	7.56e-06
1415905884	7.55e-06
1415905945	7.55e-06
1415906005	7.54e-06
1415906066	7.53e-06
1415906126	7.53e-06
1415906186	7.52e-06
1415906247	7.51e-06
1415906307	7.51e-06
1415906368	7.5e-06
1415906428	7.49e-06
1415906489	7.49e-06
1415906549	7.48e-06
1415906610	7.47e-06
1415906670	7.47e-06
1415906731	7.46e-06
1415906791	7.46e-06
1415906852	7.45e-06
1415906912	7.44e-06
1415906973	7.44e-06
1415907033	7.43e-06
1415907094	7.42e-06
1415907154	7.42e-06
1415907215	7.41e-06
1415907275	7.41e-06
1415907336	7.4e-06
1415907396	7.39e-06
1415907457	7.39e-06
1415907517	7.38e-06
1415907578	7.38e-06
1415907638	7.37e-06
1415907699	7.36e-06
1415907759	7.36e-06
1415907820	7.35e-06
1415907880	7.34e-06
1415907941	7.34e-06
1415908001	7.33e-06
1415908062	7.33e-06
1415908122	7.32e-06
1415908183	7.32e-06
1415908243	7.31e-06
1415908303	7.3e-06
1415908364	7.3e-06
1415908424	7.29e-06
1415908485	7.29e-06
1415908545	7.28e-06
1415908606	7.27e-06
1415908666	7.27e-06
1415908727	7.26e-06
1415908787	7.26e-06
1415908848	7.25e-06
1415908908	7.25e-06
1415908969	7.24e-06
1415909029	7.24e-06
1415909090	7.23e-06
1415909150	7.23e-06
1415909211	7.22e-06
1415909271	7.22e-06
1415909332	7.21e-06
1415909392	7.21e-06
1415909453	7.2e-06
1415909513	7.2e-06
1415909574	7.19e-06
1415909634	7.18e-06
1415909695	7.18e-06
1415909755	7.17e-06
1415909815	7.17e-06
1415909876	7.16e-06
1415909936	7.16e-06
1415909997	7.15e-06
1415910057	7.14e-06
1415910118	7.14e-06
1415910178	7.13e-06
1415910239	7.13e-06
1415910299	7.12e-06
1415910360	7.11e-06
1415910420	7.11e-06
1415910481	7.1e-06
1415910541	7.1e-06
1415910602	7.09e-06
1415910662	7.09e-06
1415910723	7.08e-06
1415910783	7.07e-06
1415910844	7.07e-06
1415910904	7.06e-06
1415910965	7.06e-06
1415911025	7.05e-06
1415911086	7.05e-06
1415911146	7.04e-06
1415911207	7.03e-06
1415911267	7.03e-06
1415911328	7.03e-06
1415911388	7.02e-06
1415911449	7.01e-06
1415911509	7.01e-06
1415911570	7e-06
1415911630	6.99e-06
1415911690	6.99e-06
1415911751	6.98e-06
1415911811	6.98e-06
1415911872	6.97e-06
1415911932	6.97e-06
1415911993	6.96e-06
1415912053	6.96e-06
1415912114	6.95e-06
1415912174	6.95e-06
1415912235	6.94e-06
1415912295	6.94e-06
1415912356	6.93e-06
1415912416	6.93e-06
1415912477	6.92e-06
1415912537	6.92e-06
1415912598	6.91e-06
1415912658	6.91e-06
1415912719	6.9e-06
1415912779	6.9e-06
1415912839	6.89e-06
1415912900	6.89e-06
1415912960	6.88e-06
1415913021	6.88e-06
1415913081	6.87e-06
1415913142	6.87e-06
1415913202	6.86e-06
1415913263	6.84e-06
1415913323	6.83e-06
1415913384	6.82e-06
1415913444	6.81e-06
1415913505	6.81e-06
1415913565	6.8e-06
1415913626	6.8e-06
1415913686	6.79e-06
1415913747	6.78e-06
1415913808	6.78e-06
1415913868	6.78e-06
1415913929	6.77e-06
1415913989	6.77e-06
1415914050	6.76e-06
1415914110	6.76e-06
1415914170	6.75e-06
1415914231	6.75e-06
1415914291	6.75e-06
1415914352	6.74e-06
1415914412	6.73e-06
1415914473	6.73e-06
1415914533	6.72e-06
1415914594	6.72e-06
1415914654	6.71e-06
1415914715	6.71e-06
1415914775	6.7e-06
1415914836	6.7e-06
1415914896	6.7e-06
1415914957	6.69e-06
1415915017	6.69e-06
1415915078	6.68e-06
1415915138	6.68e-06
1415915199	6.67e-06
1415915259	6.67e-06
1415915320	6.66e-06
1415915380	6.61e-06
1415915441	6.6e-06
1415915501	6.6e-06
1415915562	6.59e-06
1415915622	6.59e-06
1415915683	6.58e-06
1415915743	6.58e-06
1415915804	6.58e-06
1415915864	6.57e-06
1415915925	6.57e-06
1415915985	6.56e-06
1415916046	6.55e-06
1415916106	6.55e-06
1415916167	6.55e-06
1415916227	6.54e-06
1415916287	6.54e-06
1415916348	6.53e-06
1415916408	6.53e-06
1415916469	6.53e-06
1415916529	6.52e-06
1415916590	6.51e-06
1415916650	6.51e-06
1415916711	6.51e-06
1415916771	6.5e-06
1415916832	6.5e-06
1415916892	6.49e-06
1415916953	6.49e-06
1415917013	6.49e-06
1415917074	6.48e-06
1415917134	6.48e-06
1415917195	6.47e-06
1415917255	6.47e-06
1415917316	6.46e-06
1415917376	6.46e-06
1415917437	6.45e-06
1415917497	6.45e-06
1415917558	6.44e-06
1415917618	6.44e-06
1415917679	6.44e-06
1415917739	6.43e-06
1415917799	6.43e-06
1415917860	6.43e-06
1415917920	6.42e-06
1415917981	6.42e-06
1415918041	6.41e-06
1415918102	6.41e-06
1415918162	6.4e-06
1415918223	6.4e-06
1415918283	6.4e-06
1415918344	6.39e-06
1415918404	6.39e-06
1415918465	6.38e-06
1415918525	6.38e-06
1415918586	6.37e-06
1415918646	6.37e-06
1415918707	6.36e-06
1415918767	6.36e-06
1415918828	6.36e-06
1415918888	6.35e-06
1415918949	6.35e-06
1415919009	6.34e-06
1415919070	6.34e-06
1415919130	6.34e-06
1415919191	6.33e-06
1415919251	6.33e-06
1415919312	6.32e-06
1415919372	6.32e-06
1415919433	6.31e-06
1415919493	6.31e-06
1415919554	6.31e-06
1415919614	6.3e-06
1415919675	6.3e-06
1415919735	6.29e-06
1415919796	6.29e-06
1415919856	8.22e-05
1415919917	9.81e-05
1415919977	0.0001
1415920038	0.000101
1415920098	0.000101
1415920159	0.000101
1415920219	0.000101
1415920280	0.000101
1415920340	0.000101
1415920401	0.000101
1415920461	0.000101
1415920522	0.000101
1415920582	0.000101
1415920642	0.000101
1415921654	0.0
1415921714	6.54e-06
1415921775	6.35e-06
1415921835	6.29e-06
1415921896	6.27e-06
1415921956	6.26e-06
1415922017	6.25e-06
1415922077	6.25e-06
1415922138	6.25e-06
1415922199	6.25e-06
1415922259	6.25e-06
1415922319	6.25e-06
1415922380	6.25e-06
1415922440	6.25e-06
1415922501	6.25e-06
1415922561	6.24e-06
1415922622	6.24e-06
1415922682	6.24e-06
1415922743	6.23e-06
1415922803	6.23e-06
1415922863	6.23e-06
1415922924	6.23e-06
1415922984	6.22e-06
1415923045	6.22e-06
1415923105	6.21e-06
1415923166	6.21e-06
1415923226	6.21e-06
1415923287	6.2e-06
1415923347	6.2e-06
1415923408	6.19e-06
1415923468	6.19e-06
1415923529	6.19e-06
1415923589	6.18e-06
1415923650	6.18e-06
1415923710	6.18e-06
1415923771	6.17e-06
1415923831	6.17e-06
1415923892	6.16e-06
1415923952	6.16e-06
1415924012	6.15e-06
1415924073	6.15e-06
1415924133	6.15e-06
1415924194	6.14e-06
1415924254	6.14e-06
1415924315	6.14e-06
1415924375	6.13e-06
1415924436	6.13e-06
1415924496	6.12e-06
1415924557	6.12e-06
1415924617	6.12e-06
1415924678	6.11e-06
1415924738	6.11e-06
1415924799	6.1e-06
1415924859	6.1e-06
1415924920	6.09e-06
1415924980	6.09e-06
1415925041	6.09e-06
1415925101	6.08e-06
1415925162	6.08e-06
1415925222	6.07e-06
1415925282	6.07e-06
1415925343	6.07e-06
1415925403	6.06e-06
1415925464	6.06e-06
1415925524	6.06e-06
1415925585	6.05e-06
1415925645	6.05e-06
1415925706	6.04e-06
1415925766	6.04e-06
1415925827	6.04e-06
1415925887	6.03e-06
1415925948	6.03e-06
1415926008	6.02e-06
1415926069	6.02e-06
1415926129	6.02e-06
1415926190	6.01e-06
1415926250	6.01e-06
1415926311	6e-06
1415926371	6e-06
1415926431	6e-06
1415926492	5.99e-06
1415926552	5.99e-06
1415926613	5.98e-06
1415926673	5.98e-06
1415926734	5.97e-06
1415926794	5.97e-06
1415926855	5.97e-06
1415926915	5.96e-06
1415926976	5.96e-06
1415927036	5.96e-06
1415927097	5.95e-06
1415927157	5.95e-06
1415927218	5.95e-06
1415927278	5.94e-06
1415927339	5.94e-06
1415927399	5.93e-06
1415927459	5.93e-06
1415927520	5.93e-06
1415927581	5.92e-06
1415927641	5.92e-06
1415927702	5.92e-06
1415927762	5.91e-06
1415927823	5.91e-06
1415927883	5.91e-06
1415927943	5.9e-06
1415928004	5.9e-06
1415928064	5.89e-06
1415928125	5.89e-06
1415928186	5.89e-06
1415928246	5.88e-06
1415928307	5.88e-06
1415928367	5.88e-06
1415928427	5.87e-06
1415928488	5.87e-06
1415928549	5.86e-06
1415928609	5.86e-06
1415928669	5.86e-06
1415928730	5.85e-06
1415928790	5.85e-06
1415928851	5.85e-06
1415928911	5.84e-06
1415928972	5.84e-06
1415929032	5.84e-06
1415929093	5.83e-06
1415929153	5.83e-06
1415929214	5.83e-06
1415929274	5.82e-06
1415929335	5.82e-06
1415929395	5.82e-06
1415929456	5.81e-06
1415929516	5.81e-06
1415929577	5.81e-06
1415929637	5.8e-06
1415929698	5.8e-06
1415929758	5.79e-06
1415929819	5.79e-06
1415929879	5.79e-06
1415929940	5.78e-06
1415930000	5.78e-06
1415930061	5.78e-06
1415930121	5.77e-06
1415930182	5.77e-06
1415930242	5.77e-06
1415930302	5.76e-06
1415930363	5.76e-06
1415930423	5.76e-06
1415930484	5.75e-06
1415930544	5.75e-06
1415930605	5.75e-06
1415930665	5.75e-06
1415930726	5.74e-06
1415930786	5.74e-06
1415930847	5.74e-06
1415930907	5.73e-06
1415930968	5.73e-06
1415931028	5.72e-06
1415931089	5.72e-06
1415931149	5.72e-06
1415931210	5.71e-06
1415931270	5.71e-06
1415931331	5.71e-06
1415931391	5.7e-06
1415931452	5.7e-06
1415931512	5.7e-06
1415931573	5.69e-06
1415931634	5.69e-06
1415931694	5.69e-06
1415931755	5.68e-06
1415931815	5.68e-06
1415931876	5.68e-06
1415931936	5.68e-06
1415931997	5.67e-06
1415932057	5.67e-06
1415932118	5.67e-06
1415932178	5.66e-06
1415932239	5.66e-06
1415932299	5.66e-06
1415932360	5.65e-06
1415932420	5.65e-06
1415932481	5.65e-06
1415932542	5.64e-06
1415932602	5.64e-06
1415932663	5.64e-06
1415932723	5.63e-06
1415932784	5.63e-06
1415932844	5.63e-06
1415932905	5.62e-06
1415932965	5.62e-06
1415933026	5.62e-06
1415933086	5.61e-06
1415933147	5.61e-06
1415933207	5.61e-06
1415933268	5.61e-06
1415933328	5.6e-06
1415933389	5.6e-06
1415933449	5.59e-06
1415933510	5.59e-06
1415933570	5.59e-06
1415933631	5.59e-06
1415933691	5.58e-06
1415933752	5.58e-06
1415933812	5.58e-06
1415933873	5.57e-06
1415933933	5.57e-06
1415933994	5.57e-06
1415934054	5.56e-06
1415934115	5.56e-06
1415934175	5.56e-06
1415934236	5.55e-06
1415934296	5.55e-06
1415934357	5.55e-06
1415934417	5.55e-06
1415934478	5.54e-06
1415934539	5.54e-06
1415934599	5.54e-06
1415934660	5.53e-06
1415934720	5.53e-06
1415934781	5.53e-06
1415934841	5.52e-06
1415934902	5.52e-06
1415934962	5.52e-06
1415935023	5.52e-06
1415935083	5.51e-06
1415935144	5.51e-06
1415935204	5.51e-06
1415935265	5.5e-06
1415935325	5.5e-06
1415935386	5.5e-06
1415935446	5.49e-06
1415935507	5.49e-06
1415935568	5.49e-06
1415935628	5.48e-06
1415935689	5.48e-06
1415935749	5.48e-06
1415935809	5.48e-06
1415935870	5.47e-06
1415935931	5.47e-06
1415935991	5.47e-06
1415936051	5.46e-06
1415936112	5.46e-06
1415936172	5.46e-06
1415936233	5.45e-06
1415936293	5.45e-06
1415936354	5.45e-06
1415936414	5.45e-06
1415936475	5.44e-06
1415936535	5.44e-06
1415936596	5.44e-06
1415936656	5.43e-06
1415936717	5.43e-06
1415936777	5.43e-06
1415936838	5.42e-06
1415936898	5.42e-06
1415936959	5.42e-06
1415937019	5.41e-06
1415937080	5.41e-06
1415937140	5.41e-06
1415937201	5.41e-06
1415937261	5.4e-06
1415937322	5.4e-06
1415937382	5.4e-06
1415937443	5.39e-06
1415937503	5.39e-06
1415937563	5.39e-06
1415937624	5.39e-06
1415937684	5.38e-06
1415937745	5.38e-06
1415937805	5.38e-06
1415937866	5.37e-06
1415937926	5.37e-06
1415937987	5.37e-06
1415938047	5.36e-06
1415938108	5.36e-06
1415938168	5.36e-06
1415938229	5.36e-06
1415938289	5.35e-06
1415938350	5.35e-06
1415938410	5.35e-06
1415938471	5.34e-06
1415938531	5.34e-06
1415938591	5.34e-06
1415938652	5.29e-06
1415938712	5.29e-06
1415938773	5.29e-06
1415938833	5.28e-06
1415938894	5.28e-06
1415938954	5.28e-06
1415939015	5.27e-06
1415939075	5.27e-06
1415939136	5.27e-06
1415939196	5.27e-06
1415939257	5.26e-06
1415939317	5.26e-06
1415939378	5.26e-06
1415939438	5.25e-06
1415939499	5.25e-06
1415939559	5.25e-06
1415939620	5.24e-06
1415939680	5.24e-06
1415939741	5.24e-06
1415939801	5.23e-06
1415939862	5.23e-06
1415939922	5.23e-06
1415939983	5.23e-06
1415940043	5.22e-06
1415940104	5.22e-06
1415940164	5.22e-06
1415940225	5.22e-06
1415940285	5.21e-06
1415940346	5.21e-06
1415940406	5.21e-06
1415940467	5.2e-06
1415940527	5.2e-06
1415940588	5.2e-06
1415940648	5.2e-06
1415940709	5.19e-06
1415940769	5.19e-06
1415940830	5.19e-06
1415940890	5.18e-06
1415940951	5.18e-06
1415941011	5.18e-06
1415941072	5.18e-06
1415941132	5.17e-06
1415941193	5.17e-06
1415941253	5.17e-06
1415941313	5.16e-06
1415941374	5.16e-06
1415941435	5.16e-06
1415941495	5.16e-06
1415941555	5.15e-06
1415941616	5.15e-06
1415941676	5.15e-06
1415941737	5.14e-06
1415941797	5.14e-06
1415941858	5.14e-06
1415941919	5.14e-06
1415941979	5.13e-06
1415942039	5.13e-06
1415942100	5.13e-06
1415942160	5.12e-06
1415942221	5.12e-06
1415942281	5.12e-06
1415942342	5.12e-06
1415942402	5.11e-06
1415942463	5.11e-06
1415942523	5.11e-06
1415942584	5.1e-06
1415942644	5.1e-06
1415942705	5.1e-06
1415942765	5.1e-06
1415942826	5.09e-06
1415942886	5.09e-06
1415942947	5.09e-06
1415943007	5.08e-06
1415943068	5.08e-06
1415943128	5.08e-06
1415943189	5.08e-06
1415943249	5.07e-06
1415943310	5.07e-06
1415943370	5.07e-06
1415943431	5.07e-06
1415943491	5.06e-06
1415943552	5.06e-06
1415943612	5.06e-06
1415943673	5.05e-06
1415943733	5.05e-06
1415943794	5.05e-06
1415943854	5.05e-06
1415943915	5.04e-06
1415943975	5.04e-06
1415944036	5.04e-06
1415944096	5.04e-06
1415944157	5.03e-06
1415944217	5.03e-06
1415944278	5.03e-06
1415944338	5.02e-06
1415944399	5.02e-06
1415944459	5.02e-06
1415944520	5.01e-06
1415944580	5.01e-06
1415944641	5.01e-06
1415944701	5.01e-06
1415944762	5e-06
1415944822	5e-06
1415944882	5e-06
1415944943	5e-06
1415945003	4.99e-06
1415945064	4.99e-06
1415945125	4.99e-06
1415945185	4.99e-06
1415945246	4.98e-06
1415945306	4.98e-06
1415945367	4.98e-06
1415945427	4.98e-06
1415945488	4.98e-06
1415945548	4.97e-06
1415945609	4.97e-06
1415945669	4.97e-06
1415945730	4.96e-06
1415945790	4.96e-06
1415945851	4.96e-06
1415945911	4.96e-06
1415945972	4.95e-06
1415946032	4.95e-06
1415946092	4.95e-06
1415946153	4.94e-06
1415946213	4.94e-06
1415946274	4.94e-06
1415946334	4.94e-06
1415946395	4.93e-06
1415946455	4.93e-06
1415946516	4.93e-06
1415946576	4.93e-06
1415946637	4.92e-06
1415946697	4.92e-06
1415946757	4.92e-06
1415946818	4.92e-06
1415946878	4.91e-06
1415946939	4.91e-06
1415946999	4.91e-06
1415947060	4.91e-06
1415947120	4.9e-06
1415947181	4.9e-06
1415947241	4.9e-06
1415947302	4.9e-06
1415947362	4.89e-06
1415947423	4.89e-06
1415947483	4.89e-06
1415947544	4.89e-06
1415947604	4.88e-06
1415947665	4.88e-06
1415947725	4.88e-06
1415947786	4.88e-06
1415947846	4.87e-06
1415947907	4.87e-06
1415947967	4.87e-06
1415948028	4.87e-06
1415948088	4.86e-06
1415948149	4.86e-06
1415948209	4.86e-06
1415948269	4.86e-06
1415948330	4.85e-06
1415948390	4.85e-06
1415948451	4.85e-06
1415948511	4.85e-06
1415948572	4.84e-06
1415948632	4.84e-06
1415948693	4.84e-06
1415948753	4.84e-06
1415948814	4.83e-06
1415948874	4.83e-06
1415948935	4.83e-06
1415948995	4.83e-06
1415949056	4.82e-06
1415949116	4.82e-06
1415949177	4.82e-06
1415949237	4.82e-06
1415949298	4.81e-06
1415949358	4.81e-06
1415949419	4.81e-06
1415949479	4.81e-06
1415949540	4.8e-06
1415949600	4.8e-06
1415949661	4.8e-06
1415949721	4.8e-06
1415949782	4.79e-06
1415949842	4.79e-06
1415949902	4.79e-06
1415949963	4.79e-06
1415950023	4.78e-06
1415950084	4.78e-06
1415950144	4.78e-06
1415950205	4.78e-06
1415950265	4.78e-06
1415950326	4.77e-06
1415950386	4.77e-06
1415950447	4.77e-06
1415950507	4.77e-06
1415950567	4.76e-06
1415950628	4.76e-06
1415950688	4.76e-06
1415950749	4.76e-06
1415950809	4.75e-06
1415950870	4.75e-06
1415950930	4.75e-06
1415950991	4.75e-06
1415951051	4.74e-06
1415951112	4.74e-06
1415951172	4.74e-06
1415951233	4.74e-06
1415951293	4.74e-06
1415951354	4.73e-06
1415951414	4.73e-06
1415951475	4.73e-06
1415951535	4.73e-06
1415951596	4.72e-06
1415951656	4.72e-06
1415951716	4.72e-06
1415951777	4.72e-06
1415951837	4.71e-06
1415951898	4.71e-06
1415951958	4.71e-06
1415952019	4.71e-06
1415952079	4.71e-06
1415952140	4.7e-06
1415952200	4.7e-06
1415952261	4.7e-06
1415952321	4.7e-06
1415952382	4.69e-06
1415952442	4.69e-06
1415952502	4.69e-06
1415952563	4.69e-06
1415952623	4.68e-06
1415952684	4.68e-06
1415952744	4.68e-06
1415952805	4.68e-06
1415952865	4.68e-06
1415952926	4.67e-06
1415952986	4.67e-06
1415953046	4.67e-06
1415953107	4.67e-06
1415953167	4.66e-06
1415953228	4.66e-06
1415953288	4.66e-06
1415953349	4.66e-06
1415953409	4.66e-06
1415953470	4.65e-06
1415953530	4.65e-06
1415953591	4.65e-06
1415953651	4.65e-06
1415953712	4.64e-06
1415953772	4.64e-06
1415953833	4.64e-06
1415953893	4.64e-06
1415953954	4.63e-06
1415954014	4.63e-06
1415954075	4.63e-06
1415954135	4.63e-06
1415954196	4.63e-06
1415954256	4.62e-06
1415954317	4.62e-06
1415954377	4.62e-06
1415954438	4.62e-06
1415954498	4.61e-06
1415954559	4.61e-06
1415954619	4.61e-06
1415954679	4.61e-06
1415954740	4.61e-06
1415954800	4.6e-06
1415954861	4.6e-06
1415954921	4.6e-06
1415954982	4.6e-06
1415955042	4.59e-06
1415955103	4.59e-06
1415955163	4.59e-06
1415955224	4.59e-06
1415955284	4.58e-06
1415955345	4.58e-06
1415955405	4.58e-06
1415955466	4.58e-06
1415955526	4.58e-06
1415955587	4.58e-06
1415955647	4.57e-06
1415955708	4.57e-06
1415955768	4.57e-06
1415955829	4.57e-06
1415955889	4.56e-06
1415955950	4.56e-06
1415956010	4.56e-06
1415956070	4.56e-06
1415956131	4.56e-06
1415956191	4.55e-06
1415956252	4.55e-06
1415956312	4.55e-06
1415956373	4.55e-06
1415956433	4.54e-06
1415956494	4.54e-06
1415956554	4.54e-06
1415956615	4.54e-06
1415956675	4.54e-06
1415956736	4.53e-06
1415956796	4.53e-06
1415956857	4.53e-06
1415956917	4.53e-06
1415956978	4.53e-06
1415957038	4.52e-06
1415957098	4.52e-06
1415957159	4.52e-06
1415957219	4.52e-06
1415957280	4.52e-06
1415957340	4.51e-06
1415957401	4.51e-06
1415957461	4.51e-06
1415957522	4.51e-06
1415957582	4.5e-06
1415957643	4.5e-06
1415957703	4.5e-06
1415957764	4.5e-06
1415957824	4.5e-06
1415957885	4.5e-06
1415957945	4.49e-06
1415958006	4.49e-06
1415958066	4.49e-06
1415958127	4.49e-06
1415958187	4.49e-06
1415958248	4.48e-06
1415958308	4.48e-06
1415958369	4.48e-06
1415958429	4.48e-06
1415958490	4.47e-06
1415958550	4.47e-06
1415958611	4.47e-06
1415958671	4.47e-06
1415958732	4.47e-06
1415958792	4.47e-06
1415958853	4.46e-06
1415958913	4.46e-06
1415958974	4.46e-06
1415959034	4.46e-06
1415959094	4.45e-06
1415959155	4.45e-06
1415959215	4.45e-06
1415959276	4.45e-06
1415959336	4.45e-06
1415959397	4.44e-06
1415959457	4.44e-06
1415959518	4.44e-06
1415959578	4.44e-06
1415959639	4.43e-06
1415959699	4.43e-06
1415959760	4.43e-06
1415959820	4.43e-06
1415959881	4.43e-06
1415959941	4.43e-06
1415960002	4.42e-06
1415960062	4.42e-06
1415960123	4.42e-06
1415960183	4.42e-06
1415960244	4.42e-06
1415960304	4.41e-06
1415960365	4.41e-06
1415960425	4.41e-06
1415960485	4.41e-06
1415960546	4.41e-06
1415960606	4.4e-06
1415960667	4.4e-06
1415960727	4.4e-06
1415960788	4.4e-06
1415960848	4.4e-06
1415960909	4.39e-06
1415960969	4.39e-06
1415961030	4.39e-06
1415961090	4.39e-06
1415961151	4.39e-06
1415961211	4.38e-06
1415961272	4.38e-06
1415961332	4.38e-06
1415961393	4.38e-06
1415961453	4.38e-06
1415961514	4.38e-06
1415961574	4.37e-06
1415961635	4.37e-06
1415961695	4.37e-06
1415961755	4.37e-06
1415961816	4.37e-06
1415961876	4.36e-06
1415961937	4.36e-06
1415961997	4.36e-06
1415962058	4.36e-06
1415962118	4.36e-06
1415962179	4.35e-06
1415962239	4.35e-06
1415962300	4.35e-06
1415962360	4.35e-06
1415962421	4.35e-06
1415962481	4.34e-06
1415962542	4.34e-06
1415962602	4.34e-06
1415962663	4.34e-06
1415962723	4.34e-06
1415962784	4.33e-06
1415962844	4.33e-06
1415962905	4.33e-06
1415962965	4.33e-06
1415963026	4.33e-06
1415963086	4.33e-06
1415963147	4.32e-06
1415963207	4.32e-06
1415963268	4.32e-06
1415963328	4.32e-06
1415963389	4.31e-06
1415963449	4.31e-06
1415963510	4.31e-06
1415963570	4.31e-06
1415963630	4.31e-06
1415963691	4.31e-06
1415963751	4.3e-06
1415963812	4.3e-06
1415963872	4.3e-06
1415963933	4.3e-06
1415963993	4.3e-06
1415964054	4.29e-06
1415964114	4.29e-06
1415964175	4.29e-06
1415964235	4.29e-06
1415964296	4.29e-06
1415964356	4.28e-06
1415964417	4.28e-06
1415964477	4.28e-06
1415964537	4.28e-06
1415964598	4.28e-06
1415964659	4.28e-06
1415964719	4.27e-06
1415964780	4.27e-06
1415964840	4.27e-06
1415964901	4.27e-06
1415964961	4.27e-06
1415965021	4.27e-06
1415965082	4.26e-06
1415965142	4.26e-06
1415965203	4.26e-06
1415965263	4.26e-06
1415965324	4.26e-06
1415965384	4.25e-06
1415965445	4.25e-06
1415965505	4.25e-06
1415965566	4.25e-06
1415965626	4.25e-06
1415965687	4.24e-06
1415965747	4.24e-06
1415965808	4.24e-06
1415965868	4.24e-06
1415965928	4.24e-06
1415965989	4.23e-06
1415966049	4.23e-06
1415966110	4.23e-06
1415966170	4.23e-06
1415966231	4.23e-06
1415966291	4.22e-06
1415966352	4.22e-06
1415966412	4.22e-06
1415966473	4.22e-06
1415966533	4.22e-06
1415966594	4.22e-06
1415966654	4.21e-06
1415966714	4.21e-06
1415966775	4.21e-06
1415966835	4.21e-06
1415966896	4.21e-06
1415966956	4.21e-06
1415967017	4.2e-06
1415967077	4.2e-06
1415967138	4.2e-06
1415967198	4.2e-06
1415967259	4.2e-06
1415967319	4.2e-06
1415967380	4.19e-06
1415967440	4.19e-06
1415967501	4.19e-06
1415967561	4.19e-06
1415967621	4.18e-06
1415967682	4.18e-06
1415967742	4.18e-06
1415967803	4.18e-06
1415967863	4.18e-06
1415967924	4.18e-06
1415967984	4.17e-06
1415968045	4.17e-06
1415968105	4.17e-06
1415968166	4.17e-06
1415968226	4.17e-06
1415968286	4.17e-06
1415968347	4.17e-06
1415968407	4.16e-06
1415968468	4.16e-06
1415968528	4.16e-06
1415968589	4.16e-06
1415968649	4.16e-06
1415968710	4.15e-06
1415968770	4.15e-06
1415968831	4.15e-06
1415968891	4.15e-06
1415968952	4.15e-06
1415969012	4.15e-06
1415969073	4.14e-06
1415969133	4.14e-06
1415969194	4.14e-06
1415969254	4.14e-06
1415969315	4.14e-06
1415969375	4.13e-06
1415969436	4.13e-06
1415969496	4.13e-06
1415969557	4.13e-06
1415969617	4.13e-06
1415969678	4.13e-06
1415969738	4.12e-06
1415969798	4.12e-06
1415969859	4.12e-06
1415969919	4.12e-06
1415969980	4.12e-06
1415970040	4.12e-06
1415970101	4.11e-06
1415970161	4.11e-06
1415970222	4.11e-06
1415970282	4.11e-06
1415970343	4.11e-06
1415970403	4.11e-06
1415970464	4.1e-06
1415970524	4.1e-06
1415970585	4.1e-06
1415970645	4.1e-06
1415970706	4.1e-06
1415970766	4.1e-06
1415970827	4.09e-06
1415970887	4.09e-06
1415970948	4.09e-06
1415971008	4.09e-06
1415971069	4.09e-06
1415971129	4.09e-06
1415971190	4.08e-06
1415971250	4.08e-06
1415971311	4.08e-06
1415971371	4.08e-06
1415971432	4.08e-06
1415971492	4.08e-06
1415971553	4.07e-06
1415971613	4.07e-06
1415971674	4.07e-06
1415971734	4.07e-06
1415971794	4.07e-06
1415971855	4.07e-06
1415971915	4.06e-06
1415971976	4.06e-06
1415972036	4.06e-06
1415972097	4.06e-06
1415972157	4.06e-06
1415972218	4.06e-06
1415972278	4.05e-06
1415972339	4.05e-06
1415972399	4.05e-06
1415972460	4.05e-06
1415972520	4.05e-06
1415972581	4.05e-06
1415972641	4.05e-06
1415972702	4.04e-06
1415972762	4.04e-06
1415972823	4.04e-06
1415972883	4.04e-06
1415972943	4.04e-06
1415973004	4.04e-06
1415973064	4.03e-06
1415973125	4.03e-06
1415973185	4.03e-06
1415973246	4.03e-06
1415973306	4.03e-06
1415973367	4.03e-06
1415973427	4.03e-06
1415973488	4.02e-06
1415973548	4.02e-06
1415973609	4.02e-06
1415973669	4.02e-06
1415973730	4.02e-06
1415973790	4.02e-06
1415973851	4.01e-06
1415973911	4.01e-06
1415973972	4.01e-06
1415974032	4.01e-06
1415974093	4.01e-06
1415974153	4.01e-06
1415974213	4e-06
1415974274	4e-06
1415974334	4e-06
1415974395	4e-06
1415974455	4e-06
1415974516	4e-06
1415974576	4e-06
1415974637	3.99e-06
1415974697	3.99e-06
1415974758	3.99e-06
1415974818	3.99e-06
1415974879	3.99e-06
1415974940	3.99e-06
1415975000	3.98e-06
1415975061	3.98e-06
1415975121	3.98e-06
1415975182	3.98e-06
1415975242	3.98e-06
1415975303	3.97e-06
1415975363	3.97e-06
1415975424	3.97e-06
1415975484	3.97e-06
1415975545	3.97e-06
1415975605	3.97e-06
1415975666	3.97e-06
1415975726	3.96e-06
1415975787	3.96e-06
1415975847	3.97e-06
1415975908	6.14e-05
1415975968	6.79e-05
1415976029	6.9e-05
1415976089	6.92e-05
1415976149	6.94e-05
1415976210	6.95e-05
1415976270	6.95e-05
1415976331	6.96e-05
1415976391	6.96e-05
1415976452	6.97e-05
1415976512	6.97e-05
1415976573	6.97e-05
1415976633	6.97e-05
1415976694	6.98e-05
1415976754	6.98e-05
1415976815	6.98e-05
1415976875	6.98e-05
1415976936	6.98e-05
1415976996	6.98e-05
1415977057	6.98e-05
1415978007	0.0
1415978068	4.12e-06
1415978128	4.01e-06
1415978189	3.97e-06
1415978249	3.96e-06
1415978310	3.95e-06
1415978370	3.95e-06
1415978430	3.95e-06
1415978491	3.95e-06
1415978551	3.95e-06
1415978612	3.95e-06
1415978672	3.95e-06
1415978733	3.95e-06
1415978793	3.95e-06
1415978854	3.95e-06
1415978914	3.94e-06
1415978975	3.94e-06
1415979035	3.94e-06
1415979096	3.94e-06
1415979156	3.94e-06
1415979217	3.94e-06
1415979277	3.94e-06
1415979338	3.94e-06
1415979398	3.94e-06
1415979459	3.93e-06
1415979519	3.93e-06
1415979579	3.93e-06
1415979640	3.93e-06
1415979700	3.93e-06
1415979761	3.93e-06
1415979821	3.93e-06
1415979882	3.92e-06
1415979942	3.92e-06
1415980003	3.92e-06
1415980063	3.92e-06
1415980124	3.92e-06
1415980184	3.92e-06
1415980244	3.91e-06
1415980305	3.91e-06
1415980365	3.91e-06
1415980426	3.91e-06
1415980486	3.91e-06
1415980547	3.91e-06
1415980607	3.9e-06
1415980668	3.9e-06
1415980728	3.9e-06
1415980789	3.9e-06
1415980849	3.9e-06
1415980910	3.9e-06
1415980970	3.89e-06
1415981031	3.89e-06
1415981091	3.89e-06
1415981152	3.89e-06
1415981212	3.89e-06
1415981273	3.89e-06
1415981333	3.88e-06
1415981394	3.88e-06
1415981454	3.88e-06
1415981514	3.88e-06
1415981575	3.88e-06
1415981635	3.88e-06
1415981696	3.87e-06
1415981756	3.87e-06
1415981817	3.87e-06
1415981877	3.87e-06
1415981938	3.87e-06
1415981998	3.86e-06
1415982059	3.86e-06
1415982119	3.86e-06
1415982180	3.86e-06
1415982240	3.86e-06
1415982301	3.86e-06
1415982361	3.86e-06
1415982422	3.85e-06
1415982482	3.85e-06
1415982543	3.85e-06
1415982603	3.85e-06
1415982664	3.85e-06
1415982724	3.84e-06
1415982785	3.84e-06
1415982845	3.84e-06
1415982905	3.84e-06
1415982966	3.84e-06
1415983026	3.84e-06
1415983087	3.83e-06
1415983148	3.83e-06
1415983208	3.83e-06
1415983269	3.83e-06
1415983329	3.83e-06
1415983390	3.83e-06
1415983450	3.82e-06
1415983511	3.82e-06
1415983571	3.82e-06
1415983632	3.82e-06
1415983692	3.82e-06
1415983752	3.81e-06
1415983813	3.81e-06
1415983873	3.81e-06
1415983934	3.81e-06
1415983994	3.81e-06
1415984055	3.81e-06
1415984115	3.8e-06
1415984176	3.8e-06
1415984236	3.8e-06
1415984297	3.8e-06
1415984357	3.8e-06
1415984418	3.8e-06
1415984478	3.79e-06
1415984539	3.79e-06
1415984599	3.79e-06
1415984660	3.79e-06
1415984720	3.79e-06
1415984781	3.79e-06
1415984841	3.79e-06
1415984902	3.78e-06
1415984962	3.78e-06
1415985023	3.78e-06
1415985083	3.78e-06
1415985144	3.78e-06
1415985204	3.78e-06
1415985264	3.77e-06
1415985325	3.77e-06
1415985385	3.77e-06
1415985446	3.77e-06
1415985507	3.77e-06
1415985567	3.77e-06
1415985627	3.77e-06
1415985688	3.76e-06
1415985748	3.76e-06
1415985809	3.76e-06
1415985869	3.76e-06
1415985930	3.76e-06
1415985990	3.76e-06
1415986051	3.75e-06
1415986111	3.75e-06
1415986172	3.75e-06
1415986232	3.75e-06
1415986293	3.75e-06
1415986353	3.75e-06
1415986414	3.74e-06
1415986474	3.74e-06
1415986535	3.74e-06
1415986595	3.74e-06
1415986655	3.74e-06
1415986716	3.74e-06
1415986776	3.73e-06
1415986837	3.73e-06
1415986897	3.73e-06
1415986958	3.73e-06
1415987018	3.73e-06
1415987079	3.73e-06
1415987139	3.72e-06
1415987200	3.72e-06
1415987260	3.72e-06
1415987321	3.72e-06
1415987381	3.72e-06
1415987442	3.72e-06
1415987502	3.72e-06
1415987563	3.72e-06
1415987623	3.71e-06
1415987684	3.71e-06
1415987744	3.71e-06
1415987805	3.71e-06
1415987865	3.71e-06
1415987926	3.71e-06
1415987986	3.7e-06
1415988047	3.7e-06
1415988107	3.7e-06
1415988168	3.7e-06
1415988228	3.7e-06
1415988289	3.7e-06
1415988349	3.69e-06
1415988410	3.69e-06
1415988470	3.69e-06
1415988531	3.69e-06
1415988591	3.69e-06
1415988651	3.69e-06
1415988712	3.69e-06
1415988772	3.68e-06
1415988833	3.68e-06
1415988893	3.68e-06
1415988954	3.68e-06
1415989014	3.68e-06
1415989075	3.68e-06
1415989135	3.68e-06
1415989196	3.67e-06
1415989256	3.67e-06
1415989317	3.67e-06
1415989377	3.67e-06
1415989438	3.67e-06
1415989498	3.67e-06
1415989558	3.67e-06
1415989619	3.67e-06
1415989679	3.66e-06
1415989740	3.66e-06
1415989800	3.66e-06
1415989861	3.66e-06
1415989921	3.66e-06
1415989982	3.66e-06
1415990042	3.65e-06
1415990103	3.65e-06
1415990163	3.65e-06
1415990224	3.65e-06
1415990284	3.65e-06
1415990345	3.65e-06
1415990405	3.65e-06
1415990466	3.65e-06
1415990526	3.64e-06
1415990587	3.64e-06
1415990647	3.64e-06
1415990708	3.64e-06
1415990768	3.64e-06
1415990829	3.64e-06
1415990889	3.64e-06
1415990950	3.63e-06
1415991010	3.63e-06
1415991071	3.63e-06
1415991131	3.63e-06
1415991192	3.63e-06
1415991252	3.63e-06
1415991313	3.62e-06
1415991373	3.62e-06
1415991434	3.62e-06
1415991494	3.62e-06
1415991555	3.62e-06
1415991615	3.62e-06
1415991676	3.62e-06
1415991736	3.62e-06
1415991797	3.61e-06
1415991857	3.61e-06
1415991918	3.61e-06
1415991978	3.61e-06
1415992039	3.61e-06
1415992099	3.61e-06
1415992159	3.61e-06
1415992220	3.61e-06
1415992280	3.6e-06
1415992341	3.6e-06
1415992401	3.6e-06
1415992462	3.6e-06
1415992522	3.6e-06
1415992583	3.6e-06
1415992643	3.59e-06
1415992704	3.59e-06
1415992764	3.59e-06
1415992825	3.59e-06
1415992885	3.59e-06
1415992946	3.59e-06
1415993006	3.59e-06
1415993067	3.59e-06
1415993127	3.59e-06
1415993188	3.58e-06
1415993248	3.58e-06
1415993309	3.58e-06
1415993369	3.58e-06
1415993430	3.58e-06
1415993490	3.58e-06
1415993550	3.57e-06
1415993611	3.57e-06
1415993671	3.57e-06
1415993732	3.57e-06
1415993792	3.57e-06
1415993853	3.57e-06
1415993913	3.57e-06
1415993974	3.56e-06
1415994034	3.56e-06
1415994095	3.56e-06
1415994155	3.56e-06
1415994216	3.56e-06
1415994276	3.56e-06
1415994336	3.56e-06
1415994397	3.56e-06
1415994457	3.55e-06
1415994518	3.55e-06
1415994578	3.55e-06
1415994639	3.55e-06
1415994699	3.55e-06
1415994760	3.55e-06
1415994820	3.55e-06
1415994881	3.55e-06
1415994941	3.55e-06
1415995002	3.54e-06
1415995062	3.54e-06
1415995123	3.54e-06
1415995183	3.54e-06
1415995243	3.54e-06
1415995304	3.54e-06
1415995364	3.54e-06
1415995425	3.53e-06
1415995485	3.53e-06
1415995546	3.53e-06
1415995606	3.53e-06
1415995667	3.53e-06
1415995727	3.53e-06
1415995788	3.53e-06
1415995848	3.53e-06
1415995909	3.52e-06
1415995969	3.52e-06
1415996030	3.52e-06
1415996090	3.52e-06
1415996151	3.52e-06
1415996211	3.52e-06
1415996272	3.52e-06
1415996332	3.52e-06
1415996393	3.51e-06
1415996453	3.51e-06
1415996514	3.51e-06
1415996574	3.51e-06
1415996635	3.51e-06
1415996695	3.51e-06
1415996756	3.51e-06
1415996816	3.51e-06
1415996877	3.5e-06
1415996937	3.5e-06
1415996998	3.5e-06
1415997058	3.5e-06
1415997119	3.5e-06
1415997179	3.5e-06
1415997240	3.5e-06
1415997300	3.5e-06
1415997361	3.5e-06
1415997421	3.49e-06
1415997482	3.49e-06
1415997542	3.49e-06
1415997603	3.49e-06
1415997663	3.49e-06
1415997723	3.49e-06
1415997784	3.49e-06
1415997845	3.49e-06
1415997905	3.49e-06
1415997966	3.48e-06
1415998026	3.48e-06
1415998087	3.48e-06
1415998147	3.48e-06
1415998208	3.48e-06
1415998268	3.48e-06
1415998328	3.48e-06
1415998389	3.47e-06
1415998449	3.47e-06
1415998510	3.47e-06
1415998571	3.47e-06
1415998631	3.47e-06
1415998691	3.47e-06
1415998752	3.47e-06
1415998813	3.47e-06
1415998873	3.46e-06
1415998933	3.46e-06
1415998994	3.46e-06
1415999055	3.46e-06
1415999115	3.46e-06
1415999175	3.46e-06
1415999236	3.46e-06
1415999297	3.46e-06
1415999357	3.45e-06
1415999418	3.45e-06
1415999478	3.45e-06
1415999539	3.45e-06
1415999599	3.45e-06
1415999660	3.45e-06
1415999720	3.45e-06
1415999781	3.45e-06
1415999841	3.45e-06
1415999902	3.44e-06
1415999962	3.44e-06
1416000023	3.44e-06
1416000083	3.44e-06
1416000144	3.44e-06
1416000204	3.44e-06
1416000264	3.44e-06
1416000325	3.44e-06
1416000385	3.43e-06
1416000446	3.43e-06
1416000506	3.43e-06
1416000567	3.43e-06
1416000627	3.43e-06
1416000688	3.43e-06
1416000748	3.43e-06
1416000809	3.43e-06
1416000869	3.42e-06
1416000930	3.42e-06
1416000990	3.42e-06
1416001051	3.42e-06
1416001111	3.42e-06
1416001171	3.42e-06
1416001232	3.42e-06
1416001292	3.42e-06
1416001353	3.41e-06
1416001413	3.41e-06
1416001474	3.41e-06
1416001534	3.41e-06
1416001595	3.41e-06
1416001655	3.41e-06
1416001716	3.41e-06
1416001776	3.41e-06
1416001837	3.4e-06
1416001897	3.81e-05
1416001958	5.79e-05
1416002018	5.99e-05
1416002079	6.04e-05
1416002139	6.05e-05
1416002200	6.06e-05
1416002260	6.07e-05
1416002321	6.08e-05
1416002381	6.08e-05
1416002442	6.08e-05
1416002502	6.09e-05
1416002563	6.09e-05
1416003522	0.0
1416003582	3.52e-06
1416003643	3.44e-06
1416003703	3.42e-06
1416003764	3.41e-06
1416003824	3.41e-06
1416003885	3.41e-06
1416003945	3.41e-06
1416004006	3.41e-06
1416004066	3.41e-06
1416004127	3.41e-06
1416004187	3.41e-06
1416004248	3.41e-06
1416004308	3.41e-06
1416004369	3.41e-06
1416004429	3.41e-06
1416004489	3.41e-06
1416004550	3.41e-06
1416004610	3.41e-06
1416004671	3.41e-06
1416004731	3.41e-06
1416004792	3.4e-06
1416004852	3.4e-06
1416004913	3.4e-06
1416004973	3.4e-06
1416005034	3.4e-06
1416005094	3.4e-06
1416005155	3.4e-06
1416005215	3.4e-06
1416005276	3.39e-06
1416005336	3.39e-06
1416005397	3.39e-06
1416005457	3.39e-06
1416005518	3.39e-06
1416005578	3.39e-06
1416005639	3.38e-06
1416005699	3.38e-06
1416005760	3.38e-06
1416005820	3.38e-06
1416005880	3.38e-06
1416005941	3.37e-06
1416006001	3.37e-06
1416006062	3.37e-06
1416006123	3.37e-06
1416006183	3.37e-06
1416006243	3.37e-06
1416006304	3.37e-06
1416006364	3.36e-06
1416006425	3.36e-06
1416006485	3.36e-06
1416006546	3.36e-06
1416006606	3.36e-06
1416006667	3.36e-06
1416006727	3.35e-06
1416006788	3.35e-06
1416006848	3.35e-06
1416006909	3.35e-06
1416006969	3.35e-06
1416007030	3.35e-06
1416007090	3.34e-06
1416007151	3.34e-06
1416007211	3.34e-06
1416007272	3.34e-06
1416007332	3.34e-06
1416007393	3.34e-06
1416007453	3.33e-06
1416007514	3.33e-06
1416007574	3.33e-06
1416007635	3.33e-06
1416007695	3.33e-06
1416007756	3.33e-06
1416007817	3.32e-06
1416007877	3.32e-06
1416007938	3.32e-06
1416007998	3.32e-06
1416008059	3.32e-06
1416008119	3.32e-06
1416008179	3.31e-06
1416008240	3.31e-06
1416008300	3.31e-06
1416008361	3.31e-06
1416008421	3.31e-06
1416008482	3.31e-06
1416008542	3.31e-06
1416008603	3.3e-06
1416008663	3.3e-06
1416008724	3.3e-06
1416008784	3.3e-06
1416008845	3.3e-06
1416008905	3.3e-06
1416008965	3.3e-06
1416009026	3.29e-06
1416009086	3.29e-06
1416009147	3.29e-06
1416009207	3.29e-06
1416009268	3.29e-06
1416009328	3.29e-06
1416009389	3.28e-06
1416009449	3.28e-06
1416009510	3.28e-06
1416009570	3.28e-06
1416009630	3.28e-06
1416009691	3.28e-06
1416009751	3.28e-06
1416009812	3.27e-06
1416009872	3.27e-06
1416009933	3.27e-06
1416009993	3.27e-06
1416010054	3.27e-06
1416010114	3.27e-06
1416010175	3.26e-06
1416010235	3.26e-06
1416010296	3.26e-06
1416010356	3.26e-06
1416010416	3.26e-06
1416010477	3.26e-06
1416010537	3.26e-06
1416010598	3.25e-06
1416010658	3.25e-06
1416010719	3.25e-06
1416010779	3.25e-06
1416010840	3.25e-06
1416010900	3.25e-06
1416010961	3.25e-06
1416011021	3.25e-06
1416011081	3.24e-06
1416011142	3.24e-06
1416011202	3.24e-06
1416011263	3.24e-06
1416011323	3.24e-06
1416011384	3.24e-06
1416011444	3.23e-06
1416011505	3.23e-06
1416011565	3.23e-06
1416011626	3.23e-06
1416011686	3.23e-06
1416011747	3.23e-06
1416011807	3.23e-06
1416011868	3.23e-06
1416011928	3.22e-06
1416011989	3.22e-06
1416012049	3.22e-06
1416012110	3.22e-06
1416012170	3.22e-06
1416012231	3.22e-06
1416012291	3.22e-06
1416012352	3.21e-06
1416012412	3.21e-06
1416012473	3.21e-06
1416012533	3.21e-06
1416012594	3.21e-06
1416012654	3.21e-06
1416012714	3.21e-06
1416012775	3.2e-06
1416012835	3.2e-06
1416012896	3.2e-06
1416012957	3.2e-06
1416013017	3.2e-06
1416013078	3.2e-06
1416013138	3.2e-06
1416013199	3.19e-06
1416013259	3.19e-06
1416013320	3.19e-06
1416013380	3.19e-06
1416013441	3.19e-06
1416013501	3.19e-06
1416013562	3.19e-06
1416013622	3.19e-06
1416013683	3.18e-06
1416013743	3.18e-06
1416013804	3.18e-06
1416013864	3.18e-06
1416013925	3.18e-06
1416013985	3.18e-06
1416014046	3.18e-06
1416014106	3.18e-06
1416014167	3.17e-06
1416014227	3.17e-06
1416014288	3.17e-06
1416014348	3.17e-06
1416014409	3.17e-06
1416014469	3.17e-06
1416014530	3.17e-06
1416014590	3.16e-06
1416014650	3.16e-06
1416014711	3.16e-06
1416014772	3.16e-06
1416014832	3.16e-06
1416014893	3.16e-06
1416014953	3.16e-06
1416015014	3.16e-06
1416015074	3.16e-06
1416015134	3.15e-06
1416015195	3.15e-06
1416015255	3.15e-06
1416015316	3.15e-06
1416015376	3.15e-06
1416015437	3.15e-06
1416015497	3.15e-06
1416015558	3.14e-06
1416015618	3.14e-06
1416015679	3.14e-06
1416015739	3.14e-06
1416015800	3.14e-06
1416015860	3.14e-06
1416015921	3.14e-06
1416015981	3.14e-06
1416016042	3.13e-06
1416016102	3.13e-06
1416016163	3.13e-06
1416016223	3.13e-06
1416016284	3.13e-06
1416016344	3.13e-06
1416016405	3.13e-06
1416016465	3.13e-06
1416016526	3.12e-06
1416016586	3.12e-06
1416016647	3.12e-06
1416016707	3.12e-06
1416016768	3.12e-06
1416016828	3.12e-06
1416016889	3.12e-06
1416016949	3.12e-06
1416017010	3.12e-06
1416017070	3.11e-06
1416017131	3.11e-06
1416017191	3.11e-06
1416017252	3.11e-06
1416017312	3.11e-06
1416017372	3.11e-06
1416017433	3.11e-06
1416017493	3.11e-06
1416017554	3.1e-06
1416017614	3.1e-06
1416017675	3.1e-06
1416017735	3.1e-06
1416017796	3.1e-06
1416017856	3.1e-06
1416017917	3.1e-06
1416017977	3.1e-06
1416018038	3.1e-06
1416018098	3.1e-06
1416018159	3.09e-06
1416018219	3.09e-06
1416018280	3.09e-06
1416018340	3.09e-06
1416018401	3.09e-06
1416018461	3.09e-06
1416018522	3.09e-06
1416018582	3.09e-06
1416018643	3.08e-06
1416018703	3.08e-06
1416018764	3.08e-06
1416018824	3.08e-06
1416018885	3.08e-06
1416018945	3.08e-06
1416019006	3.08e-06
1416019066	3.08e-06
1416019127	3.08e-06
1416019187	3.07e-06
1416019248	3.07e-06
1416019308	3.07e-06
1416019368	3.07e-06
1416019429	3.07e-06
1416019489	3.07e-06
1416019550	3.07e-06
1416019610	3.07e-06
1416019671	3.07e-06
1416019732	3.07e-06
1416019792	3.06e-06
1416019853	3.06e-06
1416019913	3.06e-06
1416019973	3.06e-06
1416020034	3.06e-06
1416020094	3.06e-06
1416020155	3.06e-06
1416020215	3.06e-06
1416020276	3.06e-06
1416020336	3.06e-06
1416020397	3.05e-06
1416020457	3.05e-06
1416020518	3.05e-06
1416020578	3.05e-06
1416020639	3.05e-06
1416020699	3.05e-06
1416020760	3.05e-06
1416020820	3.05e-06
1416020881	3.05e-06
1416020941	3.05e-06
1416021002	3.05e-06
1416021062	3.04e-06
1416021123	3.04e-06
1416021183	3.04e-06
1416021243	3.04e-06
1416021304	3.04e-06
1416021364	3.04e-06
1416021425	3.04e-06
1416021485	3.04e-06
1416021546	3.04e-06
1416021606	3.03e-06
1416021667	3.03e-06
1416021727	3.03e-06
1416021788	3.03e-06
1416021848	3.03e-06
1416021908	3.03e-06
1416021969	3.03e-06
1416022029	3.03e-06
1416022090	3.03e-06
1416022150	3.03e-06
1416022211	3.03e-06
1416022271	3.02e-06
1416022332	3.02e-06
1416022392	3.02e-06
1416022453	3.02e-06
1416022513	3.02e-06
1416022574	3.02e-06
1416022634	3.02e-06
1416022694	3.02e-06
1416022755	3.02e-06
1416022816	3.02e-06
1416022876	3.02e-06
1416022937	3.02e-06
1416022997	3.01e-06
1416023058	3.01e-06
1416023118	3.01e-06
1416023179	3.01e-06
1416023239	3.01e-06
1416023300	3.01e-06
1416023360	3.01e-06
1416023421	3.01e-06
1416023481	3.01e-06
1416023541	3.01e-06
1416023602	3.01e-06
1416023662	3e-06
1416023723	3e-06
1416023783	3e-06
1416023844	3e-06
1416023904	3e-06
1416023965	3e-06
1416024025	3e-06
1416024086	3e-06
1416024146	3e-06
1416024207	3e-06
1416024267	3e-06
1416024328	3e-06
1416024388	3e-06
1416024449	2.99e-06
1416024509	2.99e-06
1416024570	2.99e-06
1416024630	2.99e-06
1416024691	2.99e-06
1416024751	2.99e-06
1416024812	2.99e-06
1416024872	2.99e-06
1416024933	2.99e-06
1416024993	2.99e-06
1416025054	2.99e-06
1416025114	2.99e-06
1416025174	2.98e-06
1416025235	2.98e-06
1416025296	2.98e-06
1416025356	2.98e-06
1416025417	2.98e-06
1416025477	2.98e-06
1416025538	2.98e-06
1416025598	2.98e-06
1416025659	2.98e-06
1416025719	2.98e-06
1416025780	2.98e-06
1416025840	2.98e-06
1416025900	2.98e-06
1416025961	2.97e-06
1416026021	2.97e-06
1416026082	2.97e-06
1416026142	2.97e-06
1416026203	2.97e-06
1416026264	2.97e-06
1416026324	2.97e-06
1416026384	2.97e-06
1416026445	2.97e-06
1416026505	2.97e-06
1416026566	2.97e-06
1416026626	2.97e-06
1416026687	2.96e-06
1416026747	2.96e-06
1416026808	2.96e-06
1416026868	2.96e-06
1416026929	2.96e-06
1416026989	2.96e-06
1416027050	2.96e-06
1416027110	2.96e-06
1416027171	2.96e-06
1416027231	2.96e-06
1416027292	2.96e-06
1416027352	2.96e-06
1416027413	2.96e-06
1416027473	2.96e-06
1416027534	2.95e-06
1416027594	2.95e-06
1416027655	2.95e-06
1416027715	2.95e-06
1416027776	2.95e-06
1416027836	2.95e-06
1416027897	2.95e-06
1416027957	2.95e-06
1416028017	2.95e-06
1416028078	2.95e-06
1416028138	2.95e-06
1416028199	2.95e-06
1416028260	2.95e-06
1416028320	2.94e-06
1416028381	2.94e-06
1416028441	2.94e-06
1416028502	2.94e-06
1416028562	2.94e-06
1416028623	2.94e-06
1416028683	2.94e-06
1416028744	2.94e-06
1416028804	2.94e-06
1416028865	2.94e-06
1416028925	2.94e-06
1416028986	2.93e-06
1416029046	2.93e-06
1416029106	2.93e-06
1416029167	2.93e-06
1416029227	2.93e-06
1416029288	2.93e-06
1416029348	2.93e-06
1416029409	2.93e-06
1416029470	2.93e-06
1416029530	2.93e-06
1416029591	2.93e-06
1416029651	2.93e-06
1416029712	2.93e-06
1416029772	2.92e-06
1416029833	2.92e-06
1416029893	2.92e-06
1416029954	2.92e-06
1416030014	2.92e-06
1416030075	2.92e-06
1416030135	2.92e-06
1416030196	2.92e-06
1416030256	2.92e-06
1416030317	2.92e-06
1416030377	2.92e-06
1416030437	2.91e-06
1416030498	2.91e-06
1416030558	2.91e-06
1416030619	2.91e-06
1416030679	2.91e-06
1416030740	2.91e-06
1416030800	2.91e-06
1416030861	2.91e-06
1416030921	2.91e-06
1416030982	2.91e-06
1416031042	2.91e-06
1416031103	2.91e-06
1416031163	2.91e-06
1416031224	2.9e-06
1416031284	2.9e-06
1416031345	2.9e-06
1416031405	2.9e-06
1416031466	2.9e-06
1416031526	2.9e-06
1416031587	2.9e-06
1416031647	2.9e-06
1416031708	2.9e-06
1416031768	2.9e-06
1416031829	2.9e-06
1416031889	2.9e-06
1416031950	2.9e-06
1416032010	2.9e-06
1416032071	2.89e-06
1416032131	2.89e-06
1416032192	2.89e-06
1416032252	2.89e-06
1416032313	2.89e-06
1416032373	2.89e-06
1416032434	2.89e-06
1416032494	2.89e-06
1416032554	2.89e-06
1416032615	2.89e-06
1416032675	2.89e-06
1416032736	2.88e-06
1416032796	2.88e-06
1416032857	2.88e-06
1416032917	2.88e-06
1416032978	2.88e-06
1416033039	2.88e-06
1416033099	2.88e-06
1416033159	2.88e-06
1416033220	2.88e-06
1416033280	2.88e-06
1416033341	2.88e-06
1416033401	2.88e-06
1416033462	2.88e-06
1416033522	2.87e-06
1416033583	2.87e-06
1416033643	2.87e-06
1416033704	2.87e-06
1416033764	2.87e-06
1416033825	2.87e-06
1416033885	2.87e-06
1416033946	2.87e-06
1416034006	2.87e-06
1416034067	2.87e-06
1416034127	2.87e-06
1416034188	2.87e-06
1416034248	2.86e-06
1416034309	2.86e-06
1416034369	2.86e-06
1416034429	2.86e-06
1416034490	2.86e-06
1416034550	2.86e-06
1416034611	2.86e-06
1416034671	2.86e-06
1416034732	2.86e-06
1416034792	2.86e-06
1416034853	2.86e-06
1416034913	2.86e-06
1416034974	2.85e-06
1416035034	2.85e-06
1416035095	2.85e-06
1416035155	2.85e-06
1416035216	2.85e-06
1416035276	2.85e-06
1416035337	2.85e-06
1416035397	2.85e-06
1416035458	2.85e-06
1416035518	2.85e-06
1416035579	2.85e-06
1416035639	2.85e-06
1416035700	2.85e-06
1416035760	2.84e-06
1416035821	2.84e-06
1416035881	2.84e-06
1416035942	2.84e-06
1416036002	2.84e-06
1416036063	2.84e-06
1416036123	2.84e-06
1416036184	2.84e-06
1416036244	2.84e-06
1416036304	2.84e-06
1416036365	2.84e-06
1416036425	2.84e-06
1416036486	2.83e-06
1416036546	2.83e-06
1416036607	2.83e-06
1416036667	2.83e-06
1416036728	2.83e-06
1416036788	2.83e-06
1416036849	2.83e-06
1416036909	2.83e-06
1416036970	2.83e-06
1416037030	2.83e-06
1416037091	2.83e-06
1416037151	2.83e-06
1416037212	2.82e-06
1416037272	2.82e-06
1416037333	2.82e-06
1416037393	2.82e-06
1416037454	2.82e-06
1416037514	2.82e-06
1416037575	2.82e-06
1416037635	2.82e-06
1416037696	2.82e-06
1416037756	2.82e-06
1416037817	2.82e-06
1416037877	2.82e-06
1416037938	2.82e-06
1416037998	2.81e-06
1416038059	2.81e-06
1416038119	2.81e-06
1416038180	2.81e-06
1416038240	2.81e-06
1416038300	2.81e-06
1416038361	2.81e-06
1416038421	2.81e-06
1416038482	2.81e-06
1416038542	2.81e-06
1416038603	2.81e-06
1416038663	2.8e-06
1416038724	2.8e-06
1416038784	2.8e-06
1416038844	2.8e-06
1416038905	2.8e-06
1416038966	2.8e-06
1416039026	2.8e-06
1416039087	2.8e-06
1416039147	2.8e-06
1416039208	2.8e-06
1416039268	2.8e-06
1416039329	2.8e-06
1416039389	2.79e-06
1416039450	2.79e-06
1416039510	2.79e-06
1416039570	2.79e-06
1416039631	2.79e-06
1416039691	2.79e-06
1416039752	2.79e-06
1416039812	2.79e-06
1416039873	2.79e-06
1416039933	2.79e-06
1416039994	2.79e-06
1416040054	2.79e-06
1416040115	2.78e-06
1416040175	2.78e-06
1416040236	2.78e-06
1416040296	2.78e-06
1416040357	2.78e-06
1416040417	2.78e-06
1416040478	2.78e-06
1416040538	2.78e-06
1416040599	2.78e-06
1416040659	2.78e-06
1416040720	2.78e-06
1416040780	2.78e-06
1416040841	2.78e-06
1416040901	2.77e-06
1416040962	2.77e-06
1416041022	2.77e-06
1416041083	2.77e-06
1416041143	2.77e-06
1416041204	2.77e-06
1416041264	2.77e-06
1416041325	2.77e-06
1416041385	2.77e-06
1416041446	2.77e-06
1416041506	2.77e-06
1416041567	2.76e-06
1416041627	2.76e-06
1416041688	2.76e-06
1416041748	2.76e-06
1416041809	2.76e-06
1416041869	2.76e-06
1416041930	2.76e-06
1416041990	2.76e-06
1416042051	2.76e-06
1416042111	2.76e-06
1416042172	2.76e-06
1416042232	2.76e-06
1416042293	2.76e-06
1416042353	2.75e-06
1416042413	2.75e-06
1416042474	2.75e-06
1416042534	2.75e-06
1416042595	2.75e-06
1416042655	2.75e-06
1416042716	2.75e-06
1416042776	2.75e-06
1416042837	2.75e-06
1416042897	2.75e-06
1416042958	2.75e-06
1416043018	2.75e-06
1416043079	2.74e-06
1416043139	2.74e-06
1416043200	2.74e-06
1416043260	2.74e-06
1416043320	2.74e-06
1416043381	2.74e-06
1416043441	2.74e-06
1416043502	2.74e-06
1416043562	2.74e-06
1416043623	2.74e-06
1416043683	2.74e-06
1416043744	2.74e-06
1416043804	2.73e-06
1416043865	2.73e-06
1416043925	2.73e-06
1416043986	2.73e-06
1416044046	2.73e-06
1416044107	2.73e-06
1416044167	2.73e-06
1416044228	2.73e-06
1416044288	2.73e-06
1416044349	2.73e-06
1416044409	2.73e-06
1416044470	2.72e-06
1416044530	2.72e-06
1416044591	2.72e-06
1416044651	2.72e-06
1416044711	2.72e-06
1416044772	2.72e-06
1416044833	2.72e-06
1416044893	2.72e-06
1416044954	2.72e-06
1416045014	2.72e-06
1416045075	2.72e-06
1416045135	2.72e-06
1416045196	2.72e-06
1416045256	2.71e-06
1416045316	2.71e-06
1416045377	2.71e-06
1416045437	2.71e-06
1416045498	2.71e-06
1416045558	2.71e-06
1416045619	2.71e-06
1416045679	2.71e-06
1416045740	2.71e-06
1416045800	2.71e-06
1416045861	2.71e-06
1416045921	2.7e-06
1416045982	2.7e-06
1416046042	2.7e-06
1416046103	2.7e-06
1416046163	2.7e-06
1416046224	2.7e-06
1416046284	2.7e-06
1416046345	2.7e-06
1416046405	2.7e-06
1416046466	2.7e-06
1416046526	2.7e-06
1416046587	2.7e-06
1416046648	2.7e-06
1416046708	2.69e-06
1416046768	2.69e-06
1416046829	2.69e-06
1416046890	2.69e-06
1416046950	2.69e-06
1416047011	2.69e-06
1416047071	2.69e-06
1416047132	2.69e-06
1416047192	2.69e-06
1416047253	2.69e-06
1416047313	2.68e-06
1416047374	2.68e-06
1416047434	2.68e-06
1416047495	2.68e-06
1416047555	2.68e-06
1416047616	2.68e-06
1416047676	2.68e-06
1416047737	2.68e-06
1416047797	2.68e-06
1416047858	2.68e-06
1416047918	2.68e-06
1416047979	2.68e-06
1416048039	2.67e-06
1416048100	2.68e-06
1416048160	2.67e-06
1416048220	2.67e-06
1416048281	2.67e-06
1416048341	2.67e-06
1416048402	2.67e-06
1416048462	2.67e-06
1416048523	2.67e-06
1416048583	2.67e-06
1416048644	2.67e-06
1416048704	2.67e-06
1416048765	2.67e-06
1416048825	2.66e-06
1416048886	2.66e-06
1416048947	2.66e-06
1416049007	2.66e-06
1416049067	2.66e-06
1416049128	2.66e-06
1416049188	2.66e-06
1416049249	2.66e-06
1416049309	2.66e-06
1416049370	2.66e-06
1416049430	2.66e-06
1416049491	2.65e-06
1416049551	2.65e-06
1416049612	2.65e-06
1416049672	2.65e-06
1416049733	2.65e-06
1416049793	2.65e-06
1416049854	2.65e-06
1416049914	2.65e-06
1416049975	2.65e-06
1416050036	2.65e-06
1416050096	2.65e-06
1416050157	2.65e-06
1416050217	2.65e-06
1416050278	2.64e-06
1416050338	2.64e-06
1416050398	2.64e-06
1416050459	2.64e-06
1416050519	2.64e-06
1416050580	2.64e-06
1416050640	2.64e-06
1416050701	2.64e-06
1416050761	2.64e-06
1416050822	2.64e-06
1416050882	2.64e-06
1416050943	2.64e-06
1416051003	2.63e-06
1416051064	2.63e-06
1416051124	2.63e-06
1416051185	2.63e-06
1416051245	2.63e-06
1416051306	2.63e-06
1416051366	2.63e-06
1416051427	2.63e-06
1416051487	2.63e-06
1416051548	2.63e-06
1416051608	2.63e-06
1416051669	2.63e-06
1416051729	2.62e-06
1416051790	2.62e-06
1416051850	2.62e-06
1416051911	2.62e-06
1416051971	2.62e-06
1416052032	2.62e-06
1416052092	2.62e-06
1416052153	2.62e-06
1416052213	2.62e-06
1416052274	2.62e-06
1416052334	2.62e-06
1416052395	2.62e-06
1416052455	2.61e-06
1416052515	2.61e-06
1416052576	2.61e-06
1416052636	2.61e-06
1416052697	2.61e-06
1416052757	2.61e-06
1416052818	2.61e-06
1416052878	2.61e-06
1416052939	2.61e-06
1416052999	2.61e-06
1416053060	2.61e-06
1416053120	2.61e-06
1416053181	2.6e-06
1416053241	2.6e-06
1416053302	2.6e-06
1416053362	2.6e-06
1416053422	2.6e-06
1416053483	2.6e-06
1416053543	2.6e-06
1416053604	2.6e-06
1416053664	2.6e-06
1416053725	2.6e-06
1416053786	2.6e-06
1416053846	2.6e-06
1416053907	2.59e-06
1416053967	2.59e-06
1416054028	2.59e-06
1416054088	2.59e-06
1416054149	2.59e-06
1416054209	2.59e-06
1416054270	2.59e-06
1416054330	2.59e-06
1416054390	2.59e-06
1416054451	2.59e-06
1416054511	2.59e-06
1416054572	2.59e-06
1416054633	2.58e-06
1416054693	2.58e-06
1416054754	2.58e-06
1416054814	2.58e-06
1416054874	2.58e-06
1416054935	2.58e-06
1416054996	2.58e-06
1416055056	2.58e-06
1416055117	2.58e-06
1416055177	2.58e-06
1416055238	2.58e-06
1416055298	2.58e-06
1416055359	2.58e-06
1416055419	2.58e-06
1416055480	2.57e-06
1416055540	2.57e-06
1416055601	2.57e-06
1416055661	2.57e-06
1416055721	2.57e-06
1416055782	2.57e-06
1416055842	2.57e-06
1416055903	2.57e-06
1416055963	2.57e-06
1416056024	2.57e-06
1416056084	2.57e-06
1416056145	2.57e-06
1416056205	2.56e-06
1416056266	2.56e-06
1416056326	2.56e-06
1416056387	2.56e-06
1416056447	2.56e-06
1416056508	2.56e-06
1416056568	2.56e-06
1416056629	2.56e-06
1416056689	2.56e-06
1416056750	2.56e-06
1416056810	2.56e-06
1416056870	2.56e-06
1416056931	2.56e-06
1416056991	2.56e-06
1416057052	2.55e-06
1416057113	2.55e-06
1416057173	2.55e-06
1416057234	2.55e-06
1416057294	2.55e-06
1416057354	2.55e-06
1416057415	2.55e-06
1416057475	2.55e-06
1416057536	2.55e-06
1416057596	2.55e-06
1416057657	2.55e-06
1416057717	2.55e-06
1416057778	2.54e-06
1416057839	2.54e-06
1416057899	2.54e-06
1416057960	2.54e-06
1416058020	2.54e-06
1416058081	2.54e-06
1416058141	2.54e-06
1416058202	2.54e-06
1416058262	2.54e-06
1416058323	2.54e-06
1416058383	2.54e-06
1416058444	2.54e-06
1416058504	2.54e-06
1416058564	2.53e-06
1416058625	2.53e-06
1416058685	2.53e-06
1416058746	2.53e-06
1416058806	2.53e-06
1416058867	2.53e-06
1416058927	2.53e-06
1416058988	2.53e-06
1416059048	2.53e-06
1416059109	2.53e-06
1416059169	2.53e-06
1416059230	2.53e-06
1416059290	2.53e-06
1416059351	2.52e-06
1416059411	2.52e-06
1416059472	2.52e-06
1416059532	2.52e-06
1416059593	2.52e-06
1416059653	2.52e-06
1416059714	2.52e-06
1416059774	2.52e-06
1416059835	2.52e-06
1416059895	2.52e-06
1416059956	2.52e-06
1416060016	2.52e-06
1416060077	2.52e-06
1416060137	2.52e-06
1416060198	2.51e-06
1416060258	2.51e-06
1416060319	2.51e-06
1416060379	2.51e-06
1416060440	2.51e-06
1416060500	2.51e-06
1416060561	2.51e-06
1416060621	2.51e-06
1416060682	2.51e-06
1416060742	2.51e-06
1416060803	2.51e-06
1416060863	2.51e-06
1416060924	2.51e-06
1416060984	2.5e-06
1416061045	2.5e-06
1416061105	2.5e-06
1416061166	2.5e-06
1416061226	2.5e-06
1416061287	2.5e-06
1416061347	2.5e-06
1416061408	2.5e-06
1416061468	2.5e-06
1416061528	2.5e-06
1416061589	2.5e-06
1416061649	2.5e-06
1416061710	2.5e-06
1416061770	2.5e-06
1416061831	2.5e-06
1416061891	2.5e-06
1416061952	2.49e-06
1416062012	2.49e-06
1416062073	2.49e-06
1416062133	2.49e-06
1416062194	2.49e-06
1416062254	2.49e-06
1416062315	2.49e-06
1416062375	2.49e-06
1416062436	2.49e-06
1416062496	2.49e-06
1416062557	2.49e-06
1416062617	2.49e-06
1416062678	2.49e-06
1416062738	2.49e-06
1416062799	2.48e-06
1416062860	2.48e-06
1416062920	2.48e-06
1416062980	2.48e-06
1416063041	2.48e-06
1416063101	2.48e-06
1416063162	2.48e-06
1416063222	2.48e-06
1416063283	2.48e-06
1416063343	2.48e-06
1416063404	2.48e-06
1416063464	2.48e-06
1416063525	2.48e-06
1416063585	2.48e-06
1416063646	2.47e-06
1416063706	2.47e-06
1416063766	2.47e-06
1416063827	2.47e-06
1416063887	2.47e-06
1416063948	2.47e-06
1416064009	2.47e-06
1416064069	2.47e-06
1416064130	2.47e-06
1416064190	2.47e-06
1416064251	2.47e-06
1416064311	2.47e-06
1416064372	2.47e-06
1416064432	2.47e-06
1416064493	2.47e-06
1416064553	2.47e-06
1416064614	2.47e-06
1416064674	2.46e-06
1416064735	2.46e-06
1416064795	2.46e-06
1416064856	2.46e-06
1416064916	2.46e-06
1416064977	2.46e-06
1416065037	2.46e-06
1416065098	2.46e-06
1416065158	2.46e-06
1416065219	2.46e-06
1416065279	2.46e-06
1416065340	2.46e-06
1416065400	2.46e-06
1416065461	2.46e-06
1416065521	2.46e-06
1416065582	2.46e-06
1416065642	2.45e-06
1416065703	2.45e-06
1416065763	2.45e-06
1416065824	2.45e-06
1416065884	2.45e-06
1416065945	2.45e-06
1416066005	2.45e-06
1416066066	2.45e-06
1416066126	2.45e-06
1416066187	2.45e-06
1416066247	2.45e-06
1416066308	2.45e-06
1416066368	2.45e-06
1416066429	2.45e-06
1416066489	2.45e-06
1416066550	2.45e-06
1416066610	2.44e-06
1416066671	2.44e-06
1416066731	2.44e-06
1416066792	2.44e-06
1416066852	2.44e-06
1416066913	2.44e-06
1416066973	2.44e-06
1416067034	2.44e-06
1416067094	2.44e-06
1416067155	2.44e-06
1416067215	2.44e-06
1416067276	2.44e-06
1416067336	2.44e-06
1416067397	2.44e-06
1416067457	2.44e-06
1416067518	2.44e-06
1416067578	2.44e-06
1416067638	2.44e-06
1416067699	2.44e-06
1416067759	2.43e-06
1416067820	2.43e-06
1416067880	2.43e-06
1416067941	2.43e-06
1416068001	2.43e-06
1416068062	2.43e-06
1416068122	2.43e-06
1416068183	2.43e-06
1416068243	2.43e-06
1416068304	2.43e-06
1416068364	2.43e-06
1416068425	2.43e-06
1416068485	2.43e-06
1416068546	2.43e-06
1416068606	2.43e-06
1416068666	2.43e-06
1416068727	2.43e-06
1416068787	2.43e-06
1416068848	2.42e-06
1416068908	2.42e-06
1416068969	2.42e-06
1416069029	2.42e-06
1416069090	2.42e-06
1416069151	2.42e-06
1416069211	2.42e-06
1416069272	2.42e-06
1416069332	2.42e-06
1416069393	2.42e-06
1416069453	2.42e-06
1416069514	2.42e-06
1416069574	2.42e-06
1416069635	2.42e-06
1416069695	2.42e-06
1416069756	2.42e-06
1416069816	2.42e-06
1416069877	2.42e-06
1416069937	2.42e-06
1416069998	2.42e-06
1416070058	2.41e-06
1416070119	3.72e-05
1416070179	4.24e-05
1416070240	4.31e-05
1416070300	4.33e-05
1416070361	4.34e-05
1416070421	4.35e-05
1416070482	4.35e-05
1416070543	4.35e-05
1416070603	4.36e-05
1416070664	4.36e-05
1416070724	4.36e-05
1416070785	4.36e-05
1416070845	4.36e-05
1416070906	4.36e-05
1416070966	4.36e-05
1416071027	4.36e-05
1416071087	4.36e-05
1416071148	4.36e-05
1416071208	4.36e-05
1416071269	4.37e-05
1416072199	0.0
1416072259	2.48e-06
1416072320	2.43e-06
1416072380	2.42e-06
1416072441	2.41e-06
1416072501	2.41e-06
1416072562	2.41e-06
1416072622	2.42e-06
1416072683	2.42e-06
1416072743	2.42e-06
1416072804	2.42e-06
1416072864	2.42e-06
1416072925	2.42e-06
1416072985	2.42e-06
1416073046	2.42e-06
1416073107	2.42e-06
1416073167	2.42e-06
1416073228	2.42e-06
1416073288	2.42e-06
1416073349	2.42e-06
1416073409	2.42e-06
1416073470	2.42e-06
1416073530	2.42e-06
1416073591	2.42e-06
1416073651	2.42e-06
1416073712	2.42e-06
1416073772	2.42e-06
1416073833	2.42e-06
1416073893	2.42e-06
1416073954	2.42e-06
1416074014	2.42e-06
1416074075	2.41e-06
1416074135	2.41e-06
1416074196	2.41e-06
1416074256	2.41e-06
1416074317	2.41e-06
1416074377	2.41e-06
1416074438	2.41e-06
1416074498	2.41e-06
1416074559	2.41e-06
1416074619	2.41e-06
1416074679	2.41e-06
1416074740	2.41e-06
1416074800	2.41e-06
1416074861	2.41e-06
1416074921	2.41e-06
1416074982	2.4e-06
1416075042	2.4e-06
1416075103	2.4e-06
1416075164	2.4e-06
1416075224	2.4e-06
1416075285	2.4e-06
1416075345	2.4e-06
1416075406	2.4e-06
1416075466	2.4e-06
1416075527	2.4e-06
1416075587	2.4e-06
1416075648	2.4e-06
1416075708	2.4e-06
1416075769	2.4e-06
1416075829	2.39e-06
1416075890	2.39e-06
1416075950	2.39e-06
1416076011	2.39e-06
1416076071	2.39e-06
1416076132	2.39e-06
1416076192	2.39e-06
1416076253	2.39e-06
1416076313	2.39e-06
1416076374	2.39e-06
1416076434	2.39e-06
1416076495	2.39e-06
1416076555	2.39e-06
1416076616	2.39e-06
1416076676	2.39e-06
1416076737	2.39e-06
1416076797	2.39e-06
1416076858	2.38e-06
1416076918	2.38e-06
1416076979	2.38e-06
1416077039	2.38e-06
1416077100	2.38e-06
1416077160	2.38e-06
1416077221	2.38e-06
1416077281	2.38e-06
1416077342	2.38e-06
1416077402	2.38e-06
1416077463	2.38e-06
1416077523	2.38e-06
1416077584	2.38e-06
1416077644	2.38e-06
1416077705	2.38e-06
1416077765	2.38e-06
1416077826	2.38e-06
1416077886	2.38e-06
1416077947	2.38e-06
1416078007	2.37e-06
1416078068	2.37e-06
1416078128	2.37e-06
1416078189	2.37e-06
1416078249	2.37e-06
1416078309	2.37e-06
1416078370	2.37e-06
1416078430	2.37e-06
1416078491	2.37e-06
1416078551	2.37e-06
1416078612	2.37e-06
1416078672	2.37e-06
1416078733	2.37e-06
1416078793	2.37e-06
1416078854	2.37e-06
1416078914	2.37e-06
1416078975	2.37e-06
1416079035	2.37e-06
1416079095	2.37e-06
1416079156	2.36e-06
1416079216	2.36e-06
1416079277	2.36e-06
1416079337	2.36e-06
1416079398	2.36e-06
1416079458	2.36e-06
1416079519	2.36e-06
1416079579	2.36e-06
1416079640	2.36e-06
1416079700	2.36e-06
1416079761	2.36e-06
1416079821	2.36e-06
1416079882	2.36e-06
1416079942	2.36e-06
1416080003	2.36e-06
1416080063	2.36e-06
1416080124	2.36e-06
1416080184	2.36e-06
1416080245	2.36e-06
1416080305	2.36e-06
1416080366	2.35e-06
1416080426	2.35e-06
1416080487	2.35e-06
1416080547	2.35e-06
1416080608	2.35e-06
1416080668	2.35e-06
1416080729	2.35e-06
1416080789	2.35e-06
1416080850	2.35e-06
1416080910	2.35e-06
1416080971	2.35e-06
1416081031	2.35e-06
1416081092	2.35e-06
1416081152	2.35e-06
1416081213	2.35e-06
1416081273	2.35e-06
1416081334	2.35e-06
1416081394	2.35e-06
1416081455	2.35e-06
1416081515	2.35e-06
1416081576	2.35e-06
1416081636	2.35e-06
1416081697	2.34e-06
1416081757	2.34e-06
1416081818	2.34e-06
1416081878	2.34e-06
1416081939	2.34e-06
1416081999	2.34e-06
1416082060	2.34e-06
1416082120	2.34e-06
1416082181	2.34e-06
1416082241	2.34e-06
1416082302	2.34e-06
1416082362	2.34e-06
1416082423	2.34e-06
1416082483	2.34e-06
1416082544	2.34e-06
1416082604	2.34e-06
1416082665	2.34e-06
1416082725	2.34e-06
1416082786	2.34e-06
1416082846	2.34e-06
1416082907	2.34e-06
1416082967	2.34e-06
1416083027	2.34e-06
1416083088	2.34e-06
1416083148	2.33e-06
1416083209	2.33e-06
1416083269	2.33e-06
1416083330	2.33e-06
1416083390	2.33e-06
1416083451	2.33e-06
1416083511	2.33e-06
1416083572	2.33e-06
1416083632	2.33e-06
1416083693	2.33e-06
1416083753	2.33e-06
1416083814	2.33e-06
1416083874	2.33e-06
1416083935	2.33e-06
1416083995	2.33e-06
1416084056	2.33e-06
1416084116	2.33e-06
1416084177	2.33e-06
1416084237	2.33e-06
1416084298	2.33e-06
1416084358	2.32e-06
1416084419	2.32e-06
1416084479	2.32e-06
1416084540	2.32e-06
1416084600	2.32e-06
1416084661	2.32e-06
1416084721	2.32e-06
1416084782	2.32e-06
1416084842	2.32e-06
1416084902	2.32e-06
1416084963	2.32e-06
1416085023	2.32e-06
1416085084	2.32e-06
1416085144	2.32e-06
1416085205	2.32e-06
1416085265	2.32e-06
1416085326	2.32e-06
1416085386	2.32e-06
1416085447	2.32e-06
1416085507	2.31e-06
1416085568	2.31e-06
1416085628	2.31e-06
1416085689	2.31e-06
1416085749	2.31e-06
1416085810	2.31e-06
1416085870	2.31e-06
1416085930	2.31e-06
1416085991	2.31e-06
1416086051	2.31e-06
1416086112	2.31e-06
1416086172	2.31e-06
1416086233	2.31e-06
1416086293	2.31e-06
1416086354	2.31e-06
1416086414	2.31e-06
1416086475	2.31e-06
1416086535	2.31e-06
1416086596	2.31e-06
1416086656	2.31e-06
1416086717	2.3e-06
1416086777	2.3e-06
1416086838	2.3e-06
1416086898	2.3e-06
1416086959	2.3e-06
1416087019	2.3e-06
1416087080	2.3e-06
1416087140	2.3e-06
1416087201	2.3e-06
1416087261	2.3e-06
1416087322	2.3e-06
1416087382	2.3e-06
1416087443	2.3e-06
1416087503	2.3e-06
1416087564	2.3e-06
1416087624	2.3e-06
1416087684	2.3e-06
1416087745	2.3e-06
1416087805	2.3e-06
1416087866	2.3e-06
1416087926	2.3e-06
1416087987	2.29e-06
1416088047	2.29e-06
1416088108	2.29e-06
1416088168	2.29e-06
1416088229	2.29e-06
1416088289	2.29e-06
1416088350	2.29e-06
1416088410	2.29e-06
1416088471	2.29e-06
1416088531	2.29e-06
1416088592	2.29e-06
1416088652	2.29e-06
1416088712	2.29e-06
1416088773	2.29e-06
1416088833	2.29e-06
1416088894	2.29e-06
1416088954	2.29e-06
1416089015	2.29e-06
1416089075	2.29e-06
1416089136	2.28e-06
1416089196	2.28e-06
1416089257	2.28e-06
1416089317	2.28e-06
1416089378	2.28e-06
1416089438	2.28e-06
1416089499	2.28e-06
1416089559	2.28e-06
1416089620	2.28e-06
1416089680	2.28e-06
1416089741	2.28e-06
1416089801	2.28e-06
1416089862	2.28e-06
1416089922	2.28e-06
1416089983	2.28e-06
1416090043	2.28e-06
1416090104	2.28e-06
1416090164	2.28e-06
1416090224	2.28e-06
1416090285	2.27e-06
1416090345	2.27e-06
1416090406	2.27e-06
1416090466	2.27e-06
1416090527	2.27e-06
1416090587	2.27e-06
1416090648	2.27e-06
1416090708	2.27e-06
1416090769	2.27e-06
1416090829	2.27e-06
1416090890	2.27e-06
1416090950	2.27e-06
1416091011	2.27e-06
1416091071	2.27e-06
1416091132	2.27e-06
1416091192	2.27e-06
1416091253	2.27e-06
1416091313	2.27e-06
1416091374	2.26e-06
1416091434	2.26e-06
1416091495	2.26e-06
1416091555	2.26e-06
1416091616	2.26e-06
1416091676	2.26e-06
1416091736	2.26e-06
1416091797	2.26e-06
1416091857	2.26e-06
1416091918	2.26e-06
1416091978	2.26e-06
1416092039	2.26e-06
1416092099	2.26e-06
1416092160	2.26e-06
1416092220	2.26e-06
1416092281	2.26e-06
1416092341	2.26e-06
1416092402	2.26e-06
1416092462	2.26e-06
1416092523	2.25e-06
1416092583	2.25e-06
1416092644	2.25e-06
1416092704	2.25e-06
1416092765	2.25e-06
1416092825	2.25e-06
1416092885	2.25e-06
1416092946	2.25e-06
1416093006	2.25e-06
1416093067	2.25e-06
1416093128	2.25e-06
1416093188	2.25e-06
1416093249	2.25e-06
1416093309	2.25e-06
1416093370	2.25e-06
1416093430	2.25e-06
1416093491	2.25e-06
1416093551	2.25e-06
1416093612	2.24e-06
1416093672	2.24e-06
1416093733	2.24e-06
1416093793	2.24e-06
1416093854	2.24e-06
1416093914	2.24e-06
1416093975	2.24e-06
1416094035	2.24e-06
1416094096	2.24e-06
1416094156	2.24e-06
1416094217	2.24e-06
1416094277	2.24e-06
1416094338	2.24e-06
1416094398	2.24e-06
1416094458	2.24e-06
1416094519	2.24e-06
1416094579	2.24e-06
1416094640	2.24e-06
1416094700	2.23e-06
1416094761	2.23e-06
1416094821	2.23e-06
1416094882	2.23e-06
1416094942	2.23e-06
1416095003	2.23e-06
1416095063	2.23e-06
1416095124	2.23e-06
1416095184	2.23e-06
1416095245	2.23e-06
1416095305	2.23e-06
1416095366	2.23e-06
1416095426	2.23e-06
1416095487	2.23e-06
1416095547	2.23e-06
1416095608	2.23e-06
1416095668	2.23e-06
1416095729	2.23e-06
1416095789	2.22e-06
1416095850	2.22e-06
1416095910	2.22e-06
1416095971	2.22e-06
1416096031	2.22e-06
1416096092	2.22e-06
1416096152	2.22e-06
1416096213	2.22e-06
1416096273	2.22e-06
1416096334	2.22e-06
1416096394	2.22e-06
1416096455	2.22e-06
1416096515	2.22e-06
1416096576	2.22e-06
1416096636	2.22e-06
1416096697	2.22e-06
1416096757	2.22e-06
1416096817	2.22e-06
1416096878	2.21e-06
1416096938	2.21e-06
1416096999	2.21e-06
1416097059	2.21e-06
1416097120	2.21e-06
1416097181	2.21e-06
1416097241	2.21e-06
1416097302	2.21e-06
1416097362	2.21e-06
1416097423	2.21e-06
1416097483	2.21e-06
1416097543	2.21e-06
1416097604	2.21e-06
1416097664	2.21e-06
1416097725	2.21e-06
1416097785	2.21e-06
1416097846	2.21e-06
1416097906	2.21e-06
1416097967	2.21e-06
1416098027	2.21e-06
1416098088	2.21e-06
1416098148	2.2e-06
1416098209	2.2e-06
1416098269	2.2e-06
1416098329	2.2e-06
1416098390	2.2e-06
1416098450	2.2e-06
1416098511	2.2e-06
1416098571	2.2e-06
1416098632	2.2e-06
1416098692	2.2e-06
1416098753	2.2e-06
1416098813	2.2e-06
1416098873	2.2e-06
1416098934	2.2e-06
1416098994	2.2e-06
1416099055	2.2e-06
1416099115	2.19e-06
1416099176	2.19e-06
1416099236	2.19e-06
1416099297	2.19e-06
1416099358	2.19e-06
1416099418	2.19e-06
1416099479	2.19e-06
1416099539	2.19e-06
1416099600	2.19e-06
1416099660	2.19e-06
1416099721	2.19e-06
1416099781	2.19e-06
1416099842	2.19e-06
1416099902	2.19e-06
1416099963	2.19e-06
1416100023	2.18e-06
1416100084	2.18e-06
1416100144	2.18e-06
1416100205	2.18e-06
1416100265	2.18e-06
1416100326	2.18e-06
1416100386	2.18e-06
1416100447	2.18e-06
1416100507	2.18e-06
1416100567	2.18e-06
1416100628	2.18e-06
1416100688	2.18e-06
1416100749	2.18e-06
1416100809	2.18e-06
1416100870	2.18e-06
1416100930	2.18e-06
1416100991	2.17e-06
1416101051	2.17e-06
1416101112	2.17e-06
1416101172	2.17e-06
1416101233	2.17e-06
1416101293	2.17e-06
1416101354	2.17e-06
1416101414	2.17e-06
1416101475	3.07e-05
1416101535	3.78e-05
1416101595	3.85e-05
1416101656	3.88e-05
1416101717	3.89e-05
1416101777	3.89e-05
1416101838	3.9e-05
1416101898	3.9e-05
1416101959	3.9e-05
1416102019	3.91e-05
1416102079	3.91e-05
1416102140	3.91e-05
1416102200	3.91e-05
1416102261	3.91e-05
1416102321	3.91e-05
1416102382	3.91e-05
1416102442	3.91e-05
1416103483	0.0
1416103544	2.24e-06
1416103604	2.19e-06
1416103665	2.18e-06
1416103725	2.18e-06
1416103786	2.18e-06
1416103846	2.18e-06
1416103907	2.18e-06
1416103967	2.18e-06
1416104027	2.18e-06
1416104088	2.18e-06
1416104149	2.18e-06
1416104209	2.18e-06
1416104270	2.18e-06
1416104330	2.18e-06
1416104390	2.18e-06
1416104451	2.18e-06
1416104511	2.18e-06
1416104572	2.18e-06
1416104632	2.18e-06
1416104693	2.18e-06
1416104753	2.18e-06
1416104814	2.18e-06
1416104874	2.18e-06
1416104935	2.18e-06
1416104995	2.18e-06
1416105056	2.18e-06
1416105116	2.18e-06
1416105177	2.17e-06
1416105237	2.17e-06
1416105298	2.17e-06
1416105358	2.17e-06
1416105419	2.17e-06
1416105479	2.17e-06
1416105540	2.17e-06
1416105600	2.17e-06
1416105661	2.17e-06
1416105721	2.17e-06
1416105782	2.17e-06
1416105842	2.16e-06
1416105903	2.16e-06
1416105963	2.16e-06
1416106024	2.16e-06
1416106084	2.16e-06
1416106145	2.16e-06
1416106205	2.16e-06
1416106266	2.16e-06
1416106326	2.16e-06
1416106387	2.16e-06
1416106447	2.15e-06
1416106507	2.15e-06
