1406037987	0.000208
1406038047	0.000208
1406038108	0.000208
1406038168	0.000208
1406039231	0.0
1406039292	4.21e-05
1406039352	3.98e-05
1406039413	3.91e-05
1406039473	3.88e-05
1406039534	3.87e-05
1406039594	3.86e-05
1406039655	3.86e-05
1406039715	3.86e-05
1406039776	3.86e-05
1406039836	3.86e-05
1406039897	3.86e-05
1406039957	3.86e-05
1406040017	3.86e-05
1406040078	3.86e-05
1406040138	3.85e-05
1406040199	3.85e-05
1406040259	3.85e-05
1406040320	3.85e-05
1406040380	3.85e-05
1406040441	3.85e-05
1406040501	3.85e-05
1406040562	3.85e-05
1406040622	3.84e-05
1406040683	3.84e-05
1406040743	3.84e-05
1406040804	3.82e-05
1406040864	3.82e-05
1406040925	3.82e-05
1406040985	3.82e-05
1406041046	3.82e-05
1406041106	3.81e-05
1406041167	3.81e-05
1406041227	3.81e-05
1406041288	3.81e-05
1406041348	3.8e-05
1406041409	3.8e-05
1406041469	3.8e-05
1406041530	3.8e-05
1406041590	3.79e-05
1406041651	3.79e-05
1406041711	3.79e-05
1406041772	3.79e-05
1406041832	3.79e-05
1406041893	3.79e-05
1406041953	3.78e-05
1406042014	3.78e-05
1406042074	3.78e-05
1406042135	3.78e-05
1406042195	3.77e-05
1406042256	3.77e-05
1406042316	3.77e-05
1406042377	3.77e-05
1406042437	3.76e-05
1406042498	3.76e-05
1406042558	3.76e-05
1406042619	3.76e-05
1406042679	3.76e-05
1406042740	3.75e-05
1406042800	3.75e-05
1406042861	3.75e-05
1406042921	3.75e-05
1406042982	3.75e-05
1406043042	3.74e-05
1406043102	3.74e-05
1406043163	3.74e-05
1406043223	3.74e-05
1406043284	3.74e-05
1406043344	3.74e-05
1406043405	3.73e-05
1406043465	3.73e-05
1406043526	3.73e-05
1406043586	3.73e-05
1406043646	3.72e-05
1406043707	3.72e-05
1406043767	3.72e-05
1406043828	3.72e-05
1406043888	3.72e-05
1406043949	3.72e-05
1406044009	3.71e-05
1406044070	3.71e-05
1406044130	3.71e-05
1406044191	3.71e-05
1406044251	3.71e-05
1406044312	3.7e-05
1406044372	3.7e-05
1406044433	3.7e-05
1406044493	3.7e-05
1406044554	3.7e-05
1406044614	3.7e-05
1406044674	3.69e-05
1406044735	3.69e-05
1406044795	3.69e-05
1406044856	3.69e-05
1406044916	3.69e-05
1406044977	3.68e-05
1406045037	3.74e-05
1406045098	3.67e-05
1406045158	3.67e-05
1406045219	3.66e-05
1406045279	3.66e-05
1406045340	3.65e-05
1406045400	3.65e-05
1406045461	3.65e-05
1406045521	3.65e-05
1406045582	3.65e-05
1406045642	3.65e-05
1406045703	3.65e-05
1406045763	3.65e-05
1406045823	3.62e-05
1406045884	3.59e-05
1406045944	3.59e-05
1406046005	3.58e-05
1406046065	3.58e-05
1406046126	3.58e-05
1406046186	3.58e-05
1406046247	3.57e-05
1406046307	3.57e-05
1406046367	3.57e-05
1406046428	3.57e-05
1406046488	3.57e-05
1406046549	3.56e-05
1406046609	3.56e-05
1406046670	3.56e-05
1406046731	3.56e-05
1406046791	3.56e-05
1406046851	3.56e-05
1406046912	3.56e-05
1406046972	3.56e-05
1406047033	3.57e-05
1406047093	3.58e-05
1406047154	3.58e-05
1406047214	3.58e-05
1406047275	3.58e-05
1406047335	3.58e-05
1406047396	3.58e-05
1406047456	3.57e-05
1406047517	3.57e-05
1406047577	3.57e-05
1406047638	3.57e-05
1406047698	3.57e-05
1406047759	3.57e-05
1406047819	3.57e-05
1406047880	3.57e-05
1406047940	3.56e-05
1406048001	3.56e-05
1406048061	3.56e-05
1406048122	3.56e-05
1406048182	3.56e-05
1406048243	3.56e-05
1406048303	3.56e-05
1406048364	3.55e-05
1406048424	3.55e-05
1406048485	3.55e-05
1406048545	3.55e-05
1406048606	3.55e-05
1406048666	3.55e-05
1406048726	3.55e-05
1406048787	3.55e-05
1406048847	3.54e-05
1406048908	3.55e-05
1406048968	3.52e-05
1406049029	3.52e-05
1406049089	3.52e-05
1406049150	3.52e-05
1406049210	3.52e-05
1406049271	3.52e-05
1406049331	3.52e-05
1406049392	3.49e-05
1406049452	3.49e-05
1406049513	3.48e-05
1406049573	3.48e-05
1406049634	3.48e-05
1406049694	3.48e-05
1406049755	3.48e-05
1406049815	3.48e-05
1406049876	3.48e-05
1406049936	3.48e-05
1406049997	3.47e-05
1406050057	3.47e-05
1406050117	3.47e-05
1406050178	3.47e-05
1406050238	3.47e-05
1406050299	3.47e-05
1406050359	3.46e-05
1406050420	3.45e-05
1406050480	3.46e-05
1406050541	3.45e-05
1406050601	3.45e-05
1406050662	3.45e-05
1406050722	3.45e-05
1406050783	3.45e-05
1406050843	3.41e-05
1406050904	3.42e-05
1406050964	3.42e-05
1406051025	3.42e-05
1406051085	3.42e-05
1406051146	3.42e-05
1406051206	3.42e-05
1406051267	3.42e-05
1406051327	3.42e-05
1406051388	3.42e-05
1406051448	3.41e-05
1406051509	3.41e-05
1406051569	3.41e-05
1406051630	3.39e-05
1406051690	3.37e-05
1406051751	3.37e-05
1406051811	3.37e-05
1406051871	3.37e-05
1406051932	3.37e-05
1406051993	3.35e-05
1406052053	3.33e-05
1406052114	3.33e-05
1406052174	3.33e-05
1406052234	3.33e-05
1406052295	3.17e-05
1406052355	3.18e-05
1406052416	3.19e-05
1406052476	3.19e-05
1406052537	3.19e-05
1406052597	3.19e-05
1406052658	3.19e-05
1406052718	3.2e-05
1406052779	3.2e-05
1406052839	3.2e-05
1406052900	3.2e-05
1406052960	3.2e-05
1406053021	3.2e-05
1406053081	3.2e-05
1406053142	3.19e-05
1406053202	3.19e-05
1406053263	3.19e-05
1406053323	3.19e-05
1406053384	3.19e-05
1406053444	3.19e-05
1406053505	3.19e-05
1406053565	3.19e-05
1406053626	3.19e-05
1406053686	3.19e-05
1406053747	3.18e-05
1406053807	3.18e-05
1406053868	3.18e-05
1406053928	3.18e-05
1406053988	3.18e-05
1406054049	3.18e-05
1406054109	3.18e-05
1406054170	3.18e-05
1406054230	3.18e-05
1406054291	3.17e-05
1406054351	3.17e-05
1406054412	3.17e-05
1406054472	3.17e-05
1406054533	3.17e-05
1406054593	3.17e-05
1406054654	3.17e-05
1406054714	3.17e-05
1406054775	3.17e-05
1406054835	3.16e-05
1406054896	3.16e-05
1406054956	3.16e-05
1406055017	3.16e-05
1406055077	3.16e-05
1406055138	3.16e-05
1406055198	3.16e-05
1406055259	3.16e-05
1406055319	3.16e-05
1406055380	3.15e-05
1406055440	3.15e-05
1406055501	3.15e-05
1406055561	3.15e-05
1406055621	3.15e-05
1406055682	3.15e-05
1406055742	3.15e-05
1406055803	3.15e-05
1406055863	3.15e-05
1406055924	3.14e-05
1406055984	3.14e-05
1406056045	3.14e-05
1406056105	3.14e-05
1406056166	3.14e-05
1406056226	3.14e-05
1406056286	3.14e-05
1406056347	3.14e-05
1406056407	3.14e-05
1406056468	3.11e-05
1406056528	3.11e-05
1406056589	3.11e-05
1406056649	3.11e-05
1406056710	3.1e-05
1406056770	3.1e-05
1406056831	3.1e-05
1406056891	3.11e-05
1406056952	3.11e-05
1406057012	3.1e-05
1406057073	3.1e-05
1406057133	3.1e-05
1406057194	3.1e-05
1406057254	3.1e-05
1406057315	3.1e-05
1406057375	3.11e-05
1406057435	3.1e-05
1406057496	3.1e-05
1406057556	3.1e-05
1406057617	3.1e-05
1406057677	3.1e-05
1406057738	3.1e-05
1406057798	3.1e-05
1406057859	3.1e-05
1406057919	3.1e-05
1406057980	3.09e-05
1406058040	3.09e-05
1406058101	3.09e-05
1406058161	3.09e-05
1406058222	3.09e-05
1406058282	3.09e-05
1406058343	3.08e-05
1406058403	3.08e-05
1406058464	3.07e-05
1406058524	3.07e-05
1406058584	3.07e-05
1406058645	3.07e-05
1406058705	3.07e-05
1406058766	3.07e-05
1406058826	3.07e-05
1406058887	3.07e-05
1406058947	3.07e-05
1406059008	3.06e-05
1406059068	3.06e-05
1406059129	3.06e-05
1406059189	3.06e-05
1406059249	3.04e-05
1406059310	3.04e-05
1406059370	0.000179
1406059431	0.000196
1406059491	0.000199
1406059552	0.0002
1406059612	0.000201
1406059673	0.000201
1406059733	0.000202
1406059794	0.000202
1406059854	0.000203
1406059915	0.000203
1406059975	0.000203
1406060036	0.000203
1406060096	0.000203
1406060157	0.000203
1406060217	0.000204
1406060277	0.000203
1406060338	0.000204
1406060398	0.000204
1406061470	0.0
1406061531	3.44e-05
1406061591	3.27e-05
1406061652	3.2e-05
1406061712	3.18e-05
1406061772	3.17e-05
1406061833	3.17e-05
1406061894	3.17e-05
1406061954	3.17e-05
1406062015	3.17e-05
1406062075	3.17e-05
1406062136	3.17e-05
1406062196	3.17e-05
1406062257	3.17e-05
1406062317	3.16e-05
1406062378	3.17e-05
1406062438	3.16e-05
1406062499	3.16e-05
1406062559	3.16e-05
1406062620	3.16e-05
1406062680	3.16e-05
1406062741	3.16e-05
1406062801	3.16e-05
1406062862	3.16e-05
1406062922	3.16e-05
1406062983	3.16e-05
1406063043	3.14e-05
1406063104	3.14e-05
1406063164	3.14e-05
1406063225	3.14e-05
1406063285	3.14e-05
1406063345	3.13e-05
1406063406	3.13e-05
1406063466	3.13e-05
1406063527	3.13e-05
1406063587	3.13e-05
1406063648	3.13e-05
1406063708	3.13e-05
1406063769	3.13e-05
1406063829	3.12e-05
1406063890	3.12e-05
1406063950	3.12e-05
1406064011	3.12e-05
1406064071	3.12e-05
1406064131	3.12e-05
1406064192	3.12e-05
1406064252	3.12e-05
1406064313	3.11e-05
1406064373	3.09e-05
1406064434	3.09e-05
1406064494	3.1e-05
1406064555	3.1e-05
1406064615	3.09e-05
1406064676	3.09e-05
1406064736	3.09e-05
1406064797	3.09e-05
1406064857	3.08e-05
1406064918	3.08e-05
1406064978	3.08e-05
1406065039	3.08e-05
1406065099	3.08e-05
1406065159	3.08e-05
1406065220	3.08e-05
1406065280	3.08e-05
1406065341	3.08e-05
1406065401	3.07e-05
1406065462	3.07e-05
1406065522	3.07e-05
1406065583	3.07e-05
1406065643	3.07e-05
1406065703	3.07e-05
1406065764	3.07e-05
1406065824	3.07e-05
1406065885	3.06e-05
1406065945	3.01e-05
1406066006	3.01e-05
1406066066	3.01e-05
1406066127	3.01e-05
1406066187	3.01e-05
1406066248	3.01e-05
1406066308	3.01e-05
1406066369	3.01e-05
1406066429	2.99e-05
1406066490	2.98e-05
1406066550	2.98e-05
1406066611	2.98e-05
1406066671	2.97e-05
1406066732	2.97e-05
1406066792	2.97e-05
1406066853	2.97e-05
1406066913	2.97e-05
1406066974	2.97e-05
1406067034	2.98e-05
1406067094	2.98e-05
1406067155	2.96e-05
1406067215	2.95e-05
1406067276	2.96e-05
1406067336	2.96e-05
1406067397	2.96e-05
1406067457	2.96e-05
1406067518	2.96e-05
1406067578	2.96e-05
1406067639	2.95e-05
1406067699	2.95e-05
1406067760	2.95e-05
1406067820	2.95e-05
1406067881	2.95e-05
1406067941	2.95e-05
1406068002	2.95e-05
1406068062	2.95e-05
1406068122	2.95e-05
1406068183	2.94e-05
1406068243	2.94e-05
1406068304	2.94e-05
1406068364	2.94e-05
1406068425	2.94e-05
1406068485	2.94e-05
1406068546	2.93e-05
1406068606	2.93e-05
1406068667	2.93e-05
1406068727	2.93e-05
1406068787	2.93e-05
1406068848	2.93e-05
1406068908	2.93e-05
1406068969	2.93e-05
1406069029	2.93e-05
1406069090	2.92e-05
1406069150	2.93e-05
1406069211	2.91e-05
1406069271	2.91e-05
1406069331	2.92e-05
1406069392	2.92e-05
1406069452	2.91e-05
1406069513	2.91e-05
1406069573	2.91e-05
1406069634	2.91e-05
1406069694	2.91e-05
1406069755	2.91e-05
1406069815	2.91e-05
1406069876	2.9e-05
1406069936	2.9e-05
1406069997	2.9e-05
1406070057	2.9e-05
1406070118	2.9e-05
1406070178	2.9e-05
1406070238	2.9e-05
1406070299	2.89e-05
1406070359	2.89e-05
1406070420	2.89e-05
1406070480	2.89e-05
1406070541	2.89e-05
1406070601	2.89e-05
1406070662	2.89e-05
1406070722	2.89e-05
1406070783	2.89e-05
1406070843	2.89e-05
1406070904	2.88e-05
1406070964	2.88e-05
1406071025	2.89e-05
1406071085	2.88e-05
1406071146	2.88e-05
1406071206	2.88e-05
1406071266	2.88e-05
1406071327	2.88e-05
1406071387	2.88e-05
1406071448	2.91e-05
1406071508	2.9e-05
1406071569	2.9e-05
1406071629	2.9e-05
1406071690	2.9e-05
1406071750	2.9e-05
1406071811	2.9e-05
1406071871	2.89e-05
1406071932	2.89e-05
1406071992	2.88e-05
1406072053	2.88e-05
1406072113	2.88e-05
1406072174	2.87e-05
1406072234	2.87e-05
1406072295	2.86e-05
1406072355	2.86e-05
1406072416	2.85e-05
1406072476	2.85e-05
1406072536	2.85e-05
1406072597	2.85e-05
1406072657	2.85e-05
1406072718	2.85e-05
1406072778	2.85e-05
1406072839	2.85e-05
1406072899	2.85e-05
1406072960	2.85e-05
1406073020	2.84e-05
1406073081	2.84e-05
1406073141	2.84e-05
1406073202	2.84e-05
1406073262	2.84e-05
1406073322	2.84e-05
1406073383	2.84e-05
1406073443	2.84e-05
1406073504	2.83e-05
1406073564	2.84e-05
1406073625	2.84e-05
1406073685	2.75e-05
1406073746	2.77e-05
1406073806	2.78e-05
1406073867	2.8e-05
1406073927	2.89e-05
1406073988	2.86e-05
1406074048	2.85e-05
1406074108	2.81e-05
1406074169	2.81e-05
1406074229	2.81e-05
1406074290	2.82e-05
1406074350	2.82e-05
1406074411	2.82e-05
1406074471	2.82e-05
1406074532	2.82e-05
1406074592	2.81e-05
1406074653	2.81e-05
1406074713	2.81e-05
1406074774	2.81e-05
1406074834	2.81e-05
1406074895	2.81e-05
1406074955	2.81e-05
1406075016	2.81e-05
1406075076	2.8e-05
1406075136	2.8e-05
1406075197	2.8e-05
1406075257	2.8e-05
1406075318	2.8e-05
1406075378	2.8e-05
1406075439	2.8e-05
1406075499	2.8e-05
1406075560	2.8e-05
1406075620	2.79e-05
1406075680	2.79e-05
1406075741	2.79e-05
1406075801	2.79e-05
1406075862	2.79e-05
1406075922	2.79e-05
1406075983	2.79e-05
1406076043	2.79e-05
1406076104	2.79e-05
1406076164	2.78e-05
1406076225	2.78e-05
1406076285	2.78e-05
1406076346	2.78e-05
1406076406	2.78e-05
1406076467	2.78e-05
1406076527	2.78e-05
1406076588	2.78e-05
1406076648	2.78e-05
1406076709	2.77e-05
1406076769	2.77e-05
1406076830	2.76e-05
1406076890	2.76e-05
1406076951	2.76e-05
1406077011	2.76e-05
1406077072	2.76e-05
1406077132	2.76e-05
1406077193	2.76e-05
1406077253	2.77e-05
1406077314	2.77e-05
1406077374	2.77e-05
1406077435	2.77e-05
1406077495	2.77e-05
1406077555	2.77e-05
1406077616	2.77e-05
1406077676	2.77e-05
1406077737	2.77e-05
1406077797	2.77e-05
1406077858	2.77e-05
1406077918	2.77e-05
1406077979	2.77e-05
1406078039	2.76e-05
1406078100	2.75e-05
1406078160	2.75e-05
1406078221	2.81e-05
1406078281	2.79e-05
1406078342	2.79e-05
1406078402	2.8e-05
1406078463	2.79e-05
1406078523	2.79e-05
1406078583	2.79e-05
1406078644	2.79e-05
1406078704	2.79e-05
1406078765	2.79e-05
1406078825	2.79e-05
1406078886	2.78e-05
1406078946	2.78e-05
1406079007	2.78e-05
1406079067	2.78e-05
1406079128	2.78e-05
1406079188	2.78e-05
1406079249	2.78e-05
1406079309	2.79e-05
1406079370	2.79e-05
1406079430	2.79e-05
1406079491	2.78e-05
1406079551	2.78e-05
1406079612	2.78e-05
1406079672	2.78e-05
1406079733	2.78e-05
1406079793	2.78e-05
1406079854	2.77e-05
1406079914	2.77e-05
1406079975	2.77e-05
1406080035	2.77e-05
1406080096	2.77e-05
1406080156	2.77e-05
1406080216	2.77e-05
1406080277	2.77e-05
1406080337	2.77e-05
1406080398	2.76e-05
1406080458	2.76e-05
1406080519	2.76e-05
1406080579	2.76e-05
1406080640	2.76e-05
1406080700	2.76e-05
1406080761	2.76e-05
1406080821	2.76e-05
1406080882	2.76e-05
1406080942	2.76e-05
1406081003	2.75e-05
1406081063	2.75e-05
1406081124	2.8e-05
1406081184	2.81e-05
1406081245	2.84e-05
1406081305	2.84e-05
1406081366	2.84e-05
1406081426	2.84e-05
1406081487	2.84e-05
1406081547	2.83e-05
1406081608	2.83e-05
1406081668	2.83e-05
1406081728	2.83e-05
1406081789	2.83e-05
1406081849	2.83e-05
1406081910	2.83e-05
1406081970	2.83e-05
1406082031	2.83e-05
1406082091	2.82e-05
1406082152	2.82e-05
1406082212	2.82e-05
1406082273	2.82e-05
1406082333	2.82e-05
1406082394	2.82e-05
1406082454	2.82e-05
1406082515	2.82e-05
1406082575	2.81e-05
1406082636	2.81e-05
1406082696	2.81e-05
1406082756	2.81e-05
1406082817	2.81e-05
1406082877	2.81e-05
1406082938	2.58e-05
1406082998	2.58e-05
1406083059	2.59e-05
1406083119	2.59e-05
1406083180	2.61e-05
1406083240	2.61e-05
1406083301	2.61e-05
1406083361	2.61e-05
1406083422	2.6e-05
1406083482	2.6e-05
1406083542	2.6e-05
1406083603	2.6e-05
1406083663	2.59e-05
1406083724	2.59e-05
1406083784	2.59e-05
1406083845	2.59e-05
1406083905	2.6e-05
1406083966	2.6e-05
1406084026	2.6e-05
1406084087	2.59e-05
1406084147	2.59e-05
1406084208	2.59e-05
1406084268	2.58e-05
1406084329	2.58e-05
1406084389	2.58e-05
1406084450	2.58e-05
1406084510	2.58e-05
1406084571	2.58e-05
1406084631	2.58e-05
1406084692	2.58e-05
1406084752	2.58e-05
1406084813	2.57e-05
1406084873	2.57e-05
1406084934	2.57e-05
1406084994	2.57e-05
1406085055	2.57e-05
1406085115	2.57e-05
1406085175	2.57e-05
1406085236	2.57e-05
1406085296	2.56e-05
1406085357	2.56e-05
1406085417	2.56e-05
1406085478	2.56e-05
1406085538	2.56e-05
1406085599	2.54e-05
1406085659	2.54e-05
1406085720	2.53e-05
1406085780	2.55e-05
1406085840	2.54e-05
1406085901	2.53e-05
1406085961	2.52e-05
1406086022	2.52e-05
1406086082	2.52e-05
1406086143	2.52e-05
1406086203	2.52e-05
1406086264	2.52e-05
1406086324	2.52e-05
1406086385	2.52e-05
1406086445	2.52e-05
1406086506	2.51e-05
1406086566	2.51e-05
1406086627	2.51e-05
1406086687	2.51e-05
1406086748	2.51e-05
1406086808	2.51e-05
1406086869	2.51e-05
1406086929	2.51e-05
1406086990	2.5e-05
1406087050	2.5e-05
1406087111	2.5e-05
1406087171	2.5e-05
1406087231	2.5e-05
1406087292	2.5e-05
1406087352	2.5e-05
1406087413	2.5e-05
1406087473	2.5e-05
1406087534	2.49e-05
1406087594	2.49e-05
1406087655	2.49e-05
1406087715	2.49e-05
1406087776	2.49e-05
1406087836	2.49e-05
1406087897	2.49e-05
1406087957	2.49e-05
1406088018	2.49e-05
1406088078	2.48e-05
1406088139	2.48e-05
1406088199	2.48e-05
1406088259	2.48e-05
1406088320	2.48e-05
1406088380	2.48e-05
1406088441	2.48e-05
1406088501	2.48e-05
1406088562	2.48e-05
1406088622	2.48e-05
1406088683	2.47e-05
1406088743	2.47e-05
1406088804	2.47e-05
1406088864	2.47e-05
1406088925	2.47e-05
1406088985	2.47e-05
1406089046	2.47e-05
1406089106	2.46e-05
1406089167	2.46e-05
1406089227	2.46e-05
1406089288	2.46e-05
1406089348	2.46e-05
1406089409	2.46e-05
1406089469	2.46e-05
1406089530	2.45e-05
1406089590	2.45e-05
1406089650	2.45e-05
1406089711	2.45e-05
1406089771	2.45e-05
1406089832	2.45e-05
1406089892	2.45e-05
1406089953	2.45e-05
1406090013	2.45e-05
1406090074	2.44e-05
1406090134	2.38e-05
1406090195	2.4e-05
1406090255	2.43e-05
1406090316	2.43e-05
1406090376	2.43e-05
1406090437	2.43e-05
1406090497	2.43e-05
1406090558	2.43e-05
1406090618	2.43e-05
1406090679	2.43e-05
1406090739	2.43e-05
1406090800	2.42e-05
1406090860	2.42e-05
1406090921	2.42e-05
1406090981	2.42e-05
1406091042	2.42e-05
1406091102	2.42e-05
1406091163	2.41e-05
1406091223	2.41e-05
1406091284	2.41e-05
1406091344	2.41e-05
1406091405	2.41e-05
1406091465	2.41e-05
1406091526	2.41e-05
1406091586	2.41e-05
1406091646	2.41e-05
1406091707	2.41e-05
1406091767	2.41e-05
1406091828	2.41e-05
1406091889	2.41e-05
1406091949	2.41e-05
1406092010	2.41e-05
1406092070	2.4e-05
1406092131	2.4e-05
1406092191	2.4e-05
1406092252	2.4e-05
1406092312	2.4e-05
1406092372	2.4e-05
1406092433	2.4e-05
1406092493	2.4e-05
1406092554	2.4e-05
1406092614	2.4e-05
1406092675	2.4e-05
1406092735	2.4e-05
1406092796	2.39e-05
1406092856	2.39e-05
1406092917	2.39e-05
1406092977	2.39e-05
1406093038	2.39e-05
1406093098	2.39e-05
1406093159	2.39e-05
1406093219	2.39e-05
1406093280	2.39e-05
1406093340	2.39e-05
1406093401	2.38e-05
1406093461	2.38e-05
1406093522	2.38e-05
1406093582	2.38e-05
1406093643	2.38e-05
1406093703	2.38e-05
1406093764	2.38e-05
1406093824	2.38e-05
1406093885	2.38e-05
1406093945	2.38e-05
1406094006	2.37e-05
1406094066	2.37e-05
1406094127	2.37e-05
1406094187	2.37e-05
1406094248	2.37e-05
1406094308	2.37e-05
1406094369	2.37e-05
1406094429	2.37e-05
1406094490	2.37e-05
1406094550	2.36e-05
1406094611	2.36e-05
1406094671	2.36e-05
1406094732	2.36e-05
1406094792	2.36e-05
1406094853	2.36e-05
1406094913	2.36e-05
1406094974	2.36e-05
1406095034	2.36e-05
1406095095	2.35e-05
1406095155	2.35e-05
1406095215	2.33e-05
1406095276	2.33e-05
1406095337	2.33e-05
1406095397	2.33e-05
1406095457	2.33e-05
1406095518	2.33e-05
1406095578	2.33e-05
1406095639	2.33e-05
1406095700	2.33e-05
1406095760	2.33e-05
1406095820	2.33e-05
1406095881	2.28e-05
1406095941	2.28e-05
1406096002	2.3e-05
1406096062	2.3e-05
1406096123	2.3e-05
1406096183	2.3e-05
1406096244	2.3e-05
1406096304	2.3e-05
1406096365	2.3e-05
1406096425	2.3e-05
1406096486	2.3e-05
1406096546	2.3e-05
1406096607	2.3e-05
1406096667	2.3e-05
1406096728	2.29e-05
1406096788	2.29e-05
1406096849	2.29e-05
1406096909	2.29e-05
1406096969	2.29e-05
1406097030	2.29e-05
1406097090	2.28e-05
1406097151	2.27e-05
1406097211	2.27e-05
1406097272	2.27e-05
1406097332	2.27e-05
1406097393	2.27e-05
1406097453	2.27e-05
1406097514	2.27e-05
1406097574	2.27e-05
1406097635	2.27e-05
1406097695	2.27e-05
1406097755	2.26e-05
1406097816	2.26e-05
1406097876	2.26e-05
1406097937	2.26e-05
1406097997	2.26e-05
1406098058	2.26e-05
1406098118	2.26e-05
1406098179	2.26e-05
1406098239	2.26e-05
1406098300	2.25e-05
1406098360	2.25e-05
1406098421	2.25e-05
1406098481	2.25e-05
1406098542	2.25e-05
1406098602	2.25e-05
1406098663	2.25e-05
1406098723	2.25e-05
1406098784	2.25e-05
1406098844	2.25e-05
1406098905	2.25e-05
1406098965	2.24e-05
1406099026	2.24e-05
1406099086	2.24e-05
1406099147	2.24e-05
1406099207	2.24e-05
1406099268	2.24e-05
1406099328	2.24e-05
1406099389	2.25e-05
1406099449	2.25e-05
1406099510	2.25e-05
1406099570	2.25e-05
1406099631	2.25e-05
1406099691	2.25e-05
1406099752	2.25e-05
1406099812	2.24e-05
1406099872	2.24e-05
1406099933	2.24e-05
1406099993	2.24e-05
1406100054	2.24e-05
1406100114	2.24e-05
1406100175	2.23e-05
1406100235	2.23e-05
1406100296	2.23e-05
1406100356	2.23e-05
1406100416	2.23e-05
1406100477	2.23e-05
1406100537	2.23e-05
1406100598	2.23e-05
1406100658	2.23e-05
1406100719	2.23e-05
1406100779	2.23e-05
1406100840	2.22e-05
1406100900	2.22e-05
1406100961	2.22e-05
1406101021	2.22e-05
1406101082	2.22e-05
1406101142	2.22e-05
1406101203	2.22e-05
1406101263	2.22e-05
1406101324	2.22e-05
1406101384	2.22e-05
1406101445	2.21e-05
1406101505	2.21e-05
1406101566	2.21e-05
1406101626	2.21e-05
1406101687	2.21e-05
1406101747	2.21e-05
1406101808	2.21e-05
1406101868	2.21e-05
1406101929	2.21e-05
1406101989	2.21e-05
1406102049	2.21e-05
1406102110	2.21e-05
1406102170	2.2e-05
1406102231	2.2e-05
1406102291	2.2e-05
1406102352	2.2e-05
1406102412	2.2e-05
1406102473	2.2e-05
1406102533	2.2e-05
1406102594	2.2e-05
1406102654	2.2e-05
1406102715	2.21e-05
1406102775	2.2e-05
1406102836	2.2e-05
1406102896	2.22e-05
1406102956	2.19e-05
1406103017	2.19e-05
1406103078	2.19e-05
1406103138	2.19e-05
1406103199	2.19e-05
1406103259	2.18e-05
1406103320	2.18e-05
1406103380	2.18e-05
1406103441	2.18e-05
1406103501	2.18e-05
1406103561	2.18e-05
1406103622	2.18e-05
1406103682	2.18e-05
1406103743	2.18e-05
1406103803	2.18e-05
1406103864	2.17e-05
1406103924	2.17e-05
1406103985	2.17e-05
1406104045	2.17e-05
1406104106	2.17e-05
1406104166	2.17e-05
1406104227	2.17e-05
1406104287	2.17e-05
1406104348	2.17e-05
1406104408	2.17e-05
1406104469	2.17e-05
1406104529	2.17e-05
1406104590	2.17e-05
1406104650	2.16e-05
1406104711	2.16e-05
1406104771	2.16e-05
1406104832	2.16e-05
1406104892	2.16e-05
1406104953	2.16e-05
1406105013	2.16e-05
1406105073	2.16e-05
1406105134	2.16e-05
1406105194	2.16e-05
1406105255	2.16e-05
1406105315	2.15e-05
1406105376	2.15e-05
1406105436	2.15e-05
1406105497	2.15e-05
1406105557	2.15e-05
1406105618	2.15e-05
1406105678	2.15e-05
1406105738	2.15e-05
1406105799	2.15e-05
1406105859	2.15e-05
1406105920	2.15e-05
1406105980	2.14e-05
1406106041	2.14e-05
1406106101	2.14e-05
1406106162	2.14e-05
1406106222	2.14e-05
1406106283	2.14e-05
1406106343	2.14e-05
1406106404	2.14e-05
1406106464	2.14e-05
1406106525	2.14e-05
1406106585	2.14e-05
1406106646	2.14e-05
1406106706	2.13e-05
1406106767	2.13e-05
1406106827	2.13e-05
1406106888	2.13e-05
1406106948	2.13e-05
1406107009	2.13e-05
1406107069	2.13e-05
1406107130	2.13e-05
1406107190	2.13e-05
1406107251	2.13e-05
1406107311	2.13e-05
1406107371	2.13e-05
1406107432	2.12e-05
1406107492	2.09e-05
1406107553	2.08e-05
1406107613	2.08e-05
1406107674	2.09e-05
1406107735	2.09e-05
1406107795	2.09e-05
1406107855	2.1e-05
1406107916	2.1e-05
1406107976	2.1e-05
1406108037	2.1e-05
1406108097	2.1e-05
1406108158	2.1e-05
1406108218	2.11e-05
1406108279	2.11e-05
1406108339	2.11e-05
1406108400	2.11e-05
1406108460	2.11e-05
1406108521	2.12e-05
1406108581	2.13e-05
1406108642	2.13e-05
1406108702	2.13e-05
1406108762	2.14e-05
1406108823	2.14e-05
1406108883	2.14e-05
1406108944	2.15e-05
1406109004	2.15e-05
1406109065	2.15e-05
1406109125	2.15e-05
1406109186	2.15e-05
1406109246	2.15e-05
1406109307	2.15e-05
1406109367	2.15e-05
1406109427	2.15e-05
1406109488	2.15e-05
1406109548	2.15e-05
1406109609	2.15e-05
1406109669	2.15e-05
1406109730	2.15e-05
1406109790	2.15e-05
1406109851	2.15e-05
1406109911	2.15e-05
1406109972	2.15e-05
1406110032	2.15e-05
1406110093	2.15e-05
1406110153	2.14e-05
1406110214	2.14e-05
1406110274	2.14e-05
1406110334	2.14e-05
1406110395	2.14e-05
1406110455	2.14e-05
1406110516	2.14e-05
1406110576	2.14e-05
1406110637	2.14e-05
1406110697	2.14e-05
1406110758	2.14e-05
1406110818	2.14e-05
1406110879	2.14e-05
1406110939	2.14e-05
1406110999	2.14e-05
1406111060	2.14e-05
1406111120	2.14e-05
1406111181	2.14e-05
1406111242	2.14e-05
1406111302	2.14e-05
1406111362	2.14e-05
1406111423	2.14e-05
1406111483	2.13e-05
1406111544	2.13e-05
1406111604	2.13e-05
1406111665	2.13e-05
1406111725	2.11e-05
1406111786	2.11e-05
1406111846	2.12e-05
1406111907	2.11e-05
1406111967	2.12e-05
1406112028	2.1e-05
1406112088	2.09e-05
1406112149	2.1e-05
1406112209	2.1e-05
1406112270	2.1e-05
1406112330	2.1e-05
1406112391	2.1e-05
1406112451	2.1e-05
1406112511	2.1e-05
1406112572	2.06e-05
1406112632	2.06e-05
1406112693	2.06e-05
1406112753	2.01e-05
1406112814	2.01e-05
1406112874	2.01e-05
1406112935	2.01e-05
1406112995	2.01e-05
1406113056	2.01e-05
1406113116	2.01e-05
1406113177	2e-05
1406113237	2e-05
1406113297	2e-05
1406113358	2e-05
1406113418	2e-05
1406113479	2e-05
1406113539	2.03e-05
1406113600	2.03e-05
1406113660	2e-05
1406113721	2e-05
1406113781	2e-05
1406113842	2e-05
1406113902	2e-05
1406113963	2e-05
1406114023	2.01e-05
1406114084	2.01e-05
1406114144	2.01e-05
1406114205	2.01e-05
1406114265	2.01e-05
1406114326	2.01e-05
1406114386	2.01e-05
1406114447	2.01e-05
1406114507	1.97e-05
1406114568	1.97e-05
1406114628	1.97e-05
1406114689	1.97e-05
1406114749	1.97e-05
1406114810	1.97e-05
1406114870	1.97e-05
1406114930	1.97e-05
1406114991	1.97e-05
1406115051	1.97e-05
1406115112	1.97e-05
1406115173	1.97e-05
1406115233	1.97e-05
1406115294	1.96e-05
1406115354	1.96e-05
1406115414	1.96e-05
1406115475	1.96e-05
1406115535	1.96e-05
1406115596	1.96e-05
1406115656	1.96e-05
1406115717	1.96e-05
1406115777	1.96e-05
1406115838	1.96e-05
1406115898	1.96e-05
1406115959	1.96e-05
1406116019	1.96e-05
1406116080	1.96e-05
1406116140	1.95e-05
1406116201	1.95e-05
1406116261	1.95e-05
1406116322	1.95e-05
1406116382	1.95e-05
1406116443	1.95e-05
1406116503	1.95e-05
1406116564	1.95e-05
1406116624	1.95e-05
1406116685	1.95e-05
1406116745	1.95e-05
1406116806	1.95e-05
1406116866	1.95e-05
1406116927	1.95e-05
1406116987	1.95e-05
1406117048	1.95e-05
1406117108	1.95e-05
1406117169	1.95e-05
1406117229	1.94e-05
1406117290	1.94e-05
1406117350	1.94e-05
1406117411	1.94e-05
1406117471	1.94e-05
1406117532	1.94e-05
1406117592	1.94e-05
1406117652	1.94e-05
1406117713	1.94e-05
1406117773	1.94e-05
1406117834	1.94e-05
1406117894	1.94e-05
1406117955	1.94e-05
1406118015	1.94e-05
1406118076	1.94e-05
1406118136	1.94e-05
1406118197	1.93e-05
1406118257	1.93e-05
1406118318	1.93e-05
1406118378	1.93e-05
1406118438	1.93e-05
1406118499	1.93e-05
1406118559	1.93e-05
1406118620	1.93e-05
1406118680	1.93e-05
1406118741	1.93e-05
1406118801	1.93e-05
1406118862	1.93e-05
1406118922	1.93e-05
1406118983	1.92e-05
1406119043	1.92e-05
1406119104	1.92e-05
1406119164	1.92e-05
1406119225	1.92e-05
1406119285	1.92e-05
1406119346	1.92e-05
1406119406	1.92e-05
1406119467	1.92e-05
1406119527	1.92e-05
1406119588	1.92e-05
1406119648	1.92e-05
1406119709	1.92e-05
1406119769	1.92e-05
1406119830	1.92e-05
1406119890	1.91e-05
1406119951	1.91e-05
1406120011	1.91e-05
1406120072	1.91e-05
1406120132	1.91e-05
1406120192	1.91e-05
1406120253	1.91e-05
1406120313	1.91e-05
1406120374	1.9e-05
1406120434	1.9e-05
1406120495	1.9e-05
1406120555	1.9e-05
1406120616	1.9e-05
1406120676	1.9e-05
1406120737	1.9e-05
1406120797	1.9e-05
1406120858	1.9e-05
1406120918	1.9e-05
1406120979	1.9e-05
1406121039	1.9e-05
1406121099	1.9e-05
1406121160	1.82e-05
1406121220	1.74e-05
1406121281	1.74e-05
1406121341	1.74e-05
1406121402	1.74e-05
1406121462	1.74e-05
1406121523	1.74e-05
1406121583	1.74e-05
1406121644	1.74e-05
1406121704	1.74e-05
1406121765	1.74e-05
1406121825	1.74e-05
1406121886	1.74e-05
1406121946	1.74e-05
1406122006	1.74e-05
1406122067	1.74e-05
1406122127	1.74e-05
1406122188	1.74e-05
1406122248	1.74e-05
1406122309	1.74e-05
1406122369	1.74e-05
1406122430	1.74e-05
1406122490	8.94e-05
1406122551	0.000131
1406122611	0.000136
1406122672	0.000138
1406122732	0.000139
1406122793	0.000139
1406122853	0.000139
1406122914	0.00014
1406122974	0.00014
1406123034	0.00014
1406123095	0.00014
1406123156	0.00014
1406123216	0.00014
1406123276	0.000141
1406123337	0.00014
1406123397	0.000141
1406123458	0.000141
1406123518	0.000141
1406123579	0.000141
1406123639	0.000141
1406123700	0.000141
1406123760	0.000139
1406123821	0.000139
1406124828	0.0
1406124888	2.47e-05
1406124949	2.34e-05
1406125009	2.29e-05
1406125070	2.27e-05
1406125130	2.26e-05
1406125191	2.26e-05
1406125251	2.26e-05
1406125312	2.26e-05
1406125372	2.26e-05
1406125433	2.26e-05
1406125493	2.26e-05
1406125554	2.26e-05
1406125614	2.26e-05
1406125675	2.26e-05
1406125735	2.26e-05
1406125796	2.26e-05
1406125856	2.26e-05
1406125917	2.26e-05
1406125977	2.16e-05
1406126038	2.19e-05
1406126098	2.15e-05
1406126159	2.15e-05
1406126219	2.15e-05
1406126279	2.14e-05
1406126340	2.14e-05
1406126400	2.14e-05
1406126461	2.14e-05
1406126521	2.14e-05
1406126582	2.14e-05
1406126642	2.14e-05
1406126703	2.14e-05
1406126763	2.14e-05
1406126824	2.14e-05
1406126884	2.14e-05
1406126945	2.14e-05
1406127005	2.14e-05
1406127066	2.14e-05
1406127126	2.14e-05
1406127186	2.11e-05
1406127247	2.11e-05
1406127307	2.11e-05
1406127368	2.11e-05
1406127429	2.11e-05
1406127489	2.11e-05
1406127550	2.11e-05
1406127610	2.11e-05
1406127671	2.11e-05
1406127731	2.11e-05
1406127791	2.11e-05
1406127852	2.11e-05
1406127912	2.11e-05
1406127973	2.1e-05
1406128033	2.1e-05
1406128094	2.1e-05
1406128154	2.1e-05
1406128215	2.1e-05
1406128275	2.1e-05
1406128336	2.09e-05
1406128396	2.09e-05
1406128457	2.09e-05
1406128517	2.09e-05
1406128578	2.09e-05
1406128638	2.08e-05
1406128699	2.08e-05
1406128759	2.08e-05
1406128819	2.07e-05
1406128880	2.06e-05
1406128940	2.03e-05
1406129001	2.03e-05
1406129061	2.03e-05
1406129122	2.03e-05
1406129182	2.03e-05
1406129243	2.04e-05
1406129303	2.04e-05
1406129364	2.04e-05
1406129424	2.04e-05
1406129485	2.04e-05
1406129545	2.04e-05
1406129606	2.04e-05
1406129666	2.04e-05
1406129727	2.03e-05
1406129787	2.03e-05
1406129848	2.03e-05
1406129908	2.03e-05
1406129969	2.03e-05
1406130029	2.03e-05
1406130090	2.03e-05
1406130150	2.03e-05
1406130211	2.03e-05
1406130271	2.03e-05
1406130332	2.03e-05
1406130392	2.03e-05
1406130453	2.03e-05
1406130513	2.03e-05
1406130573	2.03e-05
1406130634	2.03e-05
1406130694	2.03e-05
1406130755	2.03e-05
1406130815	2.01e-05
1406130876	2.01e-05
1406130936	2.03e-05
1406130997	2.03e-05
1406131057	2.04e-05
1406131118	2.03e-05
1406131178	2.02e-05
1406131239	2.03e-05
1406131299	2.03e-05
1406131360	2.03e-05
1406131420	2.03e-05
1406131481	2.02e-05
1406131541	2e-05
1406131601	2e-05
1406131662	2e-05
1406131722	2e-05
1406131783	2.01e-05
1406131843	2.01e-05
1406131904	2.01e-05
1406131964	2.01e-05
1406132025	2.01e-05
1406132085	2.01e-05
1406132146	2.01e-05
1406132206	2.01e-05
1406132267	2.01e-05
1406132327	2.01e-05
1406132387	2.01e-05
1406132448	2.01e-05
1406132508	2.01e-05
1406132569	2.01e-05
1406132629	2.01e-05
1406132690	2.01e-05
1406132750	1.99e-05
1406132811	1.99e-05
1406132871	1.99e-05
1406132932	1.99e-05
1406132992	1.99e-05
1406133053	1.99e-05
1406133113	1.99e-05
1406133173	1.99e-05
1406133234	1.98e-05
1406133295	1.98e-05
1406133355	1.97e-05
1406133416	1.97e-05
1406133476	1.97e-05
1406133537	1.97e-05
1406133597	1.97e-05
1406133658	1.98e-05
1406133718	1.98e-05
1406133779	1.98e-05
1406133839	1.98e-05
1406133900	1.98e-05
1406133960	1.98e-05
1406134020	1.98e-05
1406134081	1.98e-05
1406134141	1.98e-05
1406134202	1.99e-05
1406134262	2.02e-05
1406134323	1.94e-05
1406134383	1.99e-05
1406134444	1.99e-05
1406134504	1.99e-05
1406134565	1.98e-05
1406134625	1.99e-05
1406134686	1.98e-05
1406134746	1.98e-05
1406134806	1.98e-05
1406134867	1.98e-05
1406134927	1.98e-05
1406134988	1.98e-05
1406135048	1.98e-05
1406135109	1.98e-05
1406135169	1.98e-05
1406135230	1.98e-05
1406135290	1.98e-05
1406135351	1.98e-05
1406135411	1.98e-05
1406135471	1.98e-05
1406135532	1.97e-05
1406135592	1.97e-05
1406135653	1.97e-05
1406135713	1.97e-05
1406135774	1.97e-05
1406135834	1.97e-05
1406135895	1.97e-05
1406135955	1.97e-05
1406136016	1.97e-05
1406136076	1.97e-05
1406136137	1.97e-05
1406136197	1.97e-05
1406136258	1.97e-05
1406136318	1.97e-05
1406136379	1.97e-05
1406136439	1.97e-05
1406136500	1.97e-05
1406136560	1.97e-05
1406136621	1.97e-05
1406136681	1.97e-05
1406136742	1.97e-05
1406136802	1.97e-05
1406136863	1.97e-05
1406136923	1.97e-05
1406136984	1.97e-05
1406137044	1.97e-05
1406137105	1.97e-05
1406137165	1.97e-05
1406137226	1.97e-05
1406137286	1.97e-05
1406137347	1.97e-05
1406137407	1.97e-05
1406137468	1.97e-05
1406137528	1.97e-05
1406137588	1.97e-05
1406137649	1.97e-05
1406137709	1.97e-05
1406137770	1.97e-05
1406137830	1.97e-05
1406137891	1.97e-05
1406137951	1.97e-05
1406138012	1.97e-05
1406138072	1.97e-05
1406138133	1.96e-05
1406138193	1.96e-05
1406138254	1.96e-05
1406138314	1.96e-05
1406138375	1.96e-05
1406138435	1.97e-05
1406138496	1.97e-05
1406138556	1.97e-05
1406138617	1.97e-05
1406138677	1.97e-05
1406138737	1.97e-05
1406138798	1.97e-05
1406138858	1.97e-05
1406138919	1.97e-05
1406138979	1.97e-05
1406139040	1.97e-05
1406139100	1.96e-05
1406139161	1.97e-05
1406139221	1.97e-05
1406139282	2e-05
1406139342	1.98e-05
1406139402	1.98e-05
1406139463	2.06e-05
1406139523	1.96e-05
1406139584	1.96e-05
1406139644	1.96e-05
1406139705	1.96e-05
1406139765	1.96e-05
1406139826	1.96e-05
1406139886	1.96e-05
1406139947	1.96e-05
1406140007	1.96e-05
1406140067	1.97e-05
1406140128	1.97e-05
1406140188	1.86e-05
1406140249	1.86e-05
1406140309	1.87e-05
1406140370	1.94e-05
1406140430	1.97e-05
1406140491	1.97e-05
1406140551	1.97e-05
1406140612	1.97e-05
1406140672	1.99e-05
1406140733	1.98e-05
1406140793	1.97e-05
1406140853	1.97e-05
1406140914	1.97e-05
1406140974	1.97e-05
1406141035	1.97e-05
1406141095	1.97e-05
1406141156	1.97e-05
1406141216	1.97e-05
1406141277	1.97e-05
1406141337	1.97e-05
1406141398	1.98e-05
1406141458	1.96e-05
1406141519	1.96e-05
1406141579	1.95e-05
1406141640	1.95e-05
1406141700	1.95e-05
1406141761	1.95e-05
1406141821	1.96e-05
1406141882	1.96e-05
1406141942	1.96e-05
1406142003	1.96e-05
1406142063	1.96e-05
1406142124	1.96e-05
1406142184	1.96e-05
1406142245	1.95e-05
1406142305	1.96e-05
1406142365	1.96e-05
1406142426	1.96e-05
1406142486	1.96e-05
1406142547	1.96e-05
1406142607	1.96e-05
1406142668	1.96e-05
1406142728	1.96e-05
1406142789	1.96e-05
1406142849	1.96e-05
1406142910	1.96e-05
1406142970	1.96e-05
1406143031	1.96e-05
1406143091	1.96e-05
1406143152	1.96e-05
1406143212	1.96e-05
1406143272	1.97e-05
1406143333	1.96e-05
1406143393	1.97e-05
1406143454	1.97e-05
1406143514	1.97e-05
1406143575	1.96e-05
1406143635	1.96e-05
1406143696	1.96e-05
1406143756	1.96e-05
1406143817	1.96e-05
1406143877	1.96e-05
1406143938	1.96e-05
1406143998	1.96e-05
1406144059	1.96e-05
1406144119	1.96e-05
1406144180	1.96e-05
1406144240	1.96e-05
1406144300	1.96e-05
1406144361	1.96e-05
1406144421	1.96e-05
1406144482	1.97e-05
1406144542	1.97e-05
1406144603	1.95e-05
1406144663	1.94e-05
1406144724	1.94e-05
1406144784	1.94e-05
1406144845	1.94e-05
1406144905	1.94e-05
1406144966	1.95e-05
1406145026	1.95e-05
1406145087	1.95e-05
1406145147	1.94e-05
1406145207	1.94e-05
1406145268	1.94e-05
1406145328	1.94e-05
1406145389	1.94e-05
1406145449	1.94e-05
1406145510	1.94e-05
1406145570	1.94e-05
1406145631	1.95e-05
1406145691	1.95e-05
1406145752	1.94e-05
1406145812	1.94e-05
1406145873	1.94e-05
1406145933	1.94e-05
1406145994	1.94e-05
1406146054	1.94e-05
1406146115	1.94e-05
1406146175	1.94e-05
1406146236	1.94e-05
1406146296	1.94e-05
1406146357	1.94e-05
1406146417	1.94e-05
1406146478	1.94e-05
1406146538	1.89e-05
1406146599	1.88e-05
1406146659	1.9e-05
1406146720	1.9e-05
1406146780	1.9e-05
1406146841	1.9e-05
1406146901	1.9e-05
1406146962	1.9e-05
1406147022	1.9e-05
1406147083	1.9e-05
1406147143	1.9e-05
1406147203	1.95e-05
1406147264	0.000125
1406147324	0.000136
1406147385	0.000137
1406147445	0.000138
1406147506	0.000138
1406147566	0.000138
1406147627	0.000138
1406147687	0.000139
1406147748	0.000139
1406147808	0.000138
1406147868	0.000138
1406147929	0.000138
1406148936	0.0
1406148997	2.27e-05
1406149058	2.17e-05
1406149118	2.12e-05
1406149179	2.1e-05
1406149239	2.09e-05
1406149300	2.09e-05
1406149360	2.09e-05
1406149421	2.09e-05
1406149481	2.09e-05
1406149542	2.09e-05
1406149602	2.09e-05
1406149663	2.09e-05
1406149723	2.09e-05
1406149783	2.09e-05
1406149844	2.09e-05
1406149904	2.09e-05
1406149965	2.09e-05
1406150025	2.09e-05
1406150086	2.09e-05
1406150146	2.09e-05
1406150207	2.09e-05
1406150267	2.09e-05
1406150328	2.09e-05
1406150388	2.09e-05
1406150449	2.09e-05
1406150509	2.09e-05
1406150570	2.09e-05
1406150630	2.09e-05
1406150691	2.09e-05
1406150751	2.09e-05
1406150812	2.09e-05
1406150872	2.09e-05
1406150933	2.09e-05
1406150993	2.09e-05
1406151053	2.09e-05
1406151114	2.09e-05
1406151174	2.09e-05
1406151235	2.08e-05
1406151295	2.08e-05
1406151356	2.08e-05
1406151416	2.07e-05
1406151477	2.07e-05
1406151537	2.07e-05
1406151598	2.07e-05
1406151658	2.07e-05
1406151719	2.07e-05
1406151779	2.07e-05
1406151839	2.07e-05
1406151900	2.04e-05
1406151960	2.03e-05
1406152021	2.02e-05
1406152081	2.02e-05
1406152142	2.02e-05
1406152202	2.02e-05
1406152263	2.02e-05
1406152323	2.02e-05
1406152384	2.02e-05
1406152444	2.03e-05
1406152505	2.01e-05
1406152565	2.01e-05
1406152626	2.01e-05
1406152686	2.01e-05
1406152746	2.01e-05
1406152807	2.01e-05
1406152867	1.99e-05
1406152928	1.99e-05
1406152988	1.99e-05
1406153049	1.99e-05
1406153109	1.98e-05
1406153170	1.97e-05
1406153230	1.97e-05
1406153291	1.97e-05
1406153351	1.97e-05
1406153412	1.97e-05
1406153472	1.96e-05
1406153533	1.96e-05
1406153593	1.96e-05
1406153653	1.96e-05
1406153714	1.96e-05
1406153774	1.96e-05
1406153835	1.96e-05
1406153895	1.96e-05
1406153956	1.96e-05
1406154016	1.96e-05
1406154077	1.96e-05
1406154137	1.96e-05
1406154198	1.96e-05
1406154258	1.96e-05
1406154319	1.96e-05
1406154379	1.96e-05
1406154440	1.96e-05
1406154500	1.95e-05
1406154560	1.95e-05
1406154621	1.95e-05
1406154681	1.96e-05
1406154742	1.96e-05
1406154802	1.96e-05
1406154863	1.95e-05
1406154923	1.95e-05
1406154984	1.95e-05
1406155044	1.95e-05
1406155105	1.95e-05
1406155165	1.95e-05
1406155226	1.95e-05
1406155286	1.95e-05
1406155347	1.95e-05
1406155407	1.95e-05
1406155468	1.95e-05
1406155528	1.95e-05
1406155588	1.95e-05
1406155649	1.95e-05
1406155709	1.95e-05
1406155770	1.95e-05
1406155830	1.94e-05
1406155891	1.94e-05
1406155951	1.94e-05
1406156012	1.94e-05
1406156072	1.94e-05
1406156133	1.94e-05
1406156193	1.94e-05
1406156254	1.94e-05
1406156314	1.94e-05
1406156375	1.94e-05
1406156435	1.94e-05
1406156495	1.94e-05
1406156556	1.94e-05
1406156616	1.94e-05
1406156677	1.94e-05
1406156737	1.94e-05
1406156798	1.93e-05
1406156858	1.93e-05
1406156919	1.92e-05
1406156979	1.92e-05
1406157040	1.92e-05
1406157100	1.92e-05
1406157160	1.92e-05
1406157221	1.94e-05
1406157281	1.92e-05
1406157342	1.92e-05
1406157402	1.93e-05
1406157463	1.93e-05
1406157523	1.93e-05
1406157584	1.93e-05
1406157644	1.93e-05
1406157705	1.93e-05
1406157765	1.93e-05
1406157826	1.93e-05
1406157886	1.93e-05
1406157946	1.93e-05
1406158007	1.93e-05
1406158067	1.93e-05
1406158128	1.93e-05
1406158188	1.93e-05
1406158249	1.93e-05
1406158309	1.92e-05
1406158370	1.92e-05
1406158430	1.92e-05
1406158491	1.92e-05
1406158551	1.92e-05
1406158612	1.92e-05
1406158672	1.9e-05
1406158732	1.91e-05
1406158793	1.91e-05
1406158853	1.92e-05
1406158914	1.91e-05
1406158974	1.92e-05
1406159035	1.92e-05
1406159095	1.91e-05
1406159156	1.91e-05
1406159216	1.91e-05
1406159277	1.91e-05
1406159337	1.91e-05
1406159398	1.91e-05
1406159458	1.91e-05
1406159519	1.91e-05
1406159579	1.9e-05
1406159639	1.9e-05
1406159700	1.9e-05
1406159760	1.9e-05
1406159821	1.9e-05
1406159881	1.9e-05
1406159942	1.9e-05
1406160002	1.9e-05
1406160063	1.9e-05
1406160123	1.9e-05
1406160184	1.9e-05
1406160244	1.84e-05
1406160304	1.86e-05
1406160365	1.85e-05
1406160425	1.84e-05
1406160486	1.84e-05
1406160546	1.85e-05
1406160607	1.84e-05
1406160667	1.84e-05
1406160728	1.84e-05
1406160788	1.84e-05
1406160849	1.84e-05
1406160909	1.84e-05
1406160970	1.87e-05
1406161030	1.84e-05
1406161091	1.84e-05
1406161151	1.84e-05
1406161211	1.84e-05
1406161272	1.83e-05
1406161332	1.83e-05
1406161393	1.83e-05
1406161453	1.83e-05
1406161514	1.83e-05
1406161574	1.83e-05
1406161635	1.83e-05
1406161695	1.83e-05
1406161755	1.83e-05
1406161816	1.81e-05
1406161876	1.75e-05
1406161937	1.76e-05
1406161997	1.76e-05
1406162058	1.77e-05
1406162118	1.77e-05
1406162179	1.77e-05
1406162239	1.84e-05
1406162300	1.88e-05
1406162360	1.87e-05
1406162421	1.89e-05
1406162481	1.86e-05
1406162541	1.86e-05
1406162602	1.86e-05
1406162662	1.86e-05
1406162723	1.86e-05
1406162783	1.87e-05
1406162844	1.87e-05
1406162904	1.86e-05
1406162965	1.85e-05
1406163025	1.85e-05
1406163086	1.72e-05
1406163146	1.72e-05
1406163206	1.72e-05
1406163267	1.75e-05
1406163327	1.75e-05
1406163388	1.77e-05
1406163448	1.77e-05
1406163509	1.82e-05
1406163569	1.84e-05
1406163630	1.85e-05
1406163690	1.85e-05
1406163750	1.84e-05
1406163811	1.83e-05
1406163871	1.83e-05
1406163932	1.82e-05
1406163992	1.82e-05
1406164053	1.82e-05
1406164113	1.82e-05
1406164174	1.81e-05
1406164234	1.81e-05
1406164295	1.81e-05
1406164355	1.81e-05
1406164416	1.81e-05
1406164476	1.81e-05
1406164537	1.81e-05
1406164597	1.82e-05
1406164658	1.82e-05
1406164718	1.82e-05
1406164779	1.81e-05
1406164839	1.81e-05
1406164900	1.81e-05
1406164960	1.81e-05
1406165021	1.81e-05
1406165081	1.81e-05
1406165142	1.8e-05
1406165202	1.8e-05
1406165262	1.8e-05
1406165323	1.8e-05
1406165383	1.8e-05
1406165444	1.8e-05
1406165504	1.8e-05
1406165565	1.8e-05
1406165625	1.8e-05
1406165686	1.8e-05
1406165746	1.8e-05
1406165807	1.8e-05
1406165867	1.8e-05
1406165928	1.8e-05
1406165988	1.8e-05
1406166048	1.8e-05
1406166109	1.8e-05
1406166169	1.8e-05
1406166230	1.8e-05
1406166290	1.78e-05
1406166351	1.78e-05
1406166411	1.78e-05
1406166472	1.78e-05
1406166532	1.78e-05
1406166593	1.78e-05
1406166653	1.77e-05
1406166714	1.77e-05
1406166774	1.77e-05
1406166835	1.77e-05
1406166895	1.77e-05
1406166955	1.77e-05
1406167016	1.77e-05
1406167076	1.77e-05
1406167137	1.77e-05
1406167197	1.77e-05
1406167258	1.77e-05
1406167318	1.77e-05
1406167379	1.77e-05
1406167439	1.77e-05
1406167500	1.77e-05
1406167560	1.77e-05
1406167621	1.77e-05
1406167681	1.77e-05
1406167742	1.8e-05
1406167802	1.77e-05
1406167863	1.76e-05
1406167923	1.76e-05
1406167984	1.76e-05
1406168044	1.76e-05
1406168104	1.76e-05
1406168165	1.76e-05
1406168225	1.76e-05
1406168286	1.76e-05
1406168346	1.76e-05
1406168407	1.76e-05
1406168467	1.76e-05
1406168528	1.76e-05
1406168588	1.76e-05
1406168649	1.76e-05
1406168709	1.76e-05
1406168770	1.76e-05
1406168830	1.76e-05
1406168890	1.76e-05
1406168951	1.76e-05
1406169011	1.76e-05
1406169072	1.76e-05
1406169132	1.75e-05
1406169193	1.75e-05
1406169253	1.75e-05
1406169314	1.75e-05
1406169374	1.75e-05
1406169435	1.75e-05
1406169495	1.75e-05
1406169556	1.75e-05
1406169616	1.75e-05
1406169677	1.75e-05
1406169737	1.75e-05
1406169798	1.75e-05
1406169858	1.75e-05
1406169919	1.75e-05
1406169979	1.75e-05
1406170040	1.75e-05
1406170100	1.74e-05
1406170160	1.78e-05
1406170221	1.79e-05
1406170281	1.79e-05
1406170342	1.79e-05
1406170402	1.79e-05
1406170463	1.79e-05
1406170523	1.79e-05
1406170584	1.79e-05
1406170644	1.79e-05
1406170705	1.79e-05
1406170765	1.79e-05
1406170826	1.79e-05
1406170886	1.79e-05
1406170947	1.78e-05
1406171007	1.78e-05
1406171067	1.78e-05
1406171128	1.78e-05
1406171188	1.78e-05
1406171249	1.78e-05
1406171309	1.78e-05
1406171370	1.78e-05
1406171430	1.78e-05
1406171491	1.78e-05
1406171551	1.78e-05
1406171612	1.78e-05
1406171672	1.78e-05
1406171733	1.78e-05
1406171793	1.78e-05
1406171854	1.78e-05
1406171914	1.78e-05
1406171975	1.78e-05
1406172035	1.77e-05
1406172096	1.77e-05
1406172156	1.77e-05
1406172217	1.77e-05
1406172277	1.77e-05
1406172338	1.77e-05
1406172398	1.77e-05
1406172459	1.77e-05
1406172519	1.77e-05
1406172579	1.77e-05
1406172640	1.77e-05
1406172700	1.77e-05
1406172761	1.77e-05
1406172821	1.77e-05
1406172882	1.77e-05
1406172942	1.77e-05
1406173003	1.77e-05
1406173063	1.77e-05
1406173124	1.76e-05
1406173184	1.76e-05
1406173245	1.76e-05
1406173305	1.76e-05
1406173366	1.76e-05
1406173426	1.76e-05
1406173487	1.76e-05
1406173547	1.76e-05
1406173608	1.76e-05
1406173668	1.76e-05
1406173728	1.76e-05
1406173789	1.76e-05
1406173849	1.76e-05
1406173910	1.76e-05
1406173970	1.76e-05
1406174031	1.76e-05
1406174091	1.76e-05
1406174152	1.76e-05
1406174212	1.75e-05
1406174273	1.75e-05
1406174333	1.7e-05
1406174394	1.7e-05
1406174454	1.74e-05
1406174514	1.74e-05
1406174575	1.74e-05
1406174635	1.74e-05
1406174696	1.74e-05
1406174756	1.74e-05
1406174817	1.74e-05
1406174877	1.73e-05
1406174938	1.73e-05
1406174998	1.73e-05
1406175059	1.73e-05
1406175119	1.73e-05
1406175180	1.73e-05
1406175240	1.73e-05
1406175301	1.73e-05
1406175361	1.73e-05
1406175422	1.73e-05
1406175482	1.73e-05
1406175543	1.73e-05
1406175603	1.73e-05
1406175664	1.73e-05
1406175724	1.73e-05
1406175785	1.72e-05
1406175845	1.72e-05
1406175906	1.72e-05
1406175966	1.72e-05
1406176027	1.72e-05
1406176087	1.73e-05
1406176148	1.72e-05
1406176208	1.72e-05
1406176268	1.72e-05
1406176329	1.72e-05
1406176389	1.72e-05
1406176450	1.72e-05
1406176510	1.72e-05
1406176571	1.72e-05
1406176631	1.72e-05
1406176692	1.72e-05
1406176752	1.72e-05
1406176813	1.72e-05
1406176873	1.72e-05
1406176934	1.71e-05
1406176994	1.71e-05
1406177055	1.75e-05
1406177115	1.75e-05
1406177176	1.75e-05
1406177236	1.75e-05
1406177297	1.75e-05
1406177357	1.75e-05
1406177418	1.75e-05
1406177478	1.75e-05
1406177538	1.75e-05
1406177599	1.74e-05
1406177659	1.74e-05
1406177720	1.74e-05
1406177780	1.74e-05
1406177841	1.73e-05
1406177901	1.73e-05
1406177962	1.73e-05
1406178022	1.73e-05
1406178083	1.73e-05
1406178143	1.73e-05
1406178204	1.73e-05
1406178264	1.73e-05
1406178325	1.73e-05
1406178385	1.73e-05
1406178446	1.73e-05
1406178506	1.73e-05
1406178567	1.73e-05
1406178627	1.73e-05
1406178688	1.73e-05
1406178748	1.73e-05
1406178809	1.73e-05
1406178869	1.73e-05
1406178930	1.72e-05
1406178990	1.72e-05
1406179051	1.72e-05
1406179111	1.72e-05
1406179172	1.72e-05
1406179232	1.72e-05
1406179293	1.72e-05
1406179353	1.72e-05
1406179414	1.72e-05
1406179474	1.72e-05
1406179534	1.72e-05
1406179595	1.72e-05
1406179655	1.72e-05
1406179716	1.72e-05
1406179776	1.72e-05
1406179837	1.71e-05
1406179897	1.71e-05
1406179958	1.73e-05
1406180018	1.73e-05
1406180079	1.73e-05
1406180139	1.72e-05
1406180200	1.72e-05
1406180260	1.72e-05
1406180321	1.72e-05
1406180381	1.72e-05
1406180441	1.72e-05
1406180502	1.72e-05
1406180563	1.72e-05
1406180623	1.72e-05
1406180684	1.72e-05
1406180744	1.72e-05
1406180804	1.72e-05
1406180865	1.72e-05
1406180925	1.72e-05
1406180986	1.72e-05
1406181046	1.72e-05
1406181107	1.72e-05
1406181167	1.71e-05
1406181228	1.71e-05
1406181288	1.71e-05
1406181349	1.71e-05
1406181409	1.71e-05
1406181470	1.71e-05
1406181530	1.71e-05
1406181591	1.71e-05
1406181651	1.71e-05
1406181712	1.71e-05
1406181772	1.71e-05
1406181833	1.71e-05
1406181893	1.71e-05
1406181954	1.71e-05
1406182014	1.71e-05
1406182075	1.71e-05
1406182135	1.71e-05
1406182196	1.7e-05
1406182256	1.7e-05
1406182317	1.7e-05
1406182377	1.7e-05
1406182437	1.7e-05
1406182498	1.7e-05
1406182558	1.7e-05
1406182619	1.7e-05
1406182679	1.7e-05
1406182740	1.69e-05
1406182800	1.69e-05
1406182861	1.69e-05
1406182921	1.69e-05
1406182982	1.69e-05
1406183042	1.69e-05
1406183103	1.69e-05
1406183163	1.69e-05
1406183224	1.69e-05
1406183284	1.69e-05
1406183345	1.69e-05
1406183405	1.69e-05
1406183465	1.69e-05
1406183526	1.68e-05
1406183586	1.68e-05
1406183647	1.68e-05
1406183707	1.67e-05
1406183768	1.67e-05
1406183828	1.67e-05
1406183889	1.67e-05
1406183949	1.67e-05
1406184010	1.67e-05
1406184070	1.67e-05
1406184131	1.67e-05
1406184191	1.67e-05
1406184252	1.67e-05
1406184312	1.67e-05
1406184373	1.67e-05
1406184433	1.67e-05
1406184494	1.67e-05
1406184554	1.67e-05
1406184615	1.67e-05
1406184675	1.67e-05
1406184736	1.66e-05
1406184796	1.66e-05
1406184857	1.66e-05
1406184917	1.68e-05
1406184978	1.68e-05
1406185038	1.64e-05
1406185099	1.64e-05
1406185159	1.65e-05
1406185219	1.65e-05
1406185280	1.65e-05
1406185340	1.65e-05
1406185401	1.64e-05
1406185461	1.65e-05
1406185522	1.65e-05
1406185582	1.65e-05
1406185643	1.65e-05
1406185703	1.65e-05
1406185764	1.65e-05
1406185824	1.65e-05
1406185885	1.65e-05
1406185945	1.65e-05
1406186006	1.65e-05
1406186066	1.65e-05
1406186127	1.65e-05
1406186187	1.65e-05
1406186248	1.65e-05
1406186308	1.65e-05
1406186369	1.65e-05
1406186429	1.65e-05
1406186490	1.65e-05
1406186550	1.65e-05
1406186611	1.65e-05
1406186671	1.65e-05
1406186732	1.65e-05
1406186792	1.65e-05
1406186853	1.65e-05
1406186913	1.64e-05
1406186973	1.64e-05
1406187034	1.64e-05
1406187094	1.64e-05
1406187155	1.64e-05
1406187215	1.64e-05
1406187276	1.64e-05
1406187336	1.64e-05
1406187397	1.64e-05
1406187457	1.64e-05
1406187518	1.64e-05
1406187578	1.64e-05
1406187639	1.64e-05
1406187699	1.64e-05
1406187760	1.64e-05
1406187820	1.64e-05
1406187881	1.64e-05
1406187941	1.64e-05
1406188001	1.64e-05
1406188062	1.64e-05
1406188122	1.64e-05
1406188183	1.63e-05
1406188243	1.63e-05
1406188304	1.63e-05
1406188364	1.63e-05
1406188425	1.63e-05
1406188485	1.63e-05
1406188546	1.63e-05
1406188606	1.63e-05
1406188667	1.63e-05
1406188727	1.63e-05
1406188788	1.63e-05
1406188848	1.63e-05
1406188909	1.63e-05
1406188969	1.63e-05
1406189030	1.63e-05
1406189090	1.63e-05
1406189151	1.63e-05
1406189211	1.63e-05
1406189271	1.63e-05
1406189332	1.63e-05
1406189392	1.63e-05
1406189453	1.62e-05
1406189513	1.62e-05
1406189574	1.62e-05
1406189634	1.62e-05
1406189695	1.62e-05
1406189755	1.62e-05
1406189816	1.62e-05
1406189876	1.62e-05
1406189937	1.62e-05
1406189997	1.62e-05
1406190058	1.62e-05
1406190118	1.62e-05
1406190179	1.62e-05
1406190239	1.62e-05
1406190300	1.62e-05
1406190360	1.62e-05
1406190420	1.62e-05
1406190481	1.62e-05
1406190541	1.59e-05
1406190602	1.59e-05
1406190662	1.6e-05
1406190723	1.6e-05
1406190783	1.6e-05
1406190844	1.6e-05
1406190904	1.6e-05
1406190965	1.6e-05
1406191025	1.6e-05
1406191086	1.6e-05
1406191146	1.6e-05
1406191207	1.6e-05
1406191268	1.6e-05
1406191328	1.6e-05
1406191388	1.6e-05
1406191449	1.6e-05
1406191509	1.47e-05
1406191570	1.42e-05
1406191630	1.5e-05
1406191691	1.5e-05
1406191751	1.48e-05
1406191812	1.48e-05
1406191872	1.48e-05
1406191933	1.48e-05
1406191993	1.48e-05
1406192054	1.48e-05
1406192114	1.48e-05
1406192174	1.48e-05
1406192235	1.48e-05
1406192295	1.48e-05
1406192356	1.48e-05
1406192416	1.48e-05
1406192477	1.48e-05
1406192537	1.48e-05
1406192598	1.48e-05
1406192658	1.48e-05
1406192719	1.48e-05
1406192779	1.48e-05
1406192840	1.48e-05
1406192900	1.48e-05
1406192961	1.48e-05
1406193021	1.48e-05
1406193082	1.48e-05
1406193142	1.48e-05
1406193203	1.47e-05
1406193263	1.47e-05
1406193324	1.47e-05
1406193384	1.47e-05
1406193445	1.47e-05
1406193505	1.47e-05
1406193566	1.47e-05
1406193626	1.47e-05
1406193687	1.47e-05
1406193747	1.47e-05
1406193808	1.47e-05
1406193868	1.47e-05
1406193928	1.47e-05
1406193989	1.47e-05
1406194049	1.47e-05
1406194110	1.47e-05
1406194170	1.47e-05
1406194231	1.47e-05
1406194291	1.47e-05
1406194352	1.47e-05
1406194412	1.47e-05
1406194473	1.47e-05
1406194533	1.47e-05
1406194594	1.47e-05
1406194654	1.47e-05
1406194715	1.47e-05
1406194775	1.47e-05
1406194836	1.47e-05
1406194896	1.47e-05
1406194957	1.46e-05
1406195017	1.46e-05
1406195078	1.46e-05
1406195138	1.46e-05
1406195198	1.46e-05
1406195259	1.46e-05
1406195319	1.46e-05
1406195380	1.46e-05
1406195441	1.46e-05
1406195501	1.46e-05
1406195561	1.45e-05
1406195622	1.45e-05
1406195682	1.45e-05
1406195743	1.45e-05
1406195803	1.45e-05
1406195864	1.45e-05
1406195924	1.45e-05
1406195985	1.45e-05
1406196045	1.45e-05
1406196106	1.45e-05
1406196166	1.45e-05
1406196227	1.45e-05
1406196287	1.45e-05
1406196348	1.45e-05
1406196408	1.45e-05
1406196469	1.45e-05
1406196529	1.45e-05
1406196590	1.45e-05
1406196650	1.45e-05
1406196711	1.45e-05
1406196771	1.45e-05
1406196832	1.45e-05
1406196892	1.45e-05
1406196953	1.45e-05
1406197013	1.45e-05
1406197074	1.45e-05
1406197134	1.45e-05
1406197194	1.44e-05
1406197255	1.45e-05
1406197315	1.44e-05
1406197376	1.44e-05
1406197436	1.44e-05
1406197497	1.44e-05
1406197557	1.45e-05
1406197618	1.45e-05
1406197678	1.44e-05
1406197739	1.44e-05
1406197799	1.44e-05
1406197860	1.44e-05
1406197920	1.44e-05
1406197981	1.44e-05
1406198041	1.44e-05
1406198102	1.44e-05
1406198162	1.44e-05
1406198223	1.44e-05
1406198283	1.44e-05
1406198344	1.44e-05
1406198404	1.44e-05
1406198465	1.44e-05
1406198525	1.44e-05
1406198586	1.43e-05
1406198646	1.43e-05
1406198707	1.43e-05
1406198767	1.43e-05
1406198828	1.43e-05
1406198888	1.43e-05
1406198949	1.43e-05
1406199009	1.43e-05
1406199069	1.43e-05
1406199130	1.43e-05
1406199190	1.43e-05
1406199251	1.43e-05
1406199311	1.43e-05
1406199372	1.43e-05
1406199432	1.43e-05
1406199493	1.43e-05
1406199553	1.43e-05
1406199614	1.43e-05
1406199674	1.43e-05
1406199735	1.43e-05
1406199795	1.43e-05
1406199856	1.43e-05
1406199916	1.43e-05
1406199977	1.43e-05
1406200037	1.43e-05
1406200098	1.43e-05
1406200158	1.43e-05
1406200219	1.43e-05
1406200279	1.43e-05
1406200340	1.43e-05
1406200400	1.43e-05
1406200461	1.43e-05
1406200521	1.43e-05
1406200582	1.43e-05
1406200642	1.43e-05
1406200703	1.42e-05
1406200763	1.42e-05
1406200824	1.42e-05
1406200884	1.42e-05
1406200944	1.43e-05
1406201005	1.44e-05
1406201065	1.45e-05
1406201126	1.46e-05
1406201186	1.46e-05
1406201247	1.47e-05
1406201307	1.47e-05
1406201368	1.47e-05
1406201428	1.48e-05
1406201489	1.48e-05
1406201549	1.48e-05
1406201610	1.48e-05
1406201670	1.49e-05
1406201731	1.49e-05
1406201791	1.49e-05
1406201851	1.49e-05
1406201912	1.49e-05
1406201972	1.49e-05
1406202033	1.49e-05
1406202093	1.5e-05
1406202154	1.5e-05
1406202214	1.57e-05
1406202275	1.58e-05
1406202335	1.58e-05
1406202396	1.58e-05
1406202456	1.57e-05
1406202517	1.57e-05
1406202577	1.57e-05
1406202638	1.57e-05
1406202698	1.57e-05
1406202758	1.57e-05
1406202819	1.57e-05
1406202880	1.57e-05
1406202940	1.57e-05
1406203000	1.57e-05
1406203061	1.58e-05
1406203121	1.57e-05
1406203182	1.58e-05
1406203242	1.57e-05
1406203303	1.58e-05
1406203363	1.58e-05
1406203424	1.56e-05
1406203484	1.56e-05
1406203545	1.56e-05
1406203605	1.56e-05
1406203666	1.56e-05
1406203726	1.56e-05
1406203787	1.56e-05
1406203847	1.56e-05
1406203908	1.56e-05
1406203968	1.56e-05
1406204029	1.56e-05
1406204089	1.56e-05
1406204150	1.56e-05
1406204210	1.56e-05
1406204271	1.56e-05
1406204331	1.56e-05
1406204392	1.56e-05
1406204452	1.56e-05
1406204513	1.56e-05
1406204573	1.56e-05
1406204634	1.56e-05
1406204694	1.56e-05
1406204755	1.56e-05
1406204815	1.56e-05
1406204876	1.56e-05
1406204936	1.56e-05
1406204996	1.56e-05
1406205057	1.55e-05
1406205117	1.55e-05
1406205178	1.55e-05
1406205238	1.55e-05
1406205299	1.55e-05
1406205359	1.55e-05
1406205420	1.55e-05
1406205480	1.55e-05
1406205541	1.55e-05
1406205601	1.55e-05
1406205662	1.55e-05
1406205722	1.53e-05
1406205783	1.53e-05
1406205843	1.53e-05
1406205904	1.53e-05
1406205964	1.53e-05
1406206025	1.54e-05
1406206085	1.52e-05
1406206145	1.52e-05
1406206206	1.52e-05
1406206266	1.53e-05
1406206327	1.53e-05
1406206387	1.53e-05
1406206448	1.53e-05
1406206508	1.52e-05
1406206569	1.52e-05
1406206629	1.45e-05
1406206690	1.45e-05
1406206750	1.49e-05
1406206811	1.48e-05
1406206871	1.48e-05
1406206932	1.48e-05
1406206992	1.48e-05
1406207053	1.48e-05
1406207113	1.48e-05
1406207174	1.48e-05
1406207234	1.48e-05
1406207295	1.48e-05
1406207355	1.48e-05
1406207416	1.48e-05
1406207476	1.48e-05
1406207537	1.48e-05
1406207597	1.48e-05
1406207657	1.48e-05
1406207718	1.49e-05
1406207778	1.49e-05
1406207839	1.49e-05
1406207899	1.49e-05
1406207960	1.49e-05
1406208020	1.49e-05
1406208081	1.49e-05
1406208141	1.49e-05
1406208202	1.49e-05
1406208262	1.49e-05
1406208323	1.49e-05
1406208383	1.49e-05
1406208444	1.49e-05
1406208504	1.49e-05
1406208564	1.49e-05
1406208625	1.49e-05
1406208685	1.49e-05
1406208746	1.49e-05
1406208806	1.49e-05
1406208867	1.49e-05
1406208927	1.49e-05
1406208988	1.49e-05
1406209048	1.49e-05
1406209109	1.49e-05
1406209169	1.49e-05
1406209230	1.49e-05
1406209290	1.49e-05
1406209351	1.49e-05
1406209411	1.49e-05
1406209472	1.49e-05
1406209532	1.49e-05
1406209593	1.49e-05
1406209653	1.37e-05
1406209713	1.37e-05
1406209774	1.37e-05
1406209834	1.37e-05
1406209895	1.37e-05
1406209955	1.37e-05
1406210016	1.37e-05
1406210076	1.36e-05
1406210137	1.36e-05
1406210197	1.36e-05
1406210258	1.36e-05
1406210318	1.36e-05
1406210379	1.36e-05
1406210439	1.37e-05
1406210500	1.36e-05
1406210560	1.38e-05
1406210620	1.35e-05
1406210681	1.35e-05
1406210741	1.35e-05
1406210802	1.35e-05
1406210862	1.36e-05
1406210923	1.36e-05
1406210983	1.35e-05
1406211044	1.35e-05
1406211104	1.35e-05
1406211165	1.36e-05
1406211225	1.35e-05
1406211286	8.28e-05
1406211346	0.000103
1406211407	0.000105
1406211467	0.000105
1406211528	0.000106
1406211588	0.000106
1406211649	0.000106
1406211709	0.000106
1406211770	0.000106
1406211830	0.000106
1406211891	0.000106
1406211951	0.000106
1406213704	0.0
1406213765	1.76e-05
1406213825	1.67e-05
1406213886	1.63e-05
1406213946	1.61e-05
1406214007	1.61e-05
1406214067	1.6e-05
1406214128	1.6e-05
1406214188	1.6e-05
1406214249	1.6e-05
1406214309	1.6e-05
1406214370	1.6e-05
1406214430	1.6e-05
1406214491	1.6e-05
1406214551	1.6e-05
1406214612	1.6e-05
1406214672	1.6e-05
1406214732	1.6e-05
1406214793	1.6e-05
1406214853	1.6e-05
1406214914	1.6e-05
1406214974	1.6e-05
1406215035	1.6e-05
1406215095	1.6e-05
1406215156	1.6e-05
1406215216	1.6e-05
1406215277	1.6e-05
1406215337	1.6e-05
1406215398	1.6e-05
1406215458	1.6e-05
1406215519	1.6e-05
1406215579	1.6e-05
1406215640	1.6e-05
1406215700	1.6e-05
1406215761	1.6e-05
1406215821	1.6e-05
1406215882	1.6e-05
1406215942	1.6e-05
1406216003	1.6e-05
1406216063	1.59e-05
1406216124	1.59e-05
1406216184	1.59e-05
1406216245	1.59e-05
1406216305	1.59e-05
1406216366	1.59e-05
1406216426	1.59e-05
1406216487	1.6e-05
1406216547	1.58e-05
1406216608	1.57e-05
1406216668	1.58e-05
1406216728	1.58e-05
1406216789	1.58e-05
1406216849	1.58e-05
1406216910	1.58e-05
1406216970	1.57e-05
1406217031	1.57e-05
1406217091	1.57e-05
1406217152	1.54e-05
1406217212	1.54e-05
1406217273	1.54e-05
1406217333	1.54e-05
1406217394	1.55e-05
1406217454	1.54e-05
1406217515	1.54e-05
1406217575	1.54e-05
1406217635	1.54e-05
1406217696	1.54e-05
1406217756	1.54e-05
1406217817	1.54e-05
1406217877	1.53e-05
1406217938	1.53e-05
1406217998	1.53e-05
1406218059	1.53e-05
1406218119	1.53e-05
1406218180	1.53e-05
1406218240	1.53e-05
1406218301	1.53e-05
1406218361	1.52e-05
1406218422	1.52e-05
1406218482	1.52e-05
1406218542	1.52e-05
1406218603	1.52e-05
1406218663	1.52e-05
1406218724	1.52e-05
1406218784	1.52e-05
1406218845	1.52e-05
1406218905	1.52e-05
1406218966	1.52e-05
1406219026	1.52e-05
1406219087	1.52e-05
1406219147	1.52e-05
1406219208	1.52e-05
1406219268	1.51e-05
1406219328	1.5e-05
1406219389	1.51e-05
1406219449	1.51e-05
1406219510	1.51e-05
1406219570	1.51e-05
1406219631	1.5e-05
1406219691	1.5e-05
1406219752	1.5e-05
1406219812	1.5e-05
1406219873	1.5e-05
1406219933	1.5e-05
1406219994	1.5e-05
1406220054	1.5e-05
1406220114	1.49e-05
1406220175	1.49e-05
1406220236	1.49e-05
1406220296	1.5e-05
1406220356	1.5e-05
1406220417	1.5e-05
1406220477	1.5e-05
1406220538	1.49e-05
1406220598	1.49e-05
1406220659	1.49e-05
1406220719	1.49e-05
1406220780	1.49e-05
1406220840	1.49e-05
1406220901	1.49e-05
1406220961	1.48e-05
1406221022	1.49e-05
1406221082	1.49e-05
1406221143	1.49e-05
1406221203	1.48e-05
1406221264	1.48e-05
1406221324	1.49e-05
1406221385	1.49e-05
1406221445	1.49e-05
1406221506	1.49e-05
1406221566	1.49e-05
1406221626	1.49e-05
1406221687	1.48e-05
1406221747	1.48e-05
1406221808	1.48e-05
1406221868	1.48e-05
1406221929	1.48e-05
1406221989	1.48e-05
1406222050	1.48e-05
1406222110	1.48e-05
1406222171	1.49e-05
1406222231	1.49e-05
1406222292	1.48e-05
1406222352	1.48e-05
1406222413	1.49e-05
1406222473	1.48e-05
1406222534	1.48e-05
1406222594	1.49e-05
1406222655	1.48e-05
1406222715	1.48e-05
1406222776	1.48e-05
1406222836	1.48e-05
1406222897	1.48e-05
1406222957	1.48e-05
1406223018	1.48e-05
1406223078	1.48e-05
1406223138	1.48e-05
1406223199	1.48e-05
1406223259	1.47e-05
1406223320	1.47e-05
1406223380	1.48e-05
1406223441	1.47e-05
1406223501	1.47e-05
1406223562	1.47e-05
1406223622	1.47e-05
1406223683	1.47e-05
1406223743	1.47e-05
1406223804	1.47e-05
1406223864	1.47e-05
1406223925	1.47e-05
1406223985	1.47e-05
1406224046	1.47e-05
1406224106	1.47e-05
1406224167	1.47e-05
1406224227	1.47e-05
1406224288	1.47e-05
1406224348	1.47e-05
1406224409	1.46e-05
1406224469	1.47e-05
1406224529	1.47e-05
1406224590	1.47e-05
1406224650	1.47e-05
1406224711	1.47e-05
1406224771	1.47e-05
1406224832	1.47e-05
1406224892	1.47e-05
1406224953	1.47e-05
1406225013	1.47e-05
1406225074	1.47e-05
1406225134	1.47e-05
1406225195	1.47e-05
1406225255	1.47e-05
1406225316	1.47e-05
1406225376	1.47e-05
1406225437	1.47e-05
1406225497	1.43e-05
1406225557	1.44e-05
1406225618	1.44e-05
1406225678	1.44e-05
1406225739	1.44e-05
1406225799	1.44e-05
1406225860	1.44e-05
1406225920	1.44e-05
1406225981	1.44e-05
1406226041	1.44e-05
1406226102	1.43e-05
1406226162	1.43e-05
1406226223	1.43e-05
1406226283	1.43e-05
1406226344	1.44e-05
1406226404	1.44e-05
1406226465	1.44e-05
1406226525	1.44e-05
1406226586	1.44e-05
1406226646	1.44e-05
1406226707	1.44e-05
1406226767	1.44e-05
1406226828	1.44e-05
1406226888	1.44e-05
1406226949	1.44e-05
1406227009	1.44e-05
1406227070	1.44e-05
1406227130	1.44e-05
1406227191	1.44e-05
1406227251	1.44e-05
1406227312	1.44e-05
1406227372	1.44e-05
1406227433	1.44e-05
1406227493	1.44e-05
1406227554	1.44e-05
1406227614	1.44e-05
1406227675	1.44e-05
1406227735	1.44e-05
1406227795	1.44e-05
1406227856	1.44e-05
1406227916	1.44e-05
1406227977	1.44e-05
1406228037	1.44e-05
1406228098	1.44e-05
1406228158	1.44e-05
1406228219	1.44e-05
1406228279	1.43e-05
1406228340	1.43e-05
1406228400	1.44e-05
1406228460	1.43e-05
1406228521	1.43e-05
1406228581	1.43e-05
1406228642	1.43e-05
1406228702	1.43e-05
1406228763	1.43e-05
1406228823	1.43e-05
1406228884	1.43e-05
1406228944	1.43e-05
1406229005	1.43e-05
1406229065	1.43e-05
1406229126	1.43e-05
1406229186	1.43e-05
1406229247	1.43e-05
1406229307	1.43e-05
1406229368	1.43e-05
1406229428	1.43e-05
1406229489	1.43e-05
1406229549	1.43e-05
1406229610	1.43e-05
1406229670	1.43e-05
1406229730	1.43e-05
1406229791	1.43e-05
1406229851	1.43e-05
1406229912	1.43e-05
1406229972	1.43e-05
1406230033	1.43e-05
1406230093	1.43e-05
1406230154	1.43e-05
1406230214	1.43e-05
1406230275	1.43e-05
1406230335	1.43e-05
1406230395	1.41e-05
1406230456	1.41e-05
1406230516	1.42e-05
1406230577	1.41e-05
1406230638	1.41e-05
1406230698	1.41e-05
1406230759	1.41e-05
1406230819	1.41e-05
1406230879	1.41e-05
1406230940	1.41e-05
1406231000	1.41e-05
1406231061	1.41e-05
1406231121	1.41e-05
1406231182	1.41e-05
1406231242	1.41e-05
1406231303	1.41e-05
1406231363	1.41e-05
1406231424	1.41e-05
1406231484	1.41e-05
1406231545	1.41e-05
1406231605	1.41e-05
1406231666	1.41e-05
1406231726	1.41e-05
1406231786	1.41e-05
1406231847	1.41e-05
1406231907	1.41e-05
1406231968	1.41e-05
1406232028	1.41e-05
1406232089	1.41e-05
1406232149	1.41e-05
1406232210	1.41e-05
1406232270	1.44e-05
1406232331	1.44e-05
1406232391	1.44e-05
1406232452	1.44e-05
1406232512	1.44e-05
1406232573	1.44e-05
1406232633	1.44e-05
1406232694	1.44e-05
1406232754	1.44e-05
1406232814	1.44e-05
1406232875	1.44e-05
1406232935	1.43e-05
1406232996	1.43e-05
1406233056	1.42e-05
1406233117	1.42e-05
1406233177	1.42e-05
1406233238	1.42e-05
1406233298	1.42e-05
1406233359	1.42e-05
1406233419	1.42e-05
1406233480	1.42e-05
1406233540	1.42e-05
1406233601	1.42e-05
1406233661	1.42e-05
1406233721	1.42e-05
1406233782	1.42e-05
1406233842	1.42e-05
1406233903	1.42e-05
1406233963	1.42e-05
1406234024	1.42e-05
1406234084	1.42e-05
1406234145	1.42e-05
1406234205	1.42e-05
1406234266	1.42e-05
1406234326	1.42e-05
1406234387	1.42e-05
1406234447	1.42e-05
1406234508	1.42e-05
1406234568	1.42e-05
1406234629	1.42e-05
1406234689	1.42e-05
1406234750	1.42e-05
1406234810	1.42e-05
1406234871	1.42e-05
1406234931	1.42e-05
1406234992	1.42e-05
1406235052	1.42e-05
1406235112	1.41e-05
1406235173	1.41e-05
1406235233	1.42e-05
1406235294	1.42e-05
1406235354	1.42e-05
1406235415	1.42e-05
1406235475	1.42e-05
1406235536	1.42e-05
1406235596	1.42e-05
1406235657	1.43e-05
1406235717	1.43e-05
1406235778	8.21e-05
1406235838	0.000102
1406235898	0.000106
1406235959	0.000106
1406236019	0.000106
1406236080	0.000107
1406236140	0.000107
1406236201	0.000107
1406236261	0.000107
1406236322	0.000107
1406236382	0.000108
1406236443	0.000108
1406237485	0.0
1406237545	1.59e-05
1406237606	1.53e-05
1406237666	1.51e-05
1406237727	1.49e-05
1406237787	1.49e-05
1406237847	1.48e-05
1406237908	1.48e-05
1406237968	1.48e-05
1406238029	1.48e-05
1406238089	1.48e-05
1406238150	1.48e-05
1406238210	1.48e-05
1406238271	1.48e-05
1406238331	1.48e-05
1406238392	1.48e-05
1406238452	1.48e-05
1406238513	1.48e-05
1406238573	1.48e-05
1406238634	1.48e-05
1406238694	1.48e-05
1406238755	1.48e-05
1406238815	1.48e-05
1406238876	1.48e-05
1406238936	1.48e-05
1406238997	1.48e-05
1406239057	1.48e-05
1406239118	1.48e-05
1406239178	1.47e-05
1406239239	1.47e-05
1406239299	1.47e-05
1406239360	1.47e-05
1406239420	1.47e-05
1406239481	1.47e-05
1406239541	1.47e-05
1406239602	1.47e-05
1406239662	1.47e-05
1406239722	1.47e-05
1406239783	1.47e-05
1406239843	1.47e-05
1406239904	1.47e-05
1406239964	1.47e-05
1406240025	1.47e-05
1406240085	1.47e-05
1406240146	1.47e-05
1406240206	1.47e-05
1406240267	1.47e-05
1406240327	1.47e-05
1406240387	1.47e-05
1406240448	1.47e-05
1406240508	1.47e-05
1406240569	1.47e-05
1406240629	1.47e-05
1406240690	1.47e-05
1406240750	1.47e-05
1406240811	1.47e-05
1406240871	1.47e-05
1406240932	1.46e-05
1406240992	1.46e-05
1406241053	1.46e-05
1406241113	1.46e-05
1406241174	1.46e-05
1406241234	1.46e-05
1406241295	1.46e-05
1406241355	1.46e-05
1406241415	1.46e-05
1406241476	1.46e-05
1406241536	1.46e-05
1406241597	1.46e-05
1406241657	1.46e-05
1406241718	1.46e-05
1406241778	1.46e-05
1406241839	1.46e-05
1406241899	1.46e-05
1406241960	1.46e-05
1406242020	1.46e-05
1406242081	1.46e-05
1406242141	1.46e-05
1406242202	1.46e-05
1406242262	1.46e-05
1406242323	1.46e-05
1406242383	1.46e-05
1406242444	1.46e-05
1406242504	1.46e-05
1406242565	1.46e-05
1406242625	1.47e-05
1406242685	1.46e-05
1406242746	1.46e-05
1406242806	1.46e-05
1406242867	1.46e-05
1406242927	1.46e-05
1406242988	1.44e-05
1406243048	1.44e-05
1406243109	1.43e-05
1406243169	1.43e-05
1406243230	1.43e-05
1406243290	1.43e-05
1406243351	1.43e-05
1406243411	1.43e-05
1406243471	1.43e-05
1406243532	1.43e-05
1406243593	1.43e-05
1406243653	1.43e-05
1406243713	1.43e-05
1406243774	1.43e-05
1406243834	1.43e-05
1406243895	1.43e-05
1406243955	1.43e-05
1406244016	1.43e-05
1406244076	1.43e-05
1406244137	1.43e-05
1406244197	1.43e-05
1406244258	1.43e-05
1406244318	1.43e-05
1406244379	1.43e-05
1406244439	1.43e-05
1406244499	1.43e-05
1406244560	1.43e-05
1406244620	1.42e-05
1406244681	1.42e-05
1406244741	1.42e-05
1406244802	1.42e-05
1406244862	1.42e-05
1406244923	1.42e-05
1406244983	1.42e-05
1406245044	1.42e-05
1406245104	1.42e-05
1406245165	1.42e-05
1406245225	1.42e-05
1406245286	1.42e-05
1406245346	1.42e-05
1406245407	1.42e-05
1406245467	1.42e-05
1406245528	1.42e-05
1406245588	1.42e-05
1406245649	1.42e-05
1406245709	1.42e-05
1406245770	1.42e-05
1406245830	1.42e-05
1406245890	1.42e-05
1406245951	1.42e-05
1406246011	1.42e-05
1406246072	1.41e-05
1406246132	1.41e-05
1406246193	1.41e-05
1406246253	1.41e-05
1406246314	1.41e-05
1406246374	1.41e-05
1406246435	1.4e-05
1406246495	1.4e-05
1406246555	1.41e-05
1406246616	1.4e-05
1406246676	1.4e-05
1406246737	1.4e-05
1406246797	1.4e-05
1406246858	1.4e-05
1406246918	1.4e-05
1406246979	1.4e-05
1406247039	1.4e-05
1406247100	1.4e-05
1406247160	1.4e-05
1406247221	1.4e-05
1406247281	1.4e-05
1406247342	1.4e-05
1406247402	1.4e-05
1406247463	1.4e-05
1406247523	1.4e-05
1406247583	1.4e-05
1406247644	1.39e-05
1406247704	1.39e-05
1406247765	1.39e-05
1406247825	1.39e-05
1406247886	1.39e-05
1406247946	1.39e-05
1406248007	1.39e-05
1406248067	1.39e-05
1406248128	1.39e-05
1406248188	1.39e-05
1406248249	1.39e-05
1406248309	1.39e-05
1406248370	1.39e-05
1406248430	1.39e-05
1406248491	1.39e-05
1406248551	1.39e-05
1406248611	1.39e-05
1406248672	1.38e-05
1406248732	1.38e-05
1406248793	1.38e-05
1406248853	1.38e-05
1406248914	1.38e-05
1406248974	1.38e-05
1406249035	1.38e-05
1406249095	1.38e-05
1406249156	1.38e-05
1406249216	1.38e-05
1406249277	1.38e-05
1406249337	1.38e-05
1406249398	1.38e-05
1406249458	1.38e-05
1406249519	1.38e-05
1406249579	1.38e-05
1406249639	1.38e-05
1406249700	1.38e-05
1406249760	1.38e-05
1406249821	1.38e-05
1406249881	1.38e-05
1406249942	1.38e-05
1406250002	1.37e-05
1406250063	1.37e-05
1406250123	1.37e-05
1406250184	1.37e-05
1406250244	1.37e-05
1406250305	1.37e-05
1406250365	1.37e-05
1406250426	1.37e-05
1406250486	1.37e-05
1406250546	1.37e-05
1406250607	1.37e-05
1406250667	1.37e-05
1406250728	1.37e-05
1406250788	1.37e-05
1406250849	1.37e-05
1406250909	1.37e-05
1406250970	1.37e-05
1406251030	1.39e-05
1406251091	1.37e-05
1406251151	1.37e-05
1406251212	1.37e-05
1406251272	1.38e-05
1406251333	1.38e-05
1406251393	1.38e-05
1406251454	1.38e-05
1406251514	1.38e-05
1406251575	1.38e-05
1406251635	1.38e-05
1406251695	1.38e-05
1406251756	1.38e-05
1406251816	1.38e-05
1406251877	1.38e-05
1406251937	1.38e-05
1406251998	1.38e-05
1406252058	1.38e-05
1406252119	1.38e-05
1406252179	1.38e-05
1406252240	1.38e-05
1406252300	1.38e-05
1406252361	1.38e-05
1406252421	1.38e-05
1406252482	1.38e-05
1406252542	1.37e-05
1406252603	1.37e-05
1406252663	1.37e-05
1406252724	1.37e-05
1406252784	1.37e-05
1406252845	1.37e-05
1406252905	1.37e-05
1406252966	1.37e-05
1406253026	1.37e-05
1406253086	1.37e-05
1406253147	1.37e-05
1406253207	1.37e-05
1406253268	1.37e-05
1406253328	1.37e-05
1406253389	1.37e-05
1406253449	1.37e-05
1406253510	1.37e-05
1406253570	1.37e-05
1406253631	1.37e-05
1406253691	1.37e-05
1406253752	1.37e-05
1406253812	1.36e-05
1406253873	1.36e-05
1406253933	1.36e-05
1406253994	1.36e-05
1406254054	1.36e-05
1406254115	1.36e-05
1406254175	1.36e-05
1406254236	1.36e-05
1406254296	1.36e-05
1406254357	1.36e-05
1406254417	1.35e-05
1406254478	1.35e-05
1406254538	1.35e-05
1406254598	1.35e-05
1406254659	1.35e-05
1406254719	1.35e-05
1406254780	1.35e-05
1406254840	1.35e-05
1406254901	1.35e-05
1406254961	1.35e-05
1406255022	1.35e-05
1406255082	1.35e-05
1406255143	1.35e-05
1406255203	1.35e-05
1406255264	1.35e-05
1406255324	1.35e-05
1406255385	1.35e-05
1406255445	1.35e-05
1406255506	1.35e-05
1406255566	1.35e-05
1406255627	1.35e-05
1406255687	1.35e-05
1406255748	1.35e-05
1406255808	1.35e-05
1406255869	1.35e-05
1406255929	1.35e-05
1406255989	1.34e-05
1406256050	1.34e-05
1406256110	1.34e-05
1406256171	1.34e-05
1406256231	1.34e-05
1406256292	1.34e-05
1406256352	1.34e-05
1406256413	1.34e-05
1406256473	1.34e-05
1406256534	1.34e-05
1406256594	1.34e-05
1406256655	1.34e-05
1406256715	1.34e-05
1406256776	1.34e-05
1406256836	1.34e-05
1406256896	1.34e-05
1406256957	1.34e-05
1406257018	1.34e-05
1406257078	1.34e-05
1406257139	1.34e-05
1406257199	1.34e-05
1406257259	1.33e-05
1406257320	1.33e-05
1406257380	1.33e-05
1406257441	1.33e-05
1406257501	1.33e-05
1406257562	1.33e-05
1406257622	1.33e-05
1406257683	1.33e-05
1406257743	1.33e-05
1406257804	1.33e-05
1406257864	1.33e-05
1406257925	1.33e-05
1406257985	1.33e-05
1406258046	1.33e-05
1406258106	1.33e-05
1406258166	1.33e-05
1406258227	1.33e-05
1406258287	1.33e-05
1406258348	1.33e-05
1406258408	1.33e-05
1406258469	1.33e-05
1406258529	1.33e-05
1406258590	1.33e-05
1406258650	1.31e-05
1406258711	1.3e-05
1406258771	1.3e-05
1406258832	1.3e-05
1406258892	1.3e-05
1406258952	1.3e-05
1406259013	1.3e-05
1406259073	1.3e-05
1406259134	1.3e-05
1406259194	1.3e-05
1406259255	1.3e-05
1406259315	1.3e-05
1406259376	1.3e-05
1406259436	1.3e-05
1406259497	1.3e-05
1406259557	1.3e-05
1406259618	1.3e-05
1406259678	1.3e-05
1406259739	1.29e-05
1406259799	1.29e-05
1406259860	1.29e-05
1406259920	1.29e-05
1406259981	1.29e-05
1406260041	1.29e-05
1406260102	1.29e-05
1406260162	1.29e-05
1406260223	1.29e-05
1406260283	1.29e-05
1406260344	1.29e-05
1406260404	1.29e-05
1406260465	1.29e-05
1406260525	1.29e-05
1406260586	1.29e-05
1406260646	1.29e-05
1406260707	1.29e-05
1406260767	1.29e-05
1406260828	1.29e-05
1406260888	1.29e-05
1406260949	1.29e-05
1406261009	1.29e-05
1406261069	1.29e-05
1406261130	1.29e-05
1406261190	1.29e-05
1406261251	1.29e-05
1406261311	1.29e-05
1406261372	1.29e-05
1406261432	1.29e-05
1406261493	1.29e-05
1406261553	1.28e-05
1406261614	1.28e-05
1406261674	1.29e-05
1406261735	1.29e-05
1406261795	1.29e-05
1406261856	1.28e-05
1406261916	1.28e-05
1406261977	1.28e-05
1406262037	1.28e-05
1406262098	1.27e-05
1406262158	1.27e-05
1406262219	1.27e-05
1406262279	1.27e-05
1406262340	1.27e-05
1406262400	1.27e-05
1406262461	1.27e-05
1406262521	1.27e-05
1406262582	1.27e-05
1406262642	1.27e-05
1406262702	1.27e-05
1406262763	1.27e-05
1406262823	1.27e-05
1406262884	1.27e-05
1406262944	1.27e-05
1406263005	1.27e-05
1406263065	1.27e-05
1406263126	1.27e-05
1406263186	1.27e-05
1406263247	1.27e-05
1406263307	1.27e-05
1406263367	1.27e-05
1406263428	1.27e-05
1406263488	1.27e-05
1406263549	1.27e-05
1406263609	1.27e-05
1406263670	1.27e-05
1406263730	1.27e-05
1406263791	1.27e-05
1406263851	1.27e-05
1406263912	1.27e-05
1406263972	1.27e-05
1406264033	1.27e-05
1406264093	1.27e-05
1406264154	1.27e-05
1406264214	1.27e-05
1406264275	1.27e-05
1406264335	1.27e-05
1406264396	1.27e-05
1406264456	1.27e-05
1406264517	1.27e-05
1406264577	1.27e-05
1406264638	1.27e-05
1406264698	1.26e-05
1406264758	1.26e-05
1406264819	1.26e-05
1406264879	1.26e-05
1406264940	1.26e-05
1406265000	1.26e-05
1406265061	1.26e-05
1406265121	1.26e-05
1406265182	1.26e-05
1406265242	1.26e-05
1406265303	1.26e-05
1406265363	1.26e-05
1406265423	1.26e-05
1406265484	1.26e-05
1406265544	1.26e-05
1406265605	1.26e-05
1406265665	1.25e-05
1406265726	1.25e-05
1406265786	1.25e-05
1406265847	1.25e-05
1406265907	1.25e-05
1406265968	1.25e-05
1406266028	1.25e-05
1406266089	1.25e-05
1406266149	1.25e-05
1406266210	1.25e-05
1406266270	1.25e-05
1406266330	1.25e-05
1406266391	1.25e-05
1406266451	1.24e-05
1406266512	1.24e-05
1406266572	1.24e-05
1406266633	1.24e-05
1406266693	1.24e-05
1406266754	1.24e-05
1406266814	1.24e-05
1406266875	1.24e-05
1406266935	1.24e-05
1406266996	1.24e-05
1406267056	1.24e-05
1406267117	1.24e-05
1406267177	1.24e-05
1406267238	1.24e-05
1406267298	1.24e-05
1406267358	1.24e-05
1406267419	1.24e-05
1406267479	1.24e-05
1406267540	1.24e-05
1406267600	1.24e-05
1406267661	1.24e-05
1406267721	1.23e-05
1406267782	1.23e-05
1406267842	1.23e-05
1406267903	1.23e-05
1406267963	1.23e-05
1406268024	1.23e-05
1406268084	1.23e-05
1406268145	1.23e-05
1406268205	1.23e-05
1406268266	1.23e-05
1406268326	1.23e-05
1406268387	1.23e-05
1406268448	1.23e-05
1406268508	1.23e-05
1406268569	1.23e-05
1406268629	1.23e-05
1406268689	1.23e-05
1406268750	1.23e-05
1406268811	1.23e-05
1406268871	1.23e-05
1406268932	1.23e-05
1406268992	1.23e-05
1406269052	1.23e-05
1406269113	1.23e-05
1406269174	1.23e-05
1406269234	1.22e-05
1406269294	1.22e-05
1406269355	1.22e-05
1406269415	1.22e-05
1406269476	1.22e-05
1406269536	1.22e-05
1406269597	1.22e-05
1406269657	1.22e-05
1406269718	1.22e-05
1406269778	1.22e-05
1406269839	1.22e-05
1406269899	1.22e-05
1406269960	1.22e-05
1406270020	1.22e-05
1406270081	1.22e-05
1406270141	1.22e-05
1406270202	1.22e-05
1406270262	1.22e-05
1406270323	1.22e-05
1406270383	1.22e-05
1406270444	1.22e-05
1406270504	1.22e-05
1406270565	1.22e-05
1406270625	1.22e-05
1406270685	1.22e-05
1406270746	1.22e-05
1406270806	1.22e-05
1406270867	1.22e-05
1406270927	1.22e-05
1406270988	1.22e-05
1406271048	1.22e-05
1406271109	1.22e-05
1406271169	1.21e-05
1406271230	1.21e-05
1406271290	1.21e-05
1406271351	1.21e-05
1406271411	1.21e-05
1406271472	1.21e-05
1406271532	1.21e-05
1406271593	1.21e-05
1406271653	1.21e-05
1406271713	1.21e-05
1406271774	1.21e-05
1406271834	1.21e-05
1406271895	1.21e-05
1406271955	1.21e-05
1406272016	1.21e-05
1406272076	1.21e-05
1406272137	1.21e-05
1406272197	1.21e-05
1406272257	1.21e-05
1406272318	1.21e-05
1406272378	1.21e-05
1406272439	1.21e-05
1406272499	1.21e-05
1406272560	1.21e-05
1406272620	1.21e-05
1406272681	1.21e-05
1406272741	1.21e-05
1406272802	1.2e-05
1406272862	1.2e-05
1406272923	1.2e-05
1406272983	1.2e-05
1406273044	1.22e-05
1406273104	1.21e-05
1406273165	1.21e-05
1406273225	1.2e-05
1406273286	1.2e-05
1406273346	1.2e-05
1406273407	1.2e-05
1406273467	1.2e-05
1406273528	1.21e-05
1406273588	1.21e-05
1406273649	1.21e-05
1406273709	1.21e-05
1406273770	1.21e-05
1406273830	1.21e-05
1406273891	1.21e-05
1406273951	1.21e-05
1406274012	1.21e-05
1406274072	1.21e-05
1406274133	1.21e-05
1406274193	1.21e-05
1406274254	1.2e-05
1406274314	1.2e-05
1406274375	1.2e-05
1406274435	1.2e-05
1406274496	1.2e-05
1406274556	1.2e-05
1406274617	1.2e-05
1406274677	1.2e-05
1406274737	1.2e-05
1406274798	1.2e-05
1406274858	1.2e-05
1406274919	1.2e-05
1406274979	1.2e-05
1406275040	1.2e-05
1406275101	1.2e-05
1406275161	1.2e-05
1406275222	1.2e-05
1406275282	1.2e-05
1406275342	1.2e-05
1406275403	1.2e-05
1406275463	1.2e-05
1406275524	1.2e-05
1406275584	1.2e-05
1406275645	1.2e-05
1406275705	1.2e-05
1406275766	1.19e-05
1406275826	1.19e-05
1406275887	1.19e-05
1406275947	1.19e-05
1406276008	1.19e-05
1406276068	1.19e-05
1406276129	1.19e-05
1406276189	1.19e-05
1406276249	1.19e-05
1406276310	1.19e-05
1406276370	1.19e-05
1406276431	1.19e-05
1406276491	1.19e-05
1406276552	1.19e-05
1406276612	1.19e-05
1406276673	1.19e-05
1406276733	1.19e-05
1406276794	1.19e-05
1406276854	1.19e-05
1406276915	1.18e-05
1406276975	1.18e-05
1406277036	1.18e-05
1406277096	1.18e-05
1406277157	1.18e-05
1406277217	1.18e-05
1406277278	1.18e-05
1406277338	1.18e-05
1406277399	1.18e-05
1406277459	1.18e-05
1406277520	1.18e-05
1406277580	1.18e-05
1406277641	1.18e-05
1406277701	1.18e-05
1406277762	1.18e-05
1406277822	1.18e-05
1406277883	1.18e-05
1406277943	1.18e-05
1406278004	1.18e-05
1406278064	1.18e-05
1406278125	1.18e-05
1406278185	1.18e-05
1406278246	1.18e-05
1406278306	1.18e-05
1406278366	1.17e-05
1406278427	1.18e-05
1406278487	1.17e-05
1406278548	1.17e-05
1406278608	1.17e-05
1406278669	1.17e-05
1406278729	1.17e-05
1406278790	1.17e-05
1406278850	1.17e-05
1406278911	1.17e-05
1406278971	1.17e-05
1406279032	1.17e-05
1406279092	1.17e-05
1406279153	1.17e-05
1406279213	1.17e-05
1406279274	1.17e-05
1406279334	1.17e-05
1406279395	1.17e-05
1406279455	1.17e-05
1406279516	1.17e-05
1406279576	1.17e-05
1406279637	1.17e-05
1406279697	1.17e-05
1406279758	1.17e-05
1406279818	1.17e-05
1406279879	1.17e-05
1406279939	1.17e-05
1406280000	1.17e-05
1406280060	1.17e-05
1406280121	1.17e-05
1406280181	1.17e-05
1406280242	1.17e-05
1406280302	1.17e-05
1406280363	1.17e-05
1406280423	1.17e-05
1406280483	1.17e-05
1406280544	1.16e-05
1406280604	1.16e-05
1406280665	1.16e-05
1406280725	1.16e-05
1406280786	1.17e-05
1406280846	1.17e-05
1406280907	1.17e-05
1406280967	1.17e-05
1406281028	1.17e-05
1406281088	1.17e-05
1406281149	1.16e-05
1406281209	1.16e-05
1406281270	1.16e-05
1406281330	1.16e-05
1406281391	1.16e-05
1406281451	1.16e-05
1406281512	1.16e-05
1406281572	1.16e-05
1406281633	1.16e-05
1406281693	1.16e-05
1406281754	1.16e-05
1406281814	1.16e-05
1406281875	1.16e-05
1406281935	1.16e-05
1406281996	1.16e-05
1406282056	1.16e-05
1406282117	1.16e-05
1406282177	1.16e-05
1406282238	1.16e-05
1406282298	1.16e-05
1406282359	1.15e-05
1406282419	1.15e-05
1406282480	1.15e-05
1406282540	1.15e-05
1406282601	1.15e-05
1406282661	1.15e-05
1406282721	1.15e-05
1406282782	1.15e-05
1406282842	1.15e-05
1406282903	1.15e-05
1406282963	1.15e-05
1406283024	1.15e-05
1406283084	1.15e-05
1406283145	1.15e-05
1406283205	1.15e-05
1406283266	1.15e-05
1406283326	1.14e-05
1406283387	1.14e-05
1406283447	1.14e-05
1406283508	1.14e-05
1406283568	1.14e-05
1406283629	1.14e-05
1406283689	1.14e-05
1406283750	1.14e-05
1406283810	1.14e-05
1406283871	1.14e-05
1406283931	1.14e-05
1406283992	1.14e-05
1406284052	1.14e-05
1406284113	1.14e-05
1406284173	1.14e-05
1406284234	1.14e-05
1406284294	1.14e-05
1406284355	1.14e-05
1406284415	1.14e-05
1406284476	1.14e-05
1406284536	1.14e-05
1406284597	1.14e-05
1406284657	1.14e-05
1406284718	1.14e-05
1406284778	1.14e-05
1406284839	1.14e-05
1406284899	1.14e-05
1406284960	1.13e-05
1406285020	1.13e-05
1406285081	1.13e-05
1406285141	1.13e-05
1406285202	1.13e-05
1406285262	1.13e-05
1406285323	1.13e-05
1406285383	1.13e-05
1406285444	1.13e-05
1406285504	1.13e-05
1406285565	1.13e-05
1406285625	1.13e-05
1406285686	1.13e-05
1406285746	1.13e-05
1406285806	1.13e-05
1406285867	1.13e-05
1406285927	1.13e-05
1406285988	1.13e-05
1406286048	1.13e-05
1406286109	1.13e-05
1406286169	1.13e-05
1406286230	1.13e-05
1406286290	1.13e-05
1406286351	1.13e-05
1406286411	1.13e-05
1406286472	1.13e-05
1406286532	1.12e-05
1406286592	1.12e-05
1406286653	1.12e-05
1406286713	1.12e-05
1406286774	1.12e-05
1406286834	1.12e-05
1406286895	1.12e-05
1406286955	1.13e-05
1406287016	1.12e-05
1406287076	1.12e-05
1406287137	1.12e-05
1406287197	1.12e-05
1406287258	1.12e-05
1406287318	1.12e-05
1406287379	1.12e-05
1406287439	1.12e-05
1406287500	1.12e-05
1406287560	1.12e-05
1406287621	1.12e-05
1406287681	1.12e-05
1406287742	1.12e-05
1406287802	1.12e-05
1406287863	1.12e-05
1406287923	1.12e-05
1406287984	1.12e-05
1406288044	1.12e-05
1406288105	1.11e-05
1406288165	1.11e-05
1406288225	1.11e-05
1406288286	1.11e-05
1406288346	1.11e-05
1406288407	1.12e-05
1406288468	1.12e-05
1406288528	1.12e-05
1406288588	1.12e-05
1406288649	1.11e-05
1406288709	1.11e-05
1406288770	1.11e-05
1406288830	1.11e-05
1406288891	1.11e-05
1406288951	1.11e-05
1406289012	1.11e-05
1406289072	1.11e-05
1406289133	1.11e-05
1406289193	1.11e-05
1406289253	1.11e-05
1406289314	1.11e-05
1406289375	1.11e-05
1406289435	1.11e-05
1406289496	1.11e-05
1406289556	1.11e-05
1406289616	1.12e-05
1406289677	1.12e-05
1406289737	1.12e-05
1406289798	1.12e-05
1406289858	1.12e-05
1406289919	1.12e-05
1406289979	1.12e-05
1406290040	1.12e-05
1406290100	1.12e-05
1406290161	1.12e-05
1406290222	1.12e-05
1406290282	1.12e-05
1406290343	1.12e-05
1406290403	1.12e-05
1406290463	1.12e-05
1406290524	1.11e-05
1406290584	1.12e-05
1406290645	1.12e-05
1406290705	1.12e-05
1406290766	1.12e-05
1406290826	1.11e-05
1406290887	1.11e-05
1406290947	1.12e-05
1406291008	1.12e-05
1406291068	1.12e-05
1406291128	1.12e-05
1406291189	1.12e-05
1406291249	1.12e-05
1406291310	1.12e-05
1406291370	1.12e-05
1406291431	1.12e-05
1406291491	1.12e-05
1406291552	1.12e-05
1406291612	1.12e-05
1406291673	1.11e-05
1406291733	1.11e-05
1406291794	1.11e-05
1406291854	1.11e-05
1406291915	1.11e-05
1406291975	1.11e-05
1406292036	1.11e-05
1406292096	1.11e-05
1406292157	1.11e-05
1406292217	1.11e-05
1406292278	1.11e-05
1406292338	1.11e-05
1406292398	1.11e-05
1406292459	1.12e-05
1406292519	1.13e-05
1406292580	1.13e-05
1406292640	1.13e-05
1406292701	1.13e-05
1406292761	1.13e-05
1406292822	1.13e-05
1406292882	1.13e-05
1406292943	1.12e-05
1406293003	1.12e-05
1406293063	1.12e-05
1406293124	1.12e-05
1406293184	1.12e-05
1406293245	1.12e-05
1406293305	1.12e-05
1406293366	1.12e-05
1406293426	1.12e-05
1406293487	1.12e-05
1406293547	1.12e-05
1406293608	1.13e-05
1406293668	1.13e-05
1406293729	1.13e-05
1406293789	1.13e-05
1406293850	1.12e-05
1406293910	1.12e-05
1406293971	1.12e-05
1406294031	1.12e-05
1406294092	1.12e-05
1406294152	1.12e-05
1406294213	1.12e-05
1406294273	1.12e-05
1406294334	1.12e-05
1406294394	1.12e-05
1406294455	1.12e-05
1406294515	1.12e-05
1406294576	1.12e-05
1406294636	1.12e-05
1406294696	1.12e-05
1406294757	1.12e-05
1406294817	1.12e-05
1406294878	1.12e-05
1406294938	1.12e-05
1406294999	1.12e-05
1406295059	1.12e-05
1406295120	1.12e-05
1406295180	1.12e-05
1406295241	1.12e-05
1406295301	1.12e-05
1406295362	1.12e-05
1406295422	1.12e-05
1406295483	1.12e-05
1406295543	1.12e-05
1406295604	1.12e-05
1406295664	1.12e-05
1406295725	5.36e-05
1406295785	7.67e-05
1406295846	7.9e-05
1406295906	7.95e-05
1406295967	7.97e-05
1406296027	7.97e-05
1406296088	7.98e-05
1406296148	7.98e-05
1406296209	7.99e-05
1406296269	7.99e-05
1406296330	8e-05
1406296390	8e-05
1406296450	8e-05
1406296511	8e-05
1406296571	8e-05
1406296632	8e-05
1406296692	8e-05
1406296753	8e-05
1406296813	8e-05
1406296874	8e-05
1406296934	8e-05
1406296995	8e-05
1406297055	8.01e-05
1406298112	0.0
1406298173	1.22e-05
1406298233	1.19e-05
1406298294	1.17e-05
1406298354	1.16e-05
1406298414	1.16e-05
1406298475	1.15e-05
1406298535	1.15e-05
1406298596	1.15e-05
1406298656	1.15e-05
1406298717	1.15e-05
1406298777	1.15e-05
1406298838	1.15e-05
1406298898	1.15e-05
1406298959	1.15e-05
1406299019	1.15e-05
1406299080	1.15e-05
1406299140	1.15e-05
1406299201	1.15e-05
1406299261	1.15e-05
1406299322	1.15e-05
1406299382	1.14e-05
1406299443	1.14e-05
1406299503	1.14e-05
1406299564	1.14e-05
1406299624	1.14e-05
1406299685	1.14e-05
1406299745	1.14e-05
1406299806	1.14e-05
1406299866	1.14e-05
1406299927	1.14e-05
1406299987	1.14e-05
1406300047	1.14e-05
1406300108	1.14e-05
1406300168	1.14e-05
1406300229	1.14e-05
1406300289	1.14e-05
1406300350	1.14e-05
1406300410	1.14e-05
1406300471	1.14e-05
1406300531	1.14e-05
1406300592	1.14e-05
1406300652	1.14e-05
1406300713	1.14e-05
1406300773	1.14e-05
1406300834	1.14e-05
1406300894	1.14e-05
1406300955	1.14e-05
1406301015	1.14e-05
1406301076	1.14e-05
1406301136	1.14e-05
1406301196	1.14e-05
1406301257	1.14e-05
1406301317	1.14e-05
1406301378	1.14e-05
1406301438	1.14e-05
1406301499	1.14e-05
1406301559	1.14e-05
1406301620	1.14e-05
1406301680	1.14e-05
1406301741	1.14e-05
1406301801	1.14e-05
1406301862	1.13e-05
1406301922	1.13e-05
1406301983	1.13e-05
1406302043	1.13e-05
1406302104	1.13e-05
1406302164	1.13e-05
1406302225	1.13e-05
1406302285	1.13e-05
1406302345	1.13e-05
1406302406	1.13e-05
1406302466	1.13e-05
1406302527	1.13e-05
1406302587	1.13e-05
1406302648	1.13e-05
1406302708	1.13e-05
1406302769	1.13e-05
1406302829	1.13e-05
1406302890	1.13e-05
1406302950	1.13e-05
1406303011	1.13e-05
1406303071	1.13e-05
1406303132	1.13e-05
1406303192	1.13e-05
1406303253	1.13e-05
1406303313	1.13e-05
1406303374	1.13e-05
1406303434	1.13e-05
1406303495	1.13e-05
1406303555	1.13e-05
1406303616	1.13e-05
1406303676	1.13e-05
1406303736	1.13e-05
1406303797	1.13e-05
1406303857	1.13e-05
1406303918	1.13e-05
1406303978	1.13e-05
1406304039	1.13e-05
1406304099	1.13e-05
1406304160	1.13e-05
1406304220	1.13e-05
1406304281	1.13e-05
1406304341	1.13e-05
1406304402	1.13e-05
1406304462	1.13e-05
1406304523	1.13e-05
1406304583	1.13e-05
1406304643	1.13e-05
1406304704	1.13e-05
1406304764	1.13e-05
1406304825	1.13e-05
1406304885	1.13e-05
1406304946	1.22e-05
1406305006	1.11e-05
1406305067	1.12e-05
1406305127	1.12e-05
1406305188	1.12e-05
1406305248	1.12e-05
1406305309	1.12e-05
1406305369	1.12e-05
1406305430	1.12e-05
1406305490	1.12e-05
1406305551	1.12e-05
1406305611	1.12e-05
1406305671	1.12e-05
1406305732	1.12e-05
1406305793	1.08e-05
1406305853	1.08e-05
1406305914	1.08e-05
1406305974	1.08e-05
1406306035	1.08e-05
1406306095	1.08e-05
1406306156	1.08e-05
1406306216	1.08e-05
1406306277	1.08e-05
1406306337	1.08e-05
1406306398	1.08e-05
1406306458	1.08e-05
1406306519	1.08e-05
1406306579	1.08e-05
1406306640	1.08e-05
1406306700	1.08e-05
1406306761	1.08e-05
1406306821	1.08e-05
1406306882	1.08e-05
1406306942	1.08e-05
1406307003	1.08e-05
1406307063	1.08e-05
1406307123	1.08e-05
1406307184	1.08e-05
1406307244	1.08e-05
1406307305	1.08e-05
1406307365	1.08e-05
1406307426	1.08e-05
1406307486	1.08e-05
1406307547	1.08e-05
1406307607	1.08e-05
1406307668	1.08e-05
1406307728	1.08e-05
1406307788	1.08e-05
1406307849	1.08e-05
1406307909	1.08e-05
1406307970	1.08e-05
1406308030	1.08e-05
1406308091	1.08e-05
1406308151	1.08e-05
1406308212	1.08e-05
1406308272	1.08e-05
1406308333	1.08e-05
1406308393	1.08e-05
1406308454	1.08e-05
1406308514	1.08e-05
1406308575	1.08e-05
1406308635	1.08e-05
1406308696	1.08e-05
1406308756	1.08e-05
1406308817	1.08e-05
1406308877	1.08e-05
1406308937	1.08e-05
1406308998	1.08e-05
1406309058	1.08e-05
1406309119	1.08e-05
1406309179	1.08e-05
1406309240	1.08e-05
1406309300	1.08e-05
1406309361	1.08e-05
1406309421	1.08e-05
1406309482	1.08e-05
1406309542	1.08e-05
1406309603	1.08e-05
1406309663	1.08e-05
1406309724	1.08e-05
1406309784	1.08e-05
1406309844	1.08e-05
1406309905	1.08e-05
1406309965	1.08e-05
1406310026	1.08e-05
1406310086	1.07e-05
1406310147	1.07e-05
1406310207	1.07e-05
1406310268	1.07e-05
1406310328	1.07e-05
1406310389	1.07e-05
1406310449	1.07e-05
1406310510	1.07e-05
1406310571	1.07e-05
1406310631	1.07e-05
1406310692	1.07e-05
1406310752	1.07e-05
1406310813	1.07e-05
1406310873	1.07e-05
1406310934	1.07e-05
1406310994	1.07e-05
1406311054	1.07e-05
1406311115	1.07e-05
1406311175	1.07e-05
1406311236	1.07e-05
1406311296	1.07e-05
1406311357	1.07e-05
1406311417	1.07e-05
1406311478	1.07e-05
1406311538	1.07e-05
1406311599	1.07e-05
1406311659	1.09e-05
1406311720	1.08e-05
1406311780	1.08e-05
1406311841	1.08e-05
1406311901	1.08e-05
1406311962	1.08e-05
1406312022	1.08e-05
1406312083	1.08e-05
1406312143	1.08e-05
1406312204	1.08e-05
1406312264	9.66e-06
1406312325	9.52e-06
1406312385	9.5e-06
1406312446	9.52e-06
1406312506	9.51e-06
1406312567	1.05e-05
1406312627	1.05e-05
1406312688	1.05e-05
1406312748	1.05e-05
1406312809	1.05e-05
1406312869	1.05e-05
1406312930	1.05e-05
1406312990	1.05e-05
1406313050	1.05e-05
1406313111	1.04e-05
1406313172	1.04e-05
1406313232	1.04e-05
1406313293	1.04e-05
1406313353	1.04e-05
1406313414	1.04e-05
1406313474	1.04e-05
1406313535	1.04e-05
1406313595	1.04e-05
1406313655	1.04e-05
1406313716	1.04e-05
1406313776	1.04e-05
1406313837	1.04e-05
1406313897	1.04e-05
1406313958	1.04e-05
1406314018	1.04e-05
1406314079	1.04e-05
1406314139	1.04e-05
1406314200	1.04e-05
1406314260	1.04e-05
1406314321	1.04e-05
1406314381	1.04e-05
1406314442	1.04e-05
1406314502	1.04e-05
1406314563	1.04e-05
1406314623	1.04e-05
1406314684	1.04e-05
1406314744	1.04e-05
1406314804	1.04e-05
1406314865	1.04e-05
1406314925	1.04e-05
1406314986	1.04e-05
1406315046	1.04e-05
1406315107	1.04e-05
1406315167	1.04e-05
1406315228	1.04e-05
1406315289	1.04e-05
1406315349	1.04e-05
1406315410	1.04e-05
1406315470	1.04e-05
1406315531	1.04e-05
1406315591	1.04e-05
1406315652	1.04e-05
1406315712	1.04e-05
1406315773	1.04e-05
1406315833	1.04e-05
1406315894	1.04e-05
1406315954	1.04e-05
1406316015	1.04e-05
1406316075	1.04e-05
1406316135	1.04e-05
1406316196	1.04e-05
1406316257	1.04e-05
1406316317	1.04e-05
1406316377	1.04e-05
1406316438	1.04e-05
1406316498	1.04e-05
1406316559	1.04e-05
1406316619	1.04e-05
1406316680	1.04e-05
1406316740	1.04e-05
1406316801	1.04e-05
1406316861	1.04e-05
1406316922	1.04e-05
1406316982	1.04e-05
1406317043	1.04e-05
1406317103	1.04e-05
1406317164	1.04e-05
1406317224	1.04e-05
1406317285	1.04e-05
1406317345	1.04e-05
1406317406	1.04e-05
1406317466	1.04e-05
1406317527	1.04e-05
1406317587	1.04e-05
1406317648	1.03e-05
1406317708	1.03e-05
1406317769	1.03e-05
1406317829	1.03e-05
1406317890	1.03e-05
1406317950	1.03e-05
1406318011	1.03e-05
1406318071	1.03e-05
1406318131	1.03e-05
1406318192	1.03e-05
1406318252	1.03e-05
1406318313	1.03e-05
1406318373	1.03e-05
1406318434	1.03e-05
1406318494	1.03e-05
1406318555	1.03e-05
1406318615	1.04e-05
1406318676	1.04e-05
1406318736	1.04e-05
1406318797	1.04e-05
1406318857	1.04e-05
1406318918	1.04e-05
1406318978	1.04e-05
1406319039	1.04e-05
1406319099	1.04e-05
1406319160	1.04e-05
1406319220	1.03e-05
1406319281	1.04e-05
1406319341	1.04e-05
1406319402	1.03e-05
1406319462	1.03e-05
1406319523	1.03e-05
1406319583	1.03e-05
1406319644	1.03e-05
1406319704	1.03e-05
1406319765	1.03e-05
1406319825	1.03e-05
1406319885	1.03e-05
1406319946	1.03e-05
1406320006	1.03e-05
1406320067	1.03e-05
1406320127	1.03e-05
1406320188	1.03e-05
1406320248	1.03e-05
1406320309	1.03e-05
1406320369	1.03e-05
1406320430	1.03e-05
1406320490	1.03e-05
1406320551	1.03e-05
1406320611	1.03e-05
1406320672	1.03e-05