1421797674	0.000105
1421797735	5.66e-05
1421797795	3.69e-05
1421797856	2.71e-05
1421797916	2.38e-05
1421797977	2.1e-05
1421798037	1.43e-05
1421798098	1.07e-05
1421798158	9.02e-06
1421798219	7.99e-06
1421798279	6.65e-06
1421798340	5.84e-06
1421798400	5.41e-06
1421798461	4.83e-06
1421798521	4.3e-06
1421798582	3.72e-06
1421798642	3.28e-06
1421798703	3.26e-06
1421798763	2.93e-06
1421798824	2.63e-06
1421798884	2.43e-06
1421798945	2.15e-06
1421799006	1.92e-06
1421799066	1.75e-06
1421799127	1.64e-06
1421799187	1.58e-06
1421799248	1.48e-06
1421799308	1.4e-06
1421799369	1.36e-06
1421799429	1.29e-06
1421799490	1.23e-06
1421799550	1.17e-06
1421799611	1.14e-06
1421799671	1.12e-06
1421799732	1.07e-06
1421799792	1.03e-06
1421799853	9.85e-07
1421799913	9.74e-07
1421799974	9.37e-07
1421800034	8.89e-07
1421800095	8.65e-07
1421800155	8.33e-07
1421800216	8.15e-07
1421800276	7.94e-07
1421800337	7.68e-07
1421800397	8.24e-07
1421800458	7.44e-07
1421800518	7.18e-07
1421800579	6.93e-07
1421800639	6.74e-07
1421800700	6.55e-07
1421800760	7.38e-07
1421800821	7.66e-07
1421800881	6.93e-07
1421800942	6.48e-07
1421801002	6.24e-07
1421801063	6.01e-07
1421801123	5.9e-07
1421801184	5.73e-07
1421801245	5.6e-07
1421801305	5.44e-07
1421801366	5.41e-07
1421801426	5.25e-07
1421801487	5.11e-07
1421801547	5.01e-07
1421801608	4.89e-07
1421801668	4.83e-07
1421801729	4.75e-07
1421801789	4.66e-07
1421801850	4.61e-07
1421801911	4.73e-07
1421801971	4.58e-07
1421802032	4.46e-07
1421802092	4.33e-07
1421802153	4.48e-07
1421802213	4.26e-07
1421802274	4.13e-07
1421802334	4.04e-07
1421802395	3.97e-07
1421802455	3.91e-07
1421802516	3.97e-07
1421802576	3.86e-07
1421802637	4.27e-07
1421802697	4.29e-07
1421802758	4.24e-07
1421802819	4.19e-07
1421802879	4.14e-07
1421802940	4.08e-07
1421803000	4.03e-07
1421803061	3.99e-07
1421803121	3.96e-07
1421803182	3.95e-07
1421803242	3.89e-07
1421803303	3.84e-07
1421803363	3.83e-07
1421803424	3.78e-07
1421803484	3.73e-07
1421803545	3.7e-07
1421803605	3.66e-07
1421803666	3.65e-07
1421803726	3.66e-07
1421803787	3.59e-07
1421803847	3.68e-07
1421803908	3.54e-07
1421803968	3.48e-07
1421804029	3.43e-07
1421804089	3.44e-07
1421804150	3.39e-07
1421804210	3.34e-07
1421804271	3.3e-07
1421804331	3.27e-07
1421804392	3.31e-07
1421804452	3.28e-07
1421804513	3.21e-07
1421804573	3.19e-07
1421804634	3.14e-07
1421804695	3.12e-07
1421804755	3.1e-07
1421804816	3.06e-07
1421804876	3.13e-07
1421804937	3.07e-07
1421804997	3.13e-07
1421805058	3.05e-07
1421805118	2.99e-07
1421805179	2.98e-07
1421805239	2.92e-07
1421805300	2.88e-07
1421805361	2.88e-07
1421805421	2.84e-07
1421805482	2.81e-07
1421805542	2.8e-07
1421805603	2.77e-07
1421805663	2.74e-07
1421805724	2.76e-07
1421805784	2.71e-07
1421805845	2.7e-07
1421805905	2.68e-07
1421805966	2.68e-07
1421806026	2.63e-07
1421806087	2.65e-07
1421806147	2.64e-07
1421806208	2.6e-07
1421806268	2.58e-07
1421806329	2.55e-07
1421806389	2.66e-07
1421806450	2.64e-07
1421806511	2.59e-07
1421806571	2.57e-07
1421806632	2.51e-07
1421806692	2.49e-07
1421806753	2.48e-07
1421806813	2.43e-07
1421806874	2.43e-07
1421806934	2.4e-07
1421806995	2.39e-07
1421807055	2.38e-07
1421807116	2.4e-07
1421807176	2.39e-07
1421807237	2.36e-07
1421807297	2.33e-07
1421807358	2.33e-07
1421807418	2.29e-07
1421807479	2.28e-07
1421807539	2.27e-07
1421807600	2.27e-07
1421807660	2.27e-07
1421807721	2.24e-07
1421807781	2.22e-07
1421807842	2.21e-07
1421807902	2.18e-07
1421807963	2.18e-07
1421808023	2.18e-07
1421808084	2.17e-07
1421808145	2.17e-07
1421808205	2.18e-07
1421808266	2.15e-07
1421808326	2.13e-07
1421808387	2.1e-07
1421808447	2.09e-07
1421808508	2.07e-07
1421808568	2.09e-07
1421808629	2.05e-07
1421808689	2.04e-07
1421808750	2.04e-07
1421808810	2.01e-07
1421808871	2e-07
1421808932	2e-07
1421808992	2.02e-07
1421809053	1.98e-07
1421809113	1.96e-07
1421809174	1.97e-07
1421809234	2.03e-07
1421809295	1.97e-07
1421809355	1.95e-07
1421809416	1.93e-07
1421809476	1.94e-07
1421809537	1.92e-07
1421809597	1.92e-07
1421809658	1.91e-07
1421809718	1.91e-07
1421809779	1.89e-07
1421809839	1.88e-07
1421809900	1.88e-07
1421809961	1.89e-07
1421810021	1.89e-07
1421810082	1.84e-07
1421810142	1.82e-07
1421810203	1.93e-07
1421810263	1.83e-07
1421810324	1.82e-07
1421810384	1.81e-07
1421810445	1.8e-07
1421810505	1.79e-07
1421810566	1.77e-07
1421810626	1.79e-07
1421810687	1.75e-07
1421810747	1.75e-07
1421810808	1.74e-07
1421810868	1.76e-07
1421810929	1.74e-07
1421810990	1.73e-07
1421811050	1.73e-07
1421811111	1.71e-07
1421811171	1.69e-07
1421811232	1.69e-07
1421811292	1.69e-07
1421811353	1.7e-07
1421811413	1.66e-07
1421811474	1.66e-07
1421811534	1.67e-07
1421811595	1.67e-07
1421811655	1.66e-07
1421811716	1.66e-07
1421811776	1.64e-07
1421811837	1.64e-07
1421811897	1.62e-07
1421811958	1.62e-07
1421812018	1.6e-07
1421812078	1.62e-07
1421812139	1.62e-07
1421812199	1.61e-07
1421812260	1.61e-07
1421812321	1.59e-07
1421812381	1.6e-07
1421812442	1.74e-07
1421812502	1.66e-07
1421812563	1.64e-07
1421812623	1.6e-07
1421812684	1.65e-07
1421812744	1.62e-07
1421812804	1.6e-07
1421812865	1.58e-07
1421812925	1.68e-07
1421812986	1.6e-07
1421813047	1.57e-07
1421813107	1.54e-07
1421813168	1.52e-07
1421813228	1.59e-07
1421813289	1.53e-07
1421813349	1.52e-07
1421813410	1.51e-07
1421813470	1.49e-07
1421813531	1.6e-07
1421813591	1.52e-07
1421813652	1.49e-07
1421813712	1.48e-07
1421813773	1.48e-07
1421813833	1.48e-07
1421813894	1.48e-07
1421813955	1.47e-07
1421814015	1.46e-07
1421814076	1.46e-07
1421814136	1.46e-07
1421814197	1.46e-07
1421814257	1.45e-07
1421814318	1.43e-07
1421814378	1.45e-07
1421814439	1.43e-07
1421814499	1.42e-07
1421814560	1.46e-07
1421814621	1.43e-07
1421814681	1.42e-07
1421814742	1.41e-07
1421814802	1.39e-07
1421814863	1.39e-07
1421814923	1.39e-07
1421814984	1.41e-07
1421815044	1.4e-07
1421815105	1.42e-07
1421815165	1.39e-07
1421815226	1.41e-07
1421815286	1.4e-07
1421815347	1.37e-07
1421815407	1.37e-07
1421815468	1.37e-07
1421815529	1.37e-07
1421815589	1.36e-07
1421815649	1.36e-07
1421815710	1.36e-07
1421815770	1.35e-07
1421815831	1.35e-07
1421815892	1.36e-07
1421815952	1.34e-07
1421816013	1.33e-07
1421816073	1.33e-07
1421816134	1.34e-07
1421816194	1.36e-07
1421816255	1.35e-07
1421816315	1.34e-07
1421816376	1.32e-07
1421816436	1.3e-07
1421816497	1.3e-07
1421816558	1.29e-07
1421816618	1.3e-07
1421816679	1.29e-07
1421816739	1.28e-07
1421816800	1.32e-07
1421816860	1.3e-07
1421816921	1.31e-07
1421816981	1.29e-07
1421817042	1.29e-07
1421817102	1.28e-07
1421817163	1.28e-07
1421817223	1.27e-07
1421817284	1.28e-07
1421817344	1.28e-07
1421817405	1.39e-07
1421817465	1.35e-07
1421817526	1.33e-07
1421817587	1.32e-07
1421817647	1.3e-07
1421817708	1.28e-07
1421817768	1.35e-07
1421817829	1.29e-07
1421817889	1.26e-07
1421817950	1.25e-07
1421818010	1.26e-07
1421818071	1.26e-07
1421818131	1.23e-07
1421818192	1.24e-07
1421818253	1.24e-07
1421818313	1.23e-07
1421818374	1.25e-07
1421818434	1.24e-07
1421818495	1.24e-07
1421818555	1.23e-07
1421818616	1.23e-07
1421818676	1.22e-07
1421818737	1.31e-07
1421818797	1.27e-07
1421818858	1.25e-07
1421818918	1.24e-07
1421818979	1.22e-07
1421819039	1.22e-07
1421819100	1.26e-07
1421819161	1.2e-07
1421819221	1.2e-07
1421819281	1.2e-07
1421819342	1.21e-07
1421819402	1.2e-07
1421819463	1.21e-07
1421819523	1.2e-07
1421819584	1.19e-07
1421819644	1.18e-07
1421819705	1.18e-07
1421819766	1.22e-07
1421819826	1.2e-07
1421819887	1.19e-07
1421819947	1.17e-07
1421820008	1.18e-07
1421820068	1.17e-07
1421820129	1.17e-07
1421820189	1.16e-07
1421820250	1.16e-07
1421820310	1.19e-07
1421820371	1.17e-07
1421820431	1.21e-07
1421820492	1.21e-07
1421820552	1.18e-07
1421820613	1.17e-07
1421820673	1.18e-07
1421820734	1.16e-07
1421820794	1.15e-07
1421820855	1.14e-07
1421820915	1.15e-07
1421820976	1.15e-07
1421821036	1.14e-07
1421821097	1.12e-07
1421821157	1.14e-07
1421821218	1.15e-07
1421821278	1.12e-07
1421821339	1.11e-07
1421821399	1.12e-07
1421821460	1.11e-07
1421821521	1.12e-07
1421821581	1.11e-07
1421821642	1.1e-07
1421821702	1.13e-07
1421821762	1.1e-07
1421821823	1.1e-07
1421821883	1.1e-07
1421821944	1.1e-07
1421822004	1.21e-07
1421822065	1.19e-07
1421822125	1.14e-07
1421822186	1.14e-07
1421822246	1.12e-07
1421822307	1.11e-07
1421822368	1.06e-07
1421822428	1.26e-07
1421822489	1.13e-07
1421822549	1.3e-07
1421822610	1.19e-07
1421822670	1.13e-07
1421822731	1.1e-07
1421822791	1.28e-07
1421822852	1.15e-07
1421822912	1.08e-07
1421822973	1.08e-07
1421823033	1.08e-07
1421823094	1.07e-07
1421823154	1.06e-07
1421823215	1.06e-07
1421823275	1.05e-07
1421823336	1.06e-07
1421823397	1.05e-07
1421823457	1.05e-07
1421823518	1.06e-07
1421823578	1.05e-07
1421823639	1.04e-07
1421823699	1.05e-07
1421823760	1.05e-07
1421823820	1.06e-07
1421823881	1.1e-07
1421823941	1.09e-07
1421824001	1.08e-07
1421824062	1.08e-07
1421824122	1.07e-07
1421824183	1.07e-07
1421824243	1.06e-07
1421824304	1.07e-07
1421824364	1.07e-07
1421824425	1.07e-07
1421824486	1.06e-07
1421824546	1.04e-07
1421824607	1.04e-07
1421824667	1.04e-07
1421824728	1.04e-07
1421824788	1.04e-07
1421824849	1.04e-07
1421824909	1.03e-07
1421824970	1.05e-07
1421825030	1.03e-07
1421825091	1.04e-07
1421825151	1.04e-07
1421825212	1.03e-07
1421825272	1.03e-07
1421825333	1.02e-07
1421825393	1.03e-07
1421825454	1.02e-07
1421825514	1.02e-07
1421825575	1.01e-07
1421825635	1.01e-07
1421825696	1.01e-07
1421825756	1.01e-07
1421825817	1.01e-07
1421825877	9.98e-08
1421825938	9.96e-08
1421825998	1e-07
1421826059	1.02e-07
1421826119	1.01e-07
1421826180	1.01e-07
1421826240	1.01e-07
1421826301	1e-07
1421826361	1e-07
1421826422	9.93e-08
1421826482	9.88e-08
1421826543	9.83e-08
1421826603	9.95e-08
1421826664	9.91e-08
1421826724	9.85e-08
1421826785	9.78e-08
1421826845	9.76e-08
1421826906	9.79e-08
1421826967	9.76e-08
1421827027	9.77e-08
1421827088	9.82e-08
1421827148	9.71e-08
1421827209	9.73e-08
1421827269	9.7e-08
1421827330	9.91e-08
1421827390	9.89e-08
1421827451	9.84e-08
1421827511	9.77e-08
1421827572	9.8e-08
1421827632	9.72e-08
1421827693	9.7e-08
1421827753	9.94e-08
1421827814	9.75e-08
1421827874	9.66e-08
1421827935	9.65e-08
1421827995	9.65e-08
1421828056	9.7e-08
1421828116	9.59e-08
1421828177	9.51e-08
1421828237	9.6e-08
1421828298	9.57e-08
1421828358	9.53e-08
1421828419	9.53e-08
1421828479	9.55e-08
1421828540	9.81e-08
1421828600	9.87e-08
1421828661	9.78e-08
1421828721	9.78e-08
1421828782	9.71e-08
1421828842	9.67e-08
1421828903	9.57e-08
1421828963	9.55e-08
1421829024	9.54e-08
1421829084	9.5e-08
1421829145	9.51e-08
1421829205	9.47e-08
1421829266	9.5e-08
1421829327	9.42e-08
1421829387	1.1e-07
1421829448	1.07e-07
1421829508	1.03e-07
1421829569	1e-07
1421829629	9.91e-08
1421829690	9.93e-08
1421829750	9.77e-08
1421829811	9.79e-08
1421829871	9.44e-08
1421829932	9.55e-08
1421829992	9.68e-08
1421830053	9.52e-08
1421830114	9.58e-08
1421830174	9.59e-08
1421830235	9.53e-08
1421830295	9.53e-08
1421830356	9.43e-08
1421830416	9.38e-08
1421830477	9.36e-08
1421830537	9.72e-08
1421830598	9.52e-08
1421830658	9.4e-08
1421830719	9.4e-08
1421830780	9.42e-08
1421830840	9.42e-08
1421830901	9.43e-08
1421830961	9.39e-08
1421831022	9.37e-08
1421831082	9.37e-08
1421831143	9.38e-08
1421831203	9.44e-08
1421831264	9.28e-08
1421831324	9.4e-08
1421831385	9.19e-08
1421831445	9.16e-08
1421831506	9.14e-08
1421831566	9.4e-08
1421831627	9.2e-08
1421831687	9.12e-08
1421831748	9.06e-08
1421831809	1.03e-07
1421831869	9.72e-08
1421831929	9.59e-08
1421831990	9.45e-08
1421832050	9.32e-08
1421832111	9.17e-08
1421832171	9.36e-08
1421832232	9.26e-08
1421832292	9.22e-08
1421832353	9.24e-08
1421832413	9.16e-08
1421832474	9.36e-08
1421832534	9.11e-08
1421832595	9.58e-08
1421832656	9.43e-08
1421832716	9.3e-08
1421832777	8.96e-08
1421832837	9.07e-08
1421832898	9.04e-08
1421832958	9.05e-08
1421833019	9e-08
1421833079	8.94e-08
1421833140	8.95e-08
1421833200	8.95e-08
1421833261	1.02e-07
1421833321	9.51e-08
1421833382	9.27e-08
1421833442	9.15e-08
1421833502	9.22e-08
1421833563	9.1e-08
1421833623	9.06e-08
1421833684	8.89e-08
1421833745	8.96e-08
1421833805	8.83e-08
1421833866	8.82e-08
1421833926	1.03e-07
1421833987	9.42e-08
1421834047	9.11e-08
1421834108	9.33e-08
1421834168	8.95e-08
1421834229	8.91e-08
1421834289	8.91e-08
1421834350	8.91e-08
1421834410	8.86e-08
1421834471	8.84e-08
1421834531	8.93e-08
1421834592	8.63e-08
1421834652	8.69e-08
1421834713	8.74e-08
1421834773	8.69e-08
1421834834	8.72e-08
1421834895	8.64e-08
1421834955	8.65e-08
1421835016	8.72e-08
1421835076	8.66e-08
1421835137	8.66e-08
1421835197	8.5e-08
1421835258	8.62e-08
1421835318	8.55e-08
1421835379	8.58e-08
1421835439	8.55e-08
1421835500	8.44e-08
1421835560	8.49e-08
1421835621	8.66e-08
1421835681	8.66e-08
1421835742	8.55e-08
1421835802	8.54e-08
1421835863	8.58e-08
1421835923	8.52e-08
1421835984	8.56e-08
1421836044	8.7e-08
1421836105	8.6e-08
1421836166	8.61e-08
1421836226	8.55e-08
1421836287	8.48e-08
1421836347	8.45e-08
1421836407	8.45e-08
1421836468	8.46e-08
1421836528	8.5e-08
1421836589	8.65e-08
1421836650	8.66e-08
1421836710	8.5e-08
1421836771	8.6e-08
1421836831	8.53e-08
1421836892	8.51e-08
1421836952	8.44e-08
1421837013	8.45e-08
1421837073	8.44e-08
1421837134	8.47e-08
1421837194	8.39e-08
1421837255	8.35e-08
1421837315	8.32e-08
1421837376	8.33e-08
1421837436	8.31e-08
1421837497	8.31e-08
1421837557	8.32e-08
1421837618	8.37e-08
1421837678	8.35e-08
1421837739	8.38e-08
1421837800	8.47e-08
1421837860	8.35e-08
1421837921	8.29e-08
1421837981	8.34e-08
1421838042	8.38e-08
1421838102	8.42e-08
1421838163	1.01e-07
1421838223	9.06e-08
1421838284	9.03e-08
1421838344	8.84e-08
1421838405	8.72e-08
1421838465	8.58e-08
1421838526	8.72e-08
1421838586	8.71e-08
1421838647	8.55e-08
1421838707	8.61e-08
1421838768	8.45e-08
1421838828	8.43e-08
1421838889	8.41e-08
1421838949	8.43e-08
1421839010	8.63e-08
1421839070	8.4e-08
1421839131	8.24e-08
1421839191	8.22e-08
1421839252	8.41e-08
1421839312	8.3e-08
1421839373	8.42e-08
1421839433	9.49e-08
1421839494	8.73e-08
1421839554	8.75e-08
1421839615	8.61e-08
1421839675	8.65e-08
1421839736	8.71e-08
1421839796	8.5e-08
1421839857	8.38e-08
1421839917	8.57e-08
1421839978	8.21e-08
1421840038	8.37e-08
1421840099	8.46e-08
1421840159	8.26e-08
1421840220	8.17e-08
1421840280	8.84e-08
1421840341	8.44e-08
1421840401	8.21e-08
1421840462	8.17e-08
1421840522	8.81e-08
1421840583	8.19e-08
1421840644	8.16e-08
1421840704	8.29e-08
1421840765	8.11e-08
1421840825	8.15e-08
1421840885	8.17e-08
1421840946	8.37e-08
1421841007	8.17e-08
1421841067	8.3e-08
1421841128	8.18e-08
1421841188	8.17e-08
1421841248	8.11e-08
1421841309	8.2e-08
1421841370	8.11e-08
1421841430	8.13e-08
1421841491	8.16e-08
1421841551	8.03e-08
1421841612	8.02e-08
1421841672	7.98e-08
1421841733	8.14e-08
1421841793	8.11e-08
1421841854	7.95e-08
1421841914	8.19e-08
1421841975	7.99e-08
1421842035	8e-08
1421842096	7.97e-08
1421842156	7.96e-08
1421842217	7.92e-08
1421842277	7.98e-08
1421842338	7.92e-08
1421842398	7.88e-08
1421842459	7.88e-08
1421842519	7.88e-08
1421842580	7.86e-08
1421842640	7.88e-08
1421842701	7.87e-08
1421842761	7.86e-08
1421842822	9.96e-08
1421842882	8.82e-08
1421842943	8.2e-08
1421843003	8.28e-08
1421843064	8.01e-08
1421843124	8.17e-08
1421843185	8.07e-08
1421843245	7.95e-08
1421843306	8.14e-08
1421843366	7.91e-08
1421843427	7.96e-08
1421843487	7.89e-08
1421843548	7.91e-08
1421843608	8.1e-08
1421843669	8.08e-08
1421843729	9.75e-08
1421843790	8.76e-08
1421843851	8.27e-08
1421843911	8.25e-08
1421843972	8.21e-08
1421844032	8.35e-08
1421844092	7.84e-08
1421844153	8.04e-08
1421844213	7.92e-08
1421844274	7.87e-08
1421844334	8.07e-08
1421844395	7.88e-08
1421844455	7.84e-08
1421844516	7.87e-08
1421844576	7.81e-08
1421844637	7.96e-08
1421844697	7.73e-08
1421844758	7.87e-08
1421844818	7.87e-08
1421844879	7.86e-08
1421844939	8.27e-08
1421845000	7.83e-08
1421845060	7.79e-08
1421845121	7.74e-08
1421845181	7.86e-08
1421845242	7.74e-08
1421845303	7.84e-08
1421845363	7.77e-08
1421845424	7.76e-08
1421845484	9e-08
1421845545	8.06e-08
1421845605	8.04e-08
1421845666	7.84e-08
1421845726	7.68e-08
1421845787	7.69e-08
1421845847	7.88e-08
1421845908	7.69e-08
1421845968	7.73e-08
1421846029	7.68e-08
1421846089	7.66e-08
1421846150	7.66e-08
1421846210	7.6e-08
1421846271	7.55e-08
1421846331	7.57e-08
1421846392	7.68e-08
1421846452	7.58e-08
1421846513	7.74e-08
1421846573	7.59e-08
1421846634	7.54e-08
1421846694	7.58e-08
1421846755	7.53e-08
1421846816	7.53e-08
1421846876	7.63e-08
1421846937	7.55e-08
1421846997	7.52e-08
1421847058	7.62e-08
1421847118	7.71e-08
1421847179	7.58e-08
1421847239	7.73e-08
1421847300	7.78e-08
1421847360	7.64e-08
1421847421	7.58e-08
1421847481	7.54e-08
1421847542	7.59e-08
1421847603	7.6e-08
1421847663	7.57e-08
1421847724	7.52e-08
1421847784	7.58e-08
1421847845	7.59e-08
1421847905	7.61e-08
1421847966	7.64e-08
1421848026	7.57e-08
1421848087	7.57e-08
1421848147	7.55e-08
1421848208	7.53e-08
1421848269	7.6e-08
1421848329	7.59e-08
1421848390	7.54e-08
1421848450	7.49e-08
1421848511	7.54e-08
1421848571	7.48e-08
1421848632	7.52e-08
1421848692	7.52e-08
1421848753	7.57e-08
1421848813	7.48e-08
1421848873	7.48e-08
1421848934	7.52e-08
1421848994	7.48e-08
1421849055	7.48e-08
1421849116	7.51e-08
1421849176	7.53e-08
1421849237	7.48e-08
1421849297	7.49e-08
1421849357	7.43e-08
1421849418	7.38e-08
1421849478	7.41e-08
1421849539	7.33e-08
1421849599	7.45e-08
1421849660	7.43e-08
1421849720	7.39e-08
1421849781	7.3e-08
1421849841	7.39e-08
1421849902	7.41e-08
1421849963	7.38e-08
1421850023	7.39e-08
1421850084	7.39e-08
1421850144	7.35e-08
1421850205	7.39e-08
1421850265	7.35e-08
1421850326	7.39e-08
1421850386	7.61e-08
1421850447	7.57e-08
1421850507	7.55e-08
1421850568	7.45e-08
1421850628	7.41e-08
1421850689	7.49e-08
1421850749	7.45e-08
1421850810	7.44e-08
1421850870	7.46e-08
1421850931	7.38e-08
1421850991	7.38e-08
1421851052	7.37e-08
1421851112	7.36e-08
1421851173	7.39e-08
1421851233	7.34e-08
1421851294	7.38e-08
1421851354	7.41e-08
1421851415	7.4e-08
1421851475	7.41e-08
1421851536	7.31e-08
1421851596	7.32e-08
1421851657	7.33e-08
1421851717	7.3e-08
1421851778	7.32e-08
1421851838	7.3e-08
1421851899	7.24e-08
1421851959	7.31e-08
1421852020	7.29e-08
1421852081	7.31e-08
1421852141	7.27e-08
1421852202	7.43e-08
1421852262	7.22e-08
1421852323	7.31e-08
1421852383	7.27e-08
1421852444	7.29e-08
1421852504	7.28e-08
1421852565	7.32e-08
1421852625	7.21e-08
1421852686	7.28e-08
1421852747	7.3e-08
1421852807	7.27e-08
1421852868	7.27e-08
1421852928	7.28e-08
1421852989	7.19e-08
1421853049	7.27e-08
1421853110	7.19e-08
1421853170	7.31e-08
1421853231	7.25e-08
1421853291	7.23e-08
1421853352	7.26e-08
1421853412	7.2e-08
1421853473	7.27e-08
1421853533	7.2e-08
1421853594	7.32e-08
1421853654	7.28e-08
1421853715	7.28e-08
1421853775	7.23e-08
1421853836	7.25e-08
1421853896	7.29e-08
1421853957	7.31e-08
1421854018	7.23e-08
1421854078	7.21e-08
1421854139	7.18e-08
1421854199	7.42e-08
1421854260	7.17e-08
1421854320	7.24e-08
1421854381	7.26e-08
1421854441	7.19e-08
1421854502	7.12e-08
1421854562	7.2e-08
1421854623	7.22e-08
1421854683	7.12e-08
1421854744	6.99e-08
1421854804	7.04e-08
1421854865	6.99e-08
1421854925	7.02e-08
1421854986	7.08e-08
1421855046	7.13e-08
1421855107	7.13e-08
1421855167	7.15e-08
1421855228	7.27e-08
1421855288	7.21e-08
1421855349	7.11e-08
1421855409	7.13e-08
1421855470	7.18e-08
1421855530	7.18e-08
1421855591	7.12e-08
1421855652	7.13e-08
1421855712	7.01e-08
1421855773	7.04e-08
1421855833	7.03e-08
1421855894	7.03e-08
1421855954	7.12e-08
1421856015	7.14e-08
1421856075	7.21e-08
1421856136	7.13e-08
1421856196	7.01e-08
1421856257	7.03e-08
1421856317	6.85e-08
1421856378	8.84e-08
1421856438	7.55e-08
1421856499	7.27e-08
1421856560	7.65e-08
1421856620	7.51e-08
1421856680	7.42e-08
1421856741	7.37e-08
1421856802	7.42e-08
1421856862	7.47e-08
1421856923	7.32e-08
1421856983	8.1e-08
1421857044	7.81e-08
1421857104	7.39e-08
1421857164	7.39e-08
1421857225	7.3e-08
1421857285	7.28e-08
1421857346	7.27e-08
1421857407	7.29e-08
1421857467	7.27e-08
1421857528	7.3e-08
1421857588	7.21e-08
1421857649	7.18e-08
1421857709	7.34e-08
1421857770	7.08e-08
1421857830	7.23e-08
1421857891	7.14e-08
1421857951	7.34e-08
1421858012	7.63e-08
1421858072	7.48e-08
1421858133	7.27e-08
1421858193	7.44e-08
1421858254	7.33e-08
1421858314	7.28e-08
1421858375	7.16e-08
1421858435	8.19e-08
1421858496	7.3e-08
1421858556	7.22e-08
1421858617	6.98e-08
1421858677	7.06e-08
1421858738	7.33e-08
1421858798	7.12e-08
1421858859	7.14e-08
1421858919	7.09e-08
1421858980	7.07e-08
1421859040	7.09e-08
1421859101	7.13e-08
1421859161	7.1e-08
1421859222	7.11e-08
1421859282	7.11e-08
1421859343	7.08e-08
1421859403	7.02e-08
1421859464	7.04e-08
1421859524	7.02e-08
1421859585	7.1e-08
1421859645	7.49e-08
1421859706	7.01e-08
1421859766	7.19e-08
1421859827	6.96e-08
1421859887	7.14e-08
1421859948	7.06e-08
1421860008	6.99e-08
1421860068	7.11e-08
1421860129	7.05e-08
1421860189	7.11e-08
1421860250	6.96e-08
1421860310	7.06e-08
1421860371	7.05e-08
1421860432	7.04e-08
1421860492	7e-08
1421860553	6.98e-08
1421860613	6.97e-08
1421860674	7.07e-08
1421860734	6.99e-08
1421860795	6.93e-08
1421860855	6.94e-08
1421860916	7.03e-08
1421860976	6.91e-08
1421861037	7.09e-08
1421861097	7.14e-08
1421861158	7.2e-08
1421861218	7.03e-08
1421861278	6.78e-08
1421861339	6.98e-08
1421861399	6.96e-08
1421861460	7.12e-08
1421861520	6.88e-08
1421861581	7.1e-08
1421861641	6.91e-08
1421861702	6.79e-08
1421861762	6.88e-08
1421861823	6.81e-08
1421861884	6.89e-08
1421861944	9.18e-08
1421862005	7.61e-08
1421862065	7.17e-08
1421862126	7.12e-08
1421862186	7.01e-08
1421862247	6.94e-08
1421862307	6.99e-08
1421862368	6.96e-08
1421862428	6.86e-08
1421862489	6.97e-08
1421862549	6.97e-08
1421862610	6.94e-08
1421862670	6.94e-08
1421862731	6.94e-08
1421862791	6.85e-08
1421862852	6.84e-08
1421862912	7.76e-08
1421862973	7.02e-08
1421863033	6.89e-08
1421863094	7.09e-08
1421863154	6.81e-08
1421863215	7.07e-08
1421863275	7.3e-08
1421863336	6.91e-08
1421863396	6.77e-08
1421863457	6.89e-08
1421863517	6.76e-08
1421863578	6.92e-08
1421863638	6.74e-08
1421863699	6.75e-08
1421863759	6.8e-08
1421863820	6.79e-08
1421863880	6.75e-08
1421863941	6.71e-08
1421864001	7.39e-08
1421864062	6.89e-08
1421864122	7e-08
1421864183	6.88e-08
1421864243	6.86e-08
1421864304	6.81e-08
1421864364	6.96e-08
1421864425	6.72e-08
1421864485	6.75e-08
1421864546	6.64e-08
1421864606	6.75e-08
1421864667	6.66e-08
1421864728	6.72e-08
1421864788	6.64e-08
1421864849	6.74e-08
1421864909	6.67e-08
1421864970	6.72e-08
1421865030	6.46e-08
1421865091	6.94e-08
1421865151	6.65e-08
1421865212	6.65e-08
1421865272	6.45e-08
1421865333	6.58e-08
1421865393	6.57e-08
1421865453	6.59e-08
1421865514	6.64e-08
1421865574	6.6e-08
1421865635	6.56e-08
1421865696	6.62e-08
1421865756	6.66e-08
1421865817	6.7e-08
1421865877	6.62e-08
1421865938	6.65e-08
1421865998	6.61e-08
1421866058	6.61e-08
1421866119	6.63e-08
1421866179	6.61e-08
1421866240	6.7e-08
1421866300	6.67e-08
1421866361	6.34e-08
1421866421	6.33e-08
1421866482	6.33e-08
1421866542	6.41e-08
1421866603	6.46e-08
1421866663	6.46e-08
1421866724	6.46e-08
1421866784	6.53e-08
1421866845	6.54e-08
1421866905	6.59e-08
1421866966	6.55e-08
1421867026	6.5e-08
1421867087	6.52e-08
1421867148	6.55e-08
1421867208	6.51e-08
1421867269	6.51e-08
1421867329	6.54e-08
1421867390	6.55e-08
1421867450	6.54e-08
1421867511	6.59e-08
1421867571	6.58e-08
1421867632	6.55e-08
1421867692	6.52e-08
1421867753	6.75e-08
1421867813	6.78e-08
1421867874	6.68e-08
1421867934	6.5e-08
1421867995	6.84e-08
1421868055	6.63e-08
1421868116	6.66e-08
1421868176	6.44e-08
1421868237	6.49e-08
1421868297	6.46e-08
1421868358	6.5e-08
1421868418	6.49e-08
1421868479	6.78e-08
1421868539	6.6e-08
1421868600	6.66e-08
1421868660	6.39e-08
1421868721	6.46e-08
1421868781	6.4e-08
1421868842	6.48e-08
1421868902	6.31e-08
1421868963	6.5e-08
1421869023	6.51e-08
1421869084	6.51e-08
1421869144	6.4e-08
1421869205	6.44e-08
1421869265	6.45e-08
1421869326	6.48e-08
1421869386	6.49e-08
1421869447	6.57e-08
1421869508	6.42e-08
1421869568	6.46e-08
1421869629	6.48e-08
1421869689	6.46e-08
1421869750	6.45e-08
1421869810	6.48e-08
1421869871	6.48e-08
1421869931	6.49e-08
1421869992	6.46e-08
1421870052	6.45e-08
1421870113	6.42e-08
1421870173	6.4e-08
1421870234	6.5e-08
1421870294	6.5e-08
1421870355	6.46e-08
1421870415	6.76e-08
1421870476	8.9e-08
1421870536	6.76e-08
1421870597	6.73e-08
1421870657	6.7e-08
1421870718	6.8e-08
1421870778	6.53e-08
1421870839	6.51e-08
1421870899	6.53e-08
1421870960	6.5e-08
1421871020	6.64e-08
1421871081	6.59e-08
1421871141	6.5e-08
1421871202	6.49e-08
1421871262	6.48e-08
1421871323	6.44e-08
1421871383	6.46e-08
1421871444	6.43e-08
1421871504	6.62e-08
1421871565	6.53e-08
1421871625	6.47e-08
1421871685	6.47e-08
1421871746	6.46e-08
1421871807	7.45e-08
1421871867	6.52e-08
1421871928	6.62e-08
1421871988	6.42e-08
1421872049	6.37e-08
1421872109	6.38e-08
1421872170	6.47e-08
1421872230	6.4e-08
1421872291	6.86e-08
1421872351	6.5e-08
1421872412	6.53e-08
1421872472	6.46e-08
1421872533	6.61e-08
1421872593	6.29e-08
1421872654	6.43e-08
1421872714	6.33e-08
1421872774	6.55e-08
1421872835	6.74e-08
1421872896	6.33e-08
1421872956	6.44e-08
1421873017	6.51e-08
1421873077	6.59e-08
1421873138	6.52e-08
1421873198	6.47e-08
1421873259	6.53e-08
1421873319	6.53e-08
1421873379	6.52e-08
1421873440	6.49e-08
1421873500	6.43e-08
1421873561	6.44e-08
1421873621	6.42e-08
1421873682	6.39e-08
1421873742	6.47e-08
1421873803	6.45e-08
1421873863	6.4e-08
1421873924	6.42e-08
1421873984	6.34e-08
1421874045	6.43e-08
1421874105	6.34e-08
1421874166	6.26e-08
1421874226	6.35e-08
1421874287	6.32e-08
1421874347	6.34e-08
1421874408	6.5e-08
1421874469	6.37e-08
1421874529	6.24e-08
1421874590	6.36e-08
1421874650	6.35e-08
1421874711	6.44e-08
1421874771	6.39e-08
1421874832	6.4e-08
1421874892	6.39e-08
1421874953	6.44e-08
1421875013	6.46e-08
1421875074	6.53e-08
1421875134	6.51e-08
1421875194	6.48e-08
1421875255	6.46e-08
1421875315	6.39e-08
1421875376	6.31e-08
1421875436	6.35e-08
1421875497	6.41e-08
1421875557	6.34e-08
1421875618	6.48e-08
1421875678	6.39e-08
1421875739	6.29e-08
1421875799	6.39e-08
1421875860	6.3e-08
1421875920	6.71e-08
1421875981	6.33e-08
1421876041	6.57e-08
1421876102	6.41e-08
1421876162	6.26e-08
1421876223	6.54e-08
1421876283	6.46e-08
1421876344	6.49e-08
1421876404	6.5e-08
1421876465	6.61e-08
1421876525	6.62e-08
1421876586	6.63e-08
1421876646	6.54e-08
1421876707	6.54e-08
1421876767	6.62e-08
1421876828	6.54e-08
1421876888	6.52e-08
1421876949	6.59e-08
1421877009	6.54e-08
1421877070	6.51e-08
1421877130	6.49e-08
1421877191	6.57e-08
1421877251	6.46e-08
1421877312	6.49e-08
1421877372	6.44e-08
1421877433	6.58e-08
1421877493	2.16e-07
1421877554	2.84e-07
1421877614	2.93e-07
1421877675	2.92e-07
1421877735	2.97e-07
1421877796	3e-07
1421877856	3.01e-07
1421877917	3e-07
1421877977	2.99e-07
1421881834	0.0
1421881894	1.31e-07
1421881955	1.13e-07
1421882015	1.06e-07
1421882076	9.98e-08
1421882137	9.58e-08
1421882197	9.33e-08
1421882257	9.04e-08
1421882318	8.84e-08
1421882378	8.68e-08
1421882439	8.55e-08
1421882499	8.38e-08
1421882560	8.29e-08
1421882620	8.14e-08
1421882681	8.04e-08
1421882741	8.02e-08
1421882802	7.93e-08
1421882862	7.83e-08
1421882923	7.76e-08
1421882983	7.71e-08
1421883044	7.71e-08
1421883104	7.61e-08
1421883165	7.61e-08
1421883226	7.48e-08
1421883286	7.47e-08
1421883347	7.45e-08
1421883407	7.43e-08
1421883467	7.37e-08
1421883528	7.29e-08
1421883588	7.27e-08
1421883649	7.23e-08
1421883709	7.25e-08
1421883770	7.2e-08
1421883831	7.09e-08
1421883891	7.54e-08
1421883952	6.91e-08
1421884012	7.11e-08
1421884073	6.97e-08
1421884133	6.99e-08
1421884194	7.06e-08
1421884254	6.97e-08
1421884315	6.96e-08
1421884375	6.94e-08
1421884436	6.91e-08
1421884496	6.89e-08
1421884557	6.87e-08
1421884617	6.86e-08
1421884678	6.78e-08
1421884738	6.85e-08
1421884799	6.83e-08
1421884859	6.84e-08
1421884920	6.83e-08
1421884980	6.86e-08
1421885041	6.81e-08
1421885101	6.78e-08
1421885162	6.78e-08
1421885222	6.72e-08
1421885283	6.74e-08
1421885343	6.73e-08
1421885404	6.68e-08
1421885464	6.71e-08
1421885525	6.68e-08
1421885585	6.88e-08
1421885646	6.71e-08
1421885706	6.69e-08
1421885767	6.63e-08
1421885827	6.63e-08
1421885888	6.65e-08
1421885948	6.58e-08
1421886009	6.59e-08
1421886069	6.62e-08
1421886130	6.66e-08
1421886190	6.63e-08
1421886251	6.56e-08
1421886311	6.59e-08
1421886372	6.58e-08
1421886432	6.58e-08
1421886493	6.59e-08
1421886553	6.57e-08
1421886614	6.58e-08
1421886674	6.56e-08
1421886735	6.52e-08
1421886795	6.61e-08
1421886856	6.57e-08
1421886916	6.58e-08
1421886977	6.57e-08
1421887037	6.57e-08
1421887098	6.55e-08
1421887158	6.61e-08
1421887219	6.6e-08
1421887279	6.53e-08
1421887340	6.54e-08
1421887400	6.57e-08
1421887461	6.59e-08
1421887521	6.61e-08
1421887582	6.59e-08
1421887642	6.55e-08
1421887703	6.44e-08
1421887763	6.45e-08
1421887824	6.44e-08
1421887884	6.5e-08
1421887945	6.46e-08
1421888005	6.47e-08
1421888066	6.44e-08
1421888126	6.46e-08
1421888187	6.46e-08
1421888248	6.42e-08
1421888308	6.41e-08
1421888369	6.37e-08
1421888429	6.38e-08
1421888489	6.37e-08
1421888550	6.39e-08
1421888610	6.48e-08
1421888671	6.45e-08
1421888732	6.36e-08
1421888792	6.32e-08
1421888853	6.35e-08
1421888913	6.37e-08
1421888974	6.34e-08
1421889034	6.37e-08
1421889094	6.4e-08
1421889155	6.36e-08
1421889215	6.36e-08
1421889276	6.33e-08
1421889337	6.39e-08
1421889397	6.5e-08
1421889458	6.34e-08
1421889518	6.3e-08
1421889579	6.29e-08
1421889639	6.28e-08
1421889700	6.32e-08
1421889760	6.27e-08
1421889821	6.29e-08
1421889881	6.27e-08
1421889942	6.27e-08
1421890002	6.3e-08
1421890063	6.26e-08
1421890123	6.24e-08
1421890184	6.25e-08
1421890244	6.23e-08
1421890305	6.23e-08
1421890366	6.53e-08
1421890426	6.41e-08
1421890487	6.35e-08
1421890547	6.42e-08
1421890608	6.37e-08
1421890668	6.35e-08
1421890729	6.29e-08
1421890789	6.32e-08
1421890850	6.28e-08
1421890910	6.32e-08
1421890971	6.35e-08
1421891031	6.29e-08
1421891092	6.3e-08
1421891152	6.26e-08
1421891213	6.28e-08
1421891274	6.34e-08
1421891334	6.29e-08
1421891394	6.27e-08
1421891455	6.26e-08
1421891515	6.31e-08
1421891576	6.21e-08
1421891637	6.36e-08
1421891697	6.52e-08
1421891758	6.44e-08
1421891818	6.19e-08
1421891879	6.22e-08
1421891939	6.18e-08
1421892000	6.54e-08
1421892060	6.58e-08
1421892121	6.27e-08
1421892181	6.13e-08
1421892242	6.26e-08
1421892302	6.18e-08
1421892363	6.22e-08
1421892423	6.28e-08
1421892484	6.37e-08
1421892544	6.14e-08
1421892605	6.08e-08
1421892665	6.1e-08
1421892726	6.08e-08
1421892786	6.11e-08
1421892847	6.12e-08
1421892907	6.1e-08
1421892967	6.1e-08
1421893028	6.11e-08
1421893088	6.13e-08
1421893149	6.32e-08
1421893209	6.18e-08
1421893270	6.24e-08
1421893330	6.14e-08
1421893391	6.14e-08
1421893451	6.12e-08
1421893512	6.23e-08
1421893572	6e-08
1421893633	6.09e-08
1421893693	6.1e-08
1421893754	6.04e-08
1421893814	6.01e-08
1421893875	6.31e-08
1421893935	6.05e-08
1421893996	6.04e-08
1421894056	6.15e-08
1421894117	6.07e-08
1421894177	6.03e-08
1421894238	6.03e-08
1421894298	6.1e-08
1421894359	6.13e-08
1421894419	6.1e-08
1421894480	6.11e-08
1421894540	6.28e-08
1421894601	6.08e-08
1421894661	6.07e-08
1421894722	6.29e-08
1421894782	6.13e-08
1421894843	6.13e-08
1421894903	6.13e-08
1421894964	6.05e-08
1421895024	6.09e-08
1421895085	6.16e-08
1421895145	6.16e-08
1421895206	6.15e-08
1421895266	6.14e-08
1421895327	6.07e-08
1421895388	6.06e-08
1421895448	6.07e-08
1421895509	6.17e-08
1421895569	6.03e-08
1421895630	6.03e-08
1421895690	6.03e-08
1421895751	6.14e-08
1421895811	6.03e-08
1421895872	6.03e-08
1421895932	6.1e-08
1421895993	6.37e-08
1421896053	6.08e-08
1421896114	6.11e-08
1421896175	6.05e-08
1421896235	6.14e-08
1421896296	6.06e-08
1421896356	6.06e-08
1421896417	6.16e-08
1421896477	6.31e-08
1421896538	5.99e-08
1421896598	6.08e-08
1421896659	6.01e-08
1421896719	6e-08
1421896780	6.04e-08
1421896840	6.01e-08
1421896901	6.24e-08
1421896961	5.99e-08
1421897022	6.03e-08
1421897082	6.03e-08
1421897143	6.06e-08
1421897203	6.03e-08
1421897264	6.22e-08
1421897325	6.26e-08
1421897385	6.2e-08
1421897446	5.97e-08
1421897506	5.94e-08
1421897567	5.95e-08
1421897627	6.06e-08
1421897688	6e-08
1421897748	6.01e-08
1421897809	6.2e-08
1421897869	6.1e-08
1421897930	6.19e-08
1421897990	6.16e-08
1421898051	6.18e-08
1421898111	6.22e-08
1421898172	6.16e-08
1421898232	5.96e-08
1421898293	5.94e-08
1421898353	6.12e-08
1421898414	5.92e-08
1421898474	5.86e-08
1421898535	5.86e-08
1421898595	5.91e-08
1421898656	5.9e-08
1421898717	6.03e-08
1421898777	5.91e-08
1421898838	5.89e-08
1421898898	6.14e-08
1421898959	5.9e-08
1421899019	6.1e-08
1421899080	5.88e-08
1421899140	5.91e-08
1421899201	6e-08
1421899261	6.05e-08
1421899322	5.85e-08
1421899382	6.01e-08
1421899443	5.94e-08
1421899503	6.07e-08
1421899564	5.95e-08
1421899624	6.01e-08
1421899685	5.87e-08
1421899745	5.93e-08
1421899806	5.86e-08
1421899867	6.03e-08
1421899927	5.97e-08
1421899988	5.93e-08
1421900048	6.03e-08
1421900109	6.01e-08
1421900169	6.03e-08
1421900230	5.84e-08
1421900290	5.98e-08
1421900351	5.86e-08
1421900411	5.81e-08
1421900472	5.82e-08
1421900532	5.8e-08
1421900593	5.81e-08
1421900653	5.84e-08
1421900714	5.9e-08
1421900774	5.97e-08
1421900835	6.01e-08
1421900895	5.9e-08
1421900956	5.86e-08
1421901016	5.9e-08
1421901077	6.06e-08
1421901137	5.86e-08
1421901198	5.89e-08
1421901258	6e-08
1421901319	5.9e-08
1421901379	5.86e-08
1421901440	5.89e-08
1421901500	5.9e-08
1421901561	5.81e-08
1421901621	6e-08
1421901682	5.9e-08
1421901742	5.79e-08
1421901803	5.93e-08
1421901863	5.95e-08
1421901924	5.81e-08
1421901984	5.99e-08
1421902045	5.81e-08
1421902105	5.9e-08
1421902166	5.91e-08
1421902226	5.79e-08
1421902287	5.91e-08
1421902347	5.97e-08
1421902408	5.86e-08
1421902468	5.81e-08
1421902529	5.97e-08
1421902589	5.95e-08
1421902650	5.85e-08
1421902710	5.81e-08
1421902771	5.77e-08
1421902831	5.89e-08
1421902892	5.78e-08
1421902952	5.79e-08
1421903013	5.77e-08
1421903073	5.85e-08
1421903134	5.86e-08
1421903195	5.83e-08
1421903255	5.93e-08
1421903316	5.9e-08
1421903376	5.9e-08
1421903437	5.82e-08
1421903497	5.77e-08
1421903558	5.79e-08
1421903618	5.78e-08
1421903679	5.77e-08
1421903739	5.74e-08
1421903800	5.88e-08
1421903860	5.92e-08
1421903921	5.91e-08
1421903981	5.86e-08
1421904042	5.88e-08
1421904102	5.77e-08
1421904163	5.79e-08
1421904223	5.77e-08
1421904284	5.82e-08
1421904344	5.83e-08
1421904405	5.74e-08
1421904465	5.91e-08
1421904526	6.07e-08
1421904586	5.78e-08
1421904647	5.79e-08
1421904707	5.81e-08
1421904768	5.92e-08
1421904828	5.9e-08
1421904889	5.71e-08
1421904949	5.78e-08
1421905010	6e-08
1421905071	7.05e-08
1421905131	6.17e-08
1421905192	6.32e-08
1421905252	6.12e-08
1421905313	5.69e-08
1421905373	5.78e-08
1421905434	5.98e-08
1421905494	5.93e-08
1421905555	6.13e-08
1421905615	5.83e-08
1421905676	5.9e-08
1421905736	5.48e-08
1421905797	5.7e-08
1421905857	5.79e-08
1421905918	5.81e-08
1421905978	5.77e-08
1421906039	6.07e-08
1421906099	5.54e-08
1421906160	5.7e-08
1421906220	5.66e-08
1421906281	5.62e-08
1421906341	5.69e-08
1421906402	5.82e-08
1421906463	5.76e-08
1421906523	5.7e-08
1421906584	5.74e-08
1421906644	5.77e-08
1421906705	5.79e-08
1421906765	5.79e-08
1421906825	5.76e-08
1421906886	5.82e-08
1421906947	5.84e-08
1421907007	5.76e-08
1421907068	5.77e-08
1421907128	5.9e-08
1421907188	5.9e-08
1421907249	5.83e-08
1421907310	5.84e-08
1421907370	5.82e-08
1421907431	5.88e-08
1421907491	5.9e-08
1421907552	5.93e-08
1421907612	5.92e-08
1421907673	5.91e-08
1421907733	5.92e-08
1421907794	5.93e-08
1421907854	5.83e-08
1421907915	5.82e-08
1421907975	5.82e-08
1421908036	5.83e-08
1421908096	5.84e-08
1421908157	5.86e-08
1421908218	5.85e-08
1421908278	5.86e-08
1421908339	5.82e-08
1421908399	5.85e-08
1421908460	5.83e-08
1421908520	5.85e-08
1421908581	5.86e-08
1421908641	5.89e-08
1421908702	5.87e-08
1421908762	5.88e-08
1421908823	5.84e-08
1421908884	5.85e-08
1421908944	5.8e-08
1421909005	5.75e-08
1421909065	5.75e-08
1421909126	5.75e-08
1421909186	5.83e-08
1421909247	5.78e-08
1421909307	5.79e-08
1421909368	5.74e-08
1421909428	5.74e-08
1421909489	5.76e-08
1421909549	5.79e-08
1421909610	5.83e-08
1421909670	6.3e-08
1421909731	5.83e-08
1421909791	5.87e-08
1421909852	5.76e-08
1421909912	5.8e-08
1421909973	5.81e-08
1421910033	5.79e-08
1421910094	5.96e-08
1421910154	5.78e-08
1421910215	5.76e-08
1421910275	5.83e-08
1421910336	5.85e-08
1421910396	5.82e-08
1421910457	5.82e-08
1421910517	5.8e-08
1421910578	5.74e-08
1421910638	5.77e-08
1421910699	5.75e-08
1421910759	5.77e-08
1421910820	5.73e-08
1421910880	5.76e-08
1421910941	5.73e-08
1421911001	5.73e-08
1421911062	5.71e-08
1421911122	5.75e-08
1421911183	5.76e-08
1421911243	5.75e-08
1421911304	5.66e-08
1421911364	5.67e-08
1421911425	5.67e-08
1421911486	5.65e-08
1421911546	5.67e-08
1421911607	5.75e-08
1421911667	5.75e-08
1421911727	5.73e-08
1421911788	5.75e-08
1421911849	5.71e-08
1421911909	5.75e-08
1421911970	5.72e-08
1421912030	5.69e-08
1421912091	5.68e-08
1421912151	5.69e-08
1421912212	5.73e-08
1421912272	5.62e-08
1421912333	5.78e-08
1421912393	5.76e-08
1421912454	5.7e-08
1421912514	5.81e-08
1421912575	5.74e-08
1421912635	5.68e-08
1421912696	5.71e-08
1421912756	5.69e-08
1421912817	5.7e-08
1421912877	5.7e-08
1421912938	5.66e-08
1421912998	5.6e-08
1421913059	5.72e-08
1421913119	5.78e-08
1421913180	5.72e-08
1421913240	5.72e-08
1421913301	5.71e-08
1421913361	5.71e-08
1421913422	5.71e-08
1421913482	5.69e-08
1421913543	5.7e-08
1421913603	5.67e-08
1421913664	5.67e-08
1421913724	5.66e-08
1421913785	5.66e-08
1421913845	5.65e-08
1421913906	5.7e-08
1421913966	5.67e-08
1421914027	5.65e-08
1421914087	5.68e-08
1421914148	5.65e-08
1421914208	5.65e-08
1421914269	5.67e-08
1421914329	5.66e-08
1421914390	5.66e-08
1421914451	5.63e-08
1421914511	5.63e-08
1421914572	5.63e-08
1421914632	5.89e-08
1421914693	5.73e-08
1421914753	5.61e-08
1421914814	5.72e-08
1421914874	5.67e-08
1421914935	5.65e-08
1421914995	5.72e-08
1421915056	5.68e-08
1421915116	5.67e-08
1421915177	5.64e-08
1421915237	5.65e-08
1421915298	5.65e-08
1421915358	5.68e-08
1421915419	5.64e-08
1421915479	5.62e-08
1421915540	5.61e-08
1421915600	5.62e-08
1421915661	5.62e-08
1421915721	5.66e-08
1421915782	5.65e-08
1421915842	5.79e-08
1421915903	5.63e-08
1421915963	5.64e-08
1421916024	5.64e-08
1421916084	5.91e-08
1421916145	5.81e-08
1421916205	5.5e-08
1421916266	5.65e-08
1421916327	5.55e-08
1421916387	5.53e-08
1421916448	5.62e-08
1421916508	5.75e-08
1421916569	5.69e-08
1421916629	5.69e-08
1421916690	5.69e-08
1421916750	5.67e-08
1421916811	5.62e-08
1421916871	5.61e-08
1421916932	5.61e-08
1421916992	5.62e-08
1421917053	5.65e-08
1421917113	5.62e-08
1421917174	5.63e-08
1421917234	5.63e-08
1421917295	5.6e-08
1421917355	5.61e-08
1421917416	5.58e-08
1421917477	5.57e-08
1421917537	5.61e-08
1421917598	5.61e-08
1421917658	5.61e-08
1421917719	5.6e-08
1421917779	5.6e-08
1421917840	5.58e-08
1421917900	5.59e-08
1421917961	5.53e-08
1421918021	5.58e-08
1421918081	5.59e-08
1421918142	5.47e-08
1421918203	5.59e-08
1421918263	5.61e-08
1421918324	5.71e-08
1421918384	5.78e-08
1421918445	5.74e-08
1421918505	5.7e-08
1421918566	5.69e-08
1421918626	5.66e-08
1421918687	5.63e-08
1421918747	5.59e-08
1421918808	5.6e-08
1421918868	5.6e-08
1421918929	5.57e-08
1421918989	5.58e-08
1421919050	5.7e-08
1421919110	5.63e-08
1421919171	5.67e-08
1421919231	5.73e-08
1421919292	5.68e-08
1421919352	5.62e-08
1421919413	5.62e-08
1421919473	5.6e-08
1421919534	5.59e-08
1421919594	5.59e-08
1421919655	5.58e-08
1421919715	5.59e-08
1421919776	5.62e-08
1421919836	5.61e-08
1421919897	5.61e-08
1421919957	5.6e-08
1421920018	5.58e-08
1421920078	5.58e-08
1421920139	5.59e-08
1421920199	5.59e-08
1421920260	5.6e-08
1421920320	5.59e-08
1421920381	5.55e-08
1421920442	5.58e-08
1421920502	5.59e-08
1421920563	5.54e-08
1421920623	5.54e-08
1421920684	5.53e-08
1421920744	5.57e-08
1421920805	5.64e-08
1421920865	5.6e-08
1421920926	5.58e-08
1421920986	5.56e-08
1421921047	5.54e-08
1421921107	5.54e-08
1421921168	5.58e-08
1421921229	5.58e-08
1421921289	5.53e-08
1421921349	5.54e-08
1421921410	5.53e-08
1421921470	5.55e-08
1421921531	5.59e-08
1421921591	5.58e-08
1421921652	5.57e-08
1421921713	5.56e-08
1421921773	5.54e-08
1421921833	5.82e-08
1421921894	5.61e-08
1421921955	5.59e-08
1421922015	5.95e-08
1421922076	5.59e-08
1421922136	5.57e-08
1421922196	5.52e-08
1421922257	5.53e-08
1421922317	5.53e-08
1421922378	5.52e-08
1421922439	5.52e-08
1421922499	5.52e-08
1421922560	5.53e-08
1421922620	5.52e-08
1421922681	5.52e-08
1421922741	5.52e-08
1421922802	5.49e-08
1421922862	5.49e-08
1421922923	5.51e-08
1421922983	5.5e-08
1421923044	5.5e-08
1421923104	5.52e-08
1421923165	5.53e-08
1421923225	5.51e-08
1421923286	5.51e-08
1421923346	5.56e-08
1421923407	5.56e-08
1421923467	5.54e-08
1421923528	5.55e-08
1421923588	5.57e-08
1421923649	5.54e-08
1421923709	5.53e-08
1421923770	5.53e-08
1421923831	5.51e-08
1421923891	5.58e-08
1421923952	5.52e-08
1421924012	5.53e-08
1421924073	5.56e-08
1421924133	5.53e-08
1421924193	5.52e-08
1421924254	5.49e-08
1421924315	5.52e-08
1421924375	5.52e-08
1421924435	5.51e-08
1421924496	5.51e-08
1421924556	5.53e-08
1421924617	5.52e-08
1421924678	5.52e-08
1421924738	5.52e-08
1421924799	5.55e-08
1421924859	5.52e-08
1421924920	5.52e-08
1421924980	5.55e-08
1421925041	5.52e-08
1421925101	5.91e-08
1421925162	5.55e-08
1421925222	5.51e-08
1421925282	5.55e-08
1421925343	5.54e-08
1421925403	5.58e-08
1421925464	5.52e-08
1421925524	5.46e-08
1421925585	5.46e-08
1421925645	5.49e-08
1421925706	5.51e-08
1421925767	5.53e-08
1421925827	5.53e-08
1421925888	5.51e-08
1421925948	5.61e-08
1421926009	5.58e-08
1421926069	5.59e-08
1421926130	5.59e-08
1421926190	5.59e-08
1421926251	5.58e-08
1421926311	5.59e-08
1421926372	5.58e-08
1421926432	5.55e-08
1421926493	5.57e-08
1421926553	5.58e-08
1421926614	5.57e-08
1421926674	5.55e-08
1421926735	5.57e-08
1421926795	5.57e-08
1421926856	5.55e-08
1421926916	5.58e-08
1421926977	5.75e-08
1421927038	5.63e-08
1421927098	5.6e-08
1421927158	5.56e-08
1421927219	5.59e-08
1421927279	5.62e-08
1421927340	5.6e-08
1421927400	5.59e-08
1421927461	5.58e-08
1421927521	5.58e-08
1421927582	5.57e-08
1421927642	5.56e-08
1421927703	5.58e-08
1421927763	5.57e-08
1421927824	5.56e-08
1421927884	5.54e-08
1421927945	5.56e-08
1421928006	5.56e-08
1421928066	5.67e-08
1421928126	5.6e-08
1421928187	5.64e-08
1421928247	5.6e-08
1421928308	5.59e-08
1421928369	5.58e-08
1421928429	5.6e-08
1421928490	5.58e-08
1421928550	5.58e-08
1421928611	5.59e-08
1421928671	5.84e-08
1421928732	5.4e-08
1421928792	5.66e-08
1421928853	5.39e-08
1421928913	5.54e-08
1421928974	5.54e-08
1421929034	5.57e-08
1421929095	5.71e-08
1421929155	5.69e-08
1421929216	5.68e-08
1421929276	5.63e-08
1421929337	5.68e-08
1421929397	5.63e-08
1421929458	5.63e-08
1421929518	5.66e-08
1421929579	5.67e-08
1421929639	5.67e-08
1421929700	5.69e-08
1421929760	5.69e-08
1421929821	5.67e-08
1421929881	5.65e-08
1421929942	5.63e-08
1421930002	5.58e-08
1421930063	5.64e-08
1421930123	5.64e-08
1421930184	5.64e-08
1421930244	5.6e-08
1421930305	5.61e-08
1421930365	5.65e-08
1421930426	5.57e-08
1421930486	5.6e-08
1421930547	5.65e-08
1421930607	5.59e-08
1421930668	5.61e-08
1421930729	5.63e-08
1421930789	5.61e-08
1421930850	5.57e-08
1421930910	5.58e-08
1421930971	5.58e-08
1421931031	5.57e-08
1421931092	5.56e-08
1421931152	5.6e-08
1421931213	5.59e-08
1421931273	5.65e-08
1421931334	5.6e-08
1421931394	5.54e-08
1421931455	5.59e-08
1421931515	5.59e-08
1421931576	5.55e-08
1421931636	5.56e-08
1421931697	5.55e-08
1421931757	5.53e-08
1421931818	5.54e-08
1421931879	5.55e-08
1421931939	5.54e-08
1421932000	5.55e-08
1421932060	5.56e-08
1421932121	5.52e-08
1421932181	5.54e-08
1421932242	5.49e-08
1421932302	5.53e-08
1421932363	5.55e-08
1421932423	5.56e-08
1421932484	5.55e-08
1421932544	5.54e-08
1421932605	5.55e-08
1421932665	5.53e-08
1421932726	5.54e-08
1421932786	5.54e-08
1421932847	5.56e-08
1421932907	5.56e-08
1421932968	5.55e-08
1421933029	5.49e-08
1421933089	5.56e-08
1421933150	5.53e-08
1421933210	5.5e-08
1421933271	5.53e-08
1421933331	5.52e-08
1421933392	5.48e-08
1421933452	5.5e-08
1421933513	5.45e-08
1421933573	5.53e-08
1421933634	5.47e-08
1421933694	5.52e-08
1421933755	5.48e-08
1421933815	5.47e-08
1421933876	5.47e-08
1421933936	5.5e-08
1421933997	5.45e-08
1421934057	5.44e-08
1421934118	5.5e-08
1421934178	5.53e-08
1421934239	5.56e-08
1421934299	5.5e-08
1421934360	5.51e-08
1421934420	5.55e-08
1421934481	5.51e-08
1421934541	5.47e-08
1421934602	5.46e-08
1421934662	5.46e-08
1421934723	5.48e-08
1421934783	5.42e-08
1421934844	5.49e-08
1421934904	5.47e-08
1421934965	5.49e-08
1421935025	5.47e-08
1421935086	5.44e-08
1421935146	5.47e-08
1421935207	5.48e-08
1421935268	5.56e-08
1421935328	5.54e-08
1421935389	5.52e-08
1421935449	5.52e-08
1421935510	5.48e-08
1421935570	5.51e-08
1421935631	5.53e-08
1421935691	5.47e-08
1421935751	5.51e-08
1421935812	5.49e-08
1421935872	5.48e-08
1421935933	5.48e-08
1421935993	5.47e-08
1421936054	5.47e-08
1421936114	5.48e-08
1421936175	5.47e-08
1421936235	5.45e-08
1421936296	5.42e-08
1421936356	5.5e-08
1421936417	5.5e-08
1421936477	5.51e-08
1421936538	5.53e-08
1421936599	5.54e-08
1421936659	5.47e-08
1421936719	5.55e-08
1421936780	5.47e-08
1421936841	5.43e-08
1421936901	5.48e-08
1421936962	5.46e-08
1421937022	5.45e-08
1421937083	5.42e-08
1421937143	5.46e-08
1421937203	5.43e-08
1421937264	5.48e-08
1421937324	5.49e-08
1421937385	5.45e-08
1421937446	5.45e-08
1421937506	5.43e-08
1421937567	5.46e-08
1421937627	5.43e-08
1421937688	5.46e-08
1421937748	5.45e-08
1421937809	5.4e-08
1421937869	5.43e-08
1421937930	5.43e-08
1421937990	5.43e-08
1421938051	5.45e-08
1421938111	5.45e-08
1421938172	5.38e-08
1421938232	5.41e-08
1421938293	5.43e-08
1421938353	5.4e-08
1421938414	5.39e-08
1421938474	5.36e-08
1421938535	5.38e-08
1421938595	5.38e-08
1421938656	5.38e-08
1421938716	5.42e-08
1421938777	5.34e-08
1421938837	5.41e-08
1421938898	5.39e-08
1421938958	5.37e-08
1421939019	5.45e-08
1421939079	5.44e-08
1421939140	5.4e-08
1421939200	5.42e-08
1421939261	9.32e-08
1421939321	5.93e-08
1421939382	5.42e-08
1421939442	5.41e-08
1421939503	5.42e-08
1421939564	5.36e-08
1421939624	5.36e-08
1421939685	5.38e-08
1421939745	5.42e-08
1421939805	5.76e-08
1421939866	5.53e-08
1421939927	5.51e-08
1421939987	5.47e-08
1421940048	5.45e-08
1421940108	5.49e-08
1421940169	5.48e-08
1421940229	5.49e-08
1421940290	5.63e-08
1421940350	5.5e-08
1421940411	5.46e-08
1421940471	5.43e-08
1421940532	5.41e-08
1421940592	5.46e-08
1421940652	5.44e-08
1421940713	5.45e-08
1421940773	5.42e-08
1421940834	5.4e-08
1421940894	5.44e-08
1421940955	5.47e-08
1421941015	5.51e-08
1421941076	5.46e-08
1421941137	5.43e-08
1421941197	5.4e-08
1421941258	5.43e-08
1421941318	5.43e-08
1421941379	5.44e-08
1421941439	5.43e-08
1421941500	6.13e-08
1421941560	2.11e-07
1421941621	2.4e-07
1421941681	2.45e-07
1421941742	2.46e-07
1421941802	2.48e-07
1421941863	2.51e-07
1421941923	2.54e-07
1421941984	2.55e-07
1421942045	2.56e-07
1421948900	0.0
1421948961	1.07e-07
1421949021	9.33e-08
1421949082	8.67e-08
1421949142	8.26e-08
1421949203	8e-08
1421949263	7.78e-08
1421949323	7.62e-08
1421949384	7.48e-08
1421949444	7.34e-08
1421949505	7.2e-08
1421949565	7.11e-08
1421949626	7.01e-08
1421949686	6.95e-08
1421949747	6.84e-08
1421949807	6.77e-08
1421949868	6.73e-08
1421949929	6.64e-08
1421949989	6.61e-08
1421950050	6.55e-08
1421950110	6.5e-08
1421950171	6.46e-08
1421950231	6.4e-08
1421950292	6.38e-08
1421950352	6.35e-08
1421950413	6.3e-08
1421950473	6.27e-08
1421950534	6.25e-08
1421950594	6.23e-08
1421950655	6.21e-08
1421950715	6.19e-08
1421950776	6.17e-08
1421950836	6.13e-08
1421950897	6.11e-08
1421950957	6.09e-08
1421951018	6.07e-08
1421951078	6.08e-08
1421951139	6.06e-08
1421951199	6.02e-08
1421951260	6.05e-08
1421951320	6e-08
1421951381	5.98e-08
1421951441	5.96e-08
1421951502	5.95e-08
1421951562	5.92e-08
1421951623	5.93e-08
1421951683	6.05e-08
1421951744	5.93e-08
1421951804	5.9e-08
1421951865	5.99e-08
1421951925	5.9e-08
1421951986	5.9e-08
1421952046	5.96e-08
1421952107	5.84e-08
1421952167	5.85e-08
1421952228	5.81e-08
1421952288	5.82e-08
1421952349	5.79e-08
1421952410	5.8e-08
1421952470	5.77e-08
1421952531	5.76e-08
1421952591	5.76e-08
1421952652	5.72e-08
1421952712	5.75e-08
1421952773	5.72e-08
1421952833	5.71e-08
1421952894	5.71e-08
1421952954	5.72e-08
1421953015	5.72e-08
1421953075	5.69e-08
1421953136	5.72e-08
1421953196	5.72e-08
1421953257	5.72e-08
1421953317	5.73e-08
1421953378	5.68e-08
1421953438	5.66e-08
1421953499	5.66e-08
1421953559	5.67e-08
1421953620	5.62e-08
1421953681	5.65e-08
1421953741	5.62e-08
1421953802	5.64e-08
1421953862	5.61e-08
1421953923	5.64e-08
1421953983	5.63e-08
1421954044	5.64e-08
1421954104	5.62e-08
1421954165	5.59e-08
1421954225	5.62e-08
1421954286	5.58e-08
1421954346	5.73e-08
1421954407	5.66e-08
1421954467	5.65e-08
1421954528	5.63e-08
1421954588	5.5e-08
1421954649	5.53e-08
1421954709	5.54e-08
1421954770	5.56e-08
1421954830	5.55e-08
1421954891	5.53e-08
1421954951	5.59e-08
1421955012	5.5e-08
1421955072	5.54e-08
1421955133	5.74e-08
1421955193	5.76e-08
1421955254	5.57e-08
1421955314	5.59e-08
1421955375	5.55e-08
1421955435	5.56e-08
1421955496	5.63e-08
1421955556	5.54e-08
1421955617	5.54e-08
1421955677	5.5e-08
1421955738	5.47e-08
1421955798	5.47e-08
1421955859	5.49e-08
1421955919	5.49e-08
1421955980	5.49e-08
1421956040	5.56e-08
1421956101	5.49e-08
1421956161	5.54e-08
1421956222	5.55e-08
1421956282	5.56e-08
1421956343	5.54e-08
1421956403	5.49e-08
1421956464	5.5e-08
1421956524	5.52e-08
1421956585	5.51e-08
1421956645	5.52e-08
1421956706	5.51e-08
1421956766	5.51e-08
1421956827	5.51e-08
1421956887	5.54e-08
1421956948	5.53e-08
1421957008	5.52e-08
1421957069	5.49e-08
1421957129	5.49e-08
1421957190	5.51e-08
1421957250	5.58e-08
1421957311	5.49e-08
1421957371	5.48e-08
1421957432	5.59e-08
1421957492	5.52e-08
1421957553	5.48e-08
1421957613	5.52e-08
1421957674	5.49e-08
1421957735	5.47e-08
1421957795	5.46e-08
1421957856	5.46e-08
1421957916	5.48e-08
1421957977	5.56e-08
1421958037	5.56e-08
1421958098	5.56e-08
1421958158	5.57e-08
1421958219	5.55e-08
1421958279	5.63e-08
1421958340	5.76e-08
1421958400	5.74e-08
1421958461	5.67e-08
1421958521	5.65e-08
1421958582	5.62e-08
1421958642	5.6e-08
1421958703	5.58e-08
1421958763	5.59e-08
1421958824	5.59e-08
1421958884	5.57e-08
1421958945	5.57e-08
1421959005	5.56e-08
1421959066	5.56e-08
1421959126	5.57e-08
1421959187	5.56e-08
1421959247	5.56e-08
1421959308	5.56e-08
1421959368	5.54e-08
1421959429	5.55e-08
1421959489	5.54e-08
1421959550	5.53e-08
1421959610	5.59e-08
1421959671	5.56e-08
1421959731	5.54e-08
1421959792	5.55e-08
1421959852	5.55e-08
1421959913	5.53e-08
1421959973	5.54e-08
1421960034	5.51e-08
1421960095	5.52e-08
1421960155	5.49e-08
1421960216	5.49e-08
1421960276	5.48e-08
1421960336	5.49e-08
1421960397	5.48e-08
1421960457	5.48e-08
1421960518	5.47e-08
1421960579	5.45e-08
1421960639	5.47e-08
1421960700	5.45e-08
1421960760	5.42e-08
1421960821	5.41e-08
1421960881	5.43e-08
1421960942	5.42e-08
1421961002	5.43e-08
1421961063	5.45e-08
1421961123	5.42e-08
1421961184	5.43e-08
1421961244	5.42e-08
1421961305	5.41e-08
1421961365	5.48e-08
1421961426	5.44e-08
1421961486	5.42e-08
1421961547	5.41e-08
1421961607	5.39e-08
1421961668	5.4e-08
1421961729	5.41e-08
1421961789	5.51e-08
1421961850	5.46e-08
1421961910	5.42e-08
1421961971	5.42e-08
1421962031	5.44e-08
1421962092	5.44e-08
1421962152	5.42e-08
1421962213	5.4e-08
1421962273	5.41e-08
1421962334	5.41e-08
1421962394	5.42e-08
1421962455	5.39e-08
1421962515	5.4e-08
1421962576	5.4e-08
1421962636	5.39e-08
1421962697	5.39e-08
1421962757	5.4e-08
1421962817	5.41e-08
1421962878	5.38e-08
1421962938	5.35e-08
1421962999	5.38e-08
1421963059	5.37e-08
1421963120	5.39e-08
1421963180	5.37e-08
1421963241	5.37e-08
1421963301	5.36e-08
1421963362	5.41e-08
1421963422	5.35e-08
1421963483	5.37e-08
1421963543	5.36e-08
1421963604	5.36e-08
1421963664	5.37e-08
1421963725	5.36e-08
1421963785	5.35e-08
1421963846	5.35e-08
1421963906	5.35e-08
1421963967	5.35e-08
1421964027	5.36e-08
1421964088	5.33e-08
1421964148	5.34e-08
1421964209	5.35e-08
1421964269	5.36e-08
1421964330	5.34e-08
1421964390	5.33e-08
1421964451	5.36e-08
1421964511	5.36e-08
1421964572	5.36e-08
1421964632	5.35e-08
1421964693	5.35e-08
1421964753	5.34e-08
1421964814	5.51e-08
1421964874	5.47e-08
1421964935	5.42e-08
1421964996	5.45e-08
1421965056	5.49e-08
1421965117	5.45e-08
1421965177	5.4e-08
1421965238	5.4e-08
1421965298	5.4e-08
1421965358	5.38e-08
1421965419	5.39e-08
1421965479	5.36e-08
1421965540	5.36e-08
1421965600	5.35e-08
1421965661	5.38e-08
1421965721	5.38e-08
1421965782	5.36e-08
1421965843	5.35e-08
1421965903	5.35e-08
1421965964	5.36e-08
1421966024	5.34e-08
1421966085	5.34e-08
1421966145	5.34e-08
1421966206	5.35e-08
1421966266	5.35e-08
1421966327	5.34e-08
1421966387	5.33e-08
1421966448	5.34e-08
1421966508	5.32e-08
1421966569	5.31e-08
1421966629	5.35e-08
1421966690	5.34e-08
1421966750	5.33e-08
1421966811	5.33e-08
1421966871	5.3e-08
1421966932	5.31e-08
1421966992	5.32e-08
1421967053	5.32e-08
1421967113	5.31e-08
1421967174	5.3e-08
1421967234	5.3e-08
1421967295	5.27e-08
1421967355	5.26e-08
1421967416	5.27e-08
1421967476	5.3e-08
1421967537	5.34e-08
1421967598	5.32e-08
1421967658	5.32e-08
1421967719	5.34e-08
1421967779	5.34e-08
1421967840	5.33e-08
1421967900	5.34e-08
1421967961	5.33e-08
1421968021	5.32e-08
1421968082	5.31e-08
1421968142	5.32e-08
1421968203	5.3e-08
1421968263	5.33e-08
1421968323	5.34e-08
1421968384	5.33e-08
1421968444	5.33e-08
1421968505	5.37e-08
1421968565	5.3e-08
1421968626	5.33e-08
1421968686	5.3e-08
1421968747	5.25e-08
1421968807	5.31e-08
1421968868	5.29e-08
1421968928	5.26e-08
1421968989	5.27e-08
1421969049	5.28e-08
1421969110	5.27e-08
1421969170	5.27e-08
1421969231	5.25e-08
1421969291	5.3e-08
1421969352	5.32e-08
1421969412	5.29e-08
1421969473	5.28e-08
1421969533	5.3e-08
1421969594	5.32e-08
1421969654	5.28e-08
1421969715	5.29e-08
1421969776	5.3e-08
1421969836	5.3e-08
1421969897	5.35e-08
1421969957	5.33e-08
1421970018	5.33e-08
1421970078	5.31e-08
1421970139	5.31e-08
1421970199	5.3e-08
1421970260	5.29e-08
1421970320	5.27e-08
1421970381	5.3e-08
1421970441	5.3e-08
1421970502	5.32e-08
1421970562	5.3e-08
1421970623	5.29e-08
1421970683	5.28e-08
1421970744	5.3e-08
1421970804	5.28e-08
1421970865	5.27e-08
1421970925	5.27e-08
1421970986	5.29e-08
1421971046	5.31e-08
1421971107	5.32e-08
1421971167	5.32e-08
1421971228	5.32e-08
1421971288	5.31e-08
1421971349	5.3e-08
1421971409	5.31e-08
1421971470	5.3e-08
1421971530	5.28e-08
1421971591	5.26e-08
1421971651	5.21e-08
1421971712	5.23e-08
1421971772	5.34e-08
1421971833	5.34e-08
1421971893	5.32e-08
1421971954	5.28e-08
1421972014	5.27e-08
1421972075	5.25e-08
1421972135	5.25e-08
1421972196	5.24e-08
1421972257	5.23e-08
1421972317	5.24e-08
1421972378	5.26e-08
1421972438	5.27e-08
1421972499	5.28e-08
1421972559	5.26e-08
1421972620	5.26e-08
1421972680	5.27e-08
1421972741	5.26e-08
1421972801	5.27e-08
1421972862	5.27e-08
1421972922	5.26e-08
1421972983	5.24e-08
1421973043	5.25e-08
1421973104	5.24e-08
1421973164	5.26e-08
1421973225	5.26e-08
1421973285	5.25e-08
1421973346	5.23e-08
1421973406	5.22e-08
1421973467	5.24e-08
1421973528	5.26e-08
1421973588	5.25e-08
1421973649	5.25e-08
1421973709	5.25e-08
1421973770	5.23e-08
1421973830	5.27e-08
1421973891	5.29e-08
1421973951	5.27e-08
1421974012	5.14e-08
1421974072	5.18e-08
1421974133	5.22e-08
1421974193	5.3e-08
1421974254	5.28e-08
1421974314	5.29e-08
1421974375	5.27e-08
1421974435	5.26e-08
1421974496	5.25e-08
1421974556	5.36e-08
1421974617	5.28e-08
1421974677	5.26e-08
1421974738	5.26e-08
1421974798	5.21e-08
1421974859	5.25e-08
1421974919	5.22e-08
1421974980	5.28e-08
1421975040	5.26e-08
1421975101	5.25e-08
1421975161	5.26e-08
1421975222	5.28e-08
1421975282	5.27e-08
1421975343	5.25e-08
1421975403	5.26e-08
1421975464	5.26e-08
1421975525	5.27e-08
1421975585	5.27e-08
1421975646	5.25e-08
1421975706	5.24e-08
1421975767	5.21e-08
1421975827	5.31e-08
1421975888	5.33e-08
1421975948	5.29e-08
1421976009	5.22e-08
1421976069	5.23e-08
1421976130	5.25e-08
1421976191	5.25e-08
1421976251	5.26e-08
1421976312	5.34e-08
1421976372	5.32e-08
1421976433	5.29e-08
1421976493	5.29e-08
1421976554	5.27e-08
1421976614	5.23e-08
1421976675	5.21e-08
1421976735	5.22e-08
1421976796	5.21e-08
1421976857	5.22e-08
1421976917	5.2e-08
1421976978	5.21e-08
1421977038	5.21e-08
1421977099	5.2e-08
1421977159	5.21e-08
1421977220	5.21e-08
1421977280	5.18e-08
1421977341	5.19e-08
1421977401	5.19e-08
1421977462	5.21e-08
1421977522	5.19e-08
1421977583	5.21e-08
1421977643	5.2e-08
1421977704	5.21e-08
1421977764	5.22e-08
1421977825	5.22e-08
1421977885	5.22e-08
1421977946	5.22e-08
1421978006	5.21e-08
1421978067	5.25e-08
1421978127	5.24e-08
1421978188	5.24e-08
1421978248	5.24e-08
1421978309	5.24e-08
1421978369	5.2e-08
1421978429	5.21e-08
1421978490	5.21e-08
1421978551	5.2e-08
1421978611	5.2e-08
1421978671	5.19e-08
1421978732	5.19e-08
1421978792	5.18e-08
1421978853	5.18e-08
1421978914	5.2e-08
1421978974	5.19e-08
1421979034	5.17e-08
1421979095	5.2e-08
1421979156	5.18e-08
1421979216	5.19e-08
1421979277	5.17e-08
1421979337	5.18e-08
1421979398	5.16e-08
1421979458	5.18e-08
1421979519	5.19e-08
1421979579	5.18e-08
1421979640	5.19e-08
1421979700	5.18e-08
1421979761	5.17e-08
1421979821	5.18e-08
1421979882	5.18e-08
1421979942	5.16e-08
1421980003	5.16e-08
1421980063	5.17e-08
1421980124	5.17e-08
1421980184	5.18e-08
1421980245	5.16e-08
1421980305	5.16e-08
1421980366	5.16e-08
1421980426	5.16e-08
1421980487	5.15e-08
1421980547	5.2e-08
1421980608	5.22e-08
1421980668	5.21e-08
1421980729	5.2e-08
1421980789	5.21e-08
1421980850	5.19e-08
1421980910	5.2e-08
1421980971	5.2e-08
1421981031	5.19e-08
1421981092	5.25e-08
1421981152	5.22e-08
1421981213	5.22e-08
1421981273	5.21e-08
1421981334	5.21e-08
1421981395	5.21e-08
1421981455	5.21e-08
1421981516	5.21e-08
1421981576	5.21e-08
1421981637	5.2e-08
1421981697	5.21e-08
1421981758	5.22e-08
1421981818	5.2e-08
1421981879	5.21e-08
1421981939	5.2e-08
1421982000	5.19e-08
1421982060	5.19e-08
1421982121	5.2e-08
1421982181	5.19e-08
1421982242	5.2e-08
1421982302	5.25e-08
1421982363	5.21e-08
1421982423	5.21e-08
1421982484	5.2e-08
1421982544	5.2e-08
1421982605	5.21e-08
1421982665	5.2e-08
1421982726	5.2e-08
1421982786	5.19e-08
1421982847	5.2e-08
1421982907	5.19e-08
1421982968	5.18e-08
1421983028	5.18e-08
1421983089	5.19e-08
1421983149	5.2e-08
1421983210	5.17e-08
1421983270	5.17e-08
1421983331	5.17e-08
1421983391	5.16e-08
1421983452	5.16e-08
1421983512	5.16e-08
1421983573	5.17e-08
1421983633	5.17e-08
1421983694	5.16e-08
1421983754	5.15e-08
1421983815	5.19e-08
1421983875	5.3e-08
1421983936	5.2e-08
1421983996	5.21e-08
1421984057	5.2e-08
1421984117	5.18e-08
1421984178	5.17e-08
1421984238	5.16e-08
1421984299	5.16e-08
1421984359	5.16e-08
1421984420	5.16e-08
1421984480	5.15e-08
1421984541	5.16e-08
1421984601	5.15e-08
1421984662	5.14e-08
1421984723	5.15e-08
1421984783	5.15e-08
1421984844	5.14e-08
1421984904	5.15e-08
1421984965	5.13e-08
1421985025	5.15e-08
1421985086	5.14e-08
1421985146	5.16e-08
1421985207	5.16e-08
1421985267	5.14e-08
1421985328	5.15e-08
1421985388	5.14e-08
1421985449	5.14e-08
1421985509	5.16e-08
1421985570	5.15e-08
1421985631	5.15e-08
1421985691	5.16e-08
1421985752	5.14e-08
1421985812	5.17e-08
1421985873	5.14e-08
1421985933	5.13e-08
1421985994	5.11e-08
1421986054	5.13e-08
1421986115	5.12e-08
1421986175	5.14e-08
1421986236	5.13e-08
1421986296	5.14e-08
1421986357	5.13e-08
1421986417	5.15e-08
1421986478	5.12e-08
1421986538	5.12e-08
1421986599	5.12e-08
1421986659	5.23e-08
1421986720	5.16e-08
1421986780	5.15e-08
1421986841	5.14e-08
1421986901	5.13e-08
1421986962	5.13e-08
1421987023	5.14e-08
1421987083	5.13e-08
1421987144	5.11e-08
1421987204	5.11e-08
1421987265	5.11e-08
1421987325	5.19e-08
1421987386	5.15e-08
1421987446	5.14e-08
1421987507	5.13e-08
1421987568	5.14e-08
1421987628	5.12e-08
1421987689	5.13e-08
1421987749	5.1e-08
1421987810	5.12e-08
1421987870	5.12e-08
1421987931	5.12e-08
1421987991	5.12e-08
1421988052	5.11e-08
1421988112	5.11e-08
1421988173	5.12e-08
1421988233	5.13e-08
1421988294	5.13e-08
1421988354	5.12e-08
1421988415	5.11e-08
1421988476	5.11e-08
1421988536	5.12e-08
1421988597	5.12e-08
1421988657	5.11e-08
1421988718	5.13e-08
1421988778	5.12e-08
1421988839	5.11e-08
1421988899	5.1e-08
1421988960	5.11e-08
1421989020	5.09e-08
1421989081	5.11e-08
1421989141	5.1e-08
1421989202	5.1e-08
1421989262	5.1e-08
1421989323	5.1e-08
1421989383	5.09e-08
1421989444	5.08e-08
1421989504	5.11e-08
1421989565	5.09e-08
1421989625	5.09e-08
1421989686	5.1e-08
1421989746	5.18e-08
1421989807	5.15e-08
1421989867	5.15e-08
1421989928	5.13e-08
1421989989	5.14e-08
1421990049	5.14e-08
1421990110	5.14e-08
1421990170	5.13e-08
1421990231	5.13e-08
1421990291	5.14e-08
1421990352	5.13e-08
1421990412	5.15e-08
1421990473	5.13e-08
1421990533	5.14e-08
1421990594	5.13e-08
1421990654	5.13e-08
1421990715	5.13e-08
1421990775	5.12e-08
1421990836	5.13e-08
1421990896	5.11e-08
1421990957	5.11e-08
1421991018	5.12e-08
1421991078	5.1e-08
1421991139	5.11e-08
1421991199	5.12e-08
1421991260	5.11e-08
1421991320	5.1e-08
1421991381	5.11e-08
1421991441	5.11e-08
1421991502	5.1e-08
1421991562	5.1e-08
1421991623	5.1e-08
1421991683	5.1e-08
1421991744	5.09e-08
1421991804	5.09e-08
1421991865	5.1e-08
1421991925	5.09e-08
1421991986	5.08e-08
1421992047	5.09e-08
1421992107	5.11e-08
1421992168	5.1e-08
1421992228	5.1e-08
1421992289	5.1e-08
1421992349	5.1e-08
1421992409	5.09e-08
1421992470	5.11e-08
1421992530	5.1e-08
1421992591	5.11e-08
1421992651	5.12e-08
1421992712	5.1e-08
1421992772	5.11e-08
1421992833	5.1e-08
1421992893	5.1e-08
1421992954	5.1e-08
1421993014	5.11e-08
1421993075	5.1e-08
1421993135	5.1e-08
1421993196	5.13e-08
1421993256	5.13e-08
1421993317	5.15e-08
1421993377	5.15e-08
1421993438	5.13e-08
1421993498	5.13e-08
1421993559	5.15e-08
1421993619	5.16e-08
1421993680	5.15e-08
1421993740	5.16e-08
1421993801	5.14e-08
1421993861	5.14e-08
1421993922	5.14e-08
1421993982	5.12e-08
1421994043	5.13e-08
1421994103	5.14e-08
1421994164	5.14e-08
1421994224	5.16e-08
1421994285	5.13e-08
1421994345	5.13e-08
1421994406	5.13e-08
1421994466	5.12e-08
1421994527	5.12e-08
1421994587	5.12e-08
1421994648	5.12e-08
1421994708	5.12e-08
1421994769	5.14e-08
1421994829	5.14e-08
1421994890	5.14e-08
1421994950	5.13e-08
1421995011	5.14e-08
1421995071	5.15e-08
1421995132	5.14e-08
1421995193	5.12e-08
1421995253	5.12e-08
1421995314	5.12e-08
1421995374	5.12e-08
1421995435	5.11e-08
1421995495	5.11e-08
1421995556	5.14e-08
1421995616	5.13e-08
1421995677	5.13e-08
1421995737	5.12e-08
1421995798	5.13e-08
1421995858	5.13e-08
1421995919	5.12e-08
1421995979	5.13e-08
1421996040	5.1e-08
1421996100	5.11e-08
1421996161	5.11e-08
1421996221	5.11e-08
1421996282	5.11e-08
1421996342	5.1e-08
1421996403	5.11e-08
1421996463	5.11e-08
1421996524	5.06e-08
1421996584	5.11e-08
1421996645	5.12e-08
1421996705	5.11e-08
1421996766	5.09e-08
1421996826	5.08e-08
1421996887	5.12e-08
1421996947	5.11e-08
1421997008	5.09e-08
1421997069	5.11e-08
1421997129	5.11e-08
1421997190	5.13e-08
1421997250	5.1e-08
1421997311	5.12e-08
1421997371	5.12e-08
1421997431	5.11e-08
1421997492	5.1e-08
1421997552	5.11e-08
1421997613	5.11e-08
1421997674	5.07e-08
1421997734	5.09e-08
1421997795	5.09e-08
1421997855	5.11e-08
1421997916	5.11e-08
1421997976	5.1e-08
1421998036	5.11e-08
1421998097	5.1e-08
1421998157	5.11e-08
1421998218	5.12e-08
1421998278	5.12e-08
1421998339	5.12e-08
1421998399	5.11e-08
1421998460	5.11e-08
1421998520	5.12e-08
1421998581	5.1e-08
1421998641	5.13e-08
1421998702	5.1e-08
1421998762	5.08e-08
1421998823	5.08e-08
1421998883	5.09e-08
1421998944	5.1e-08
1421999004	5.08e-08
1421999065	5.1e-08
1421999125	5.09e-08
1421999186	5.09e-08
1421999247	5.1e-08
1421999307	5.1e-08
1421999367	5.1e-08
1421999428	5.09e-08
1421999488	5.1e-08
1421999549	5.07e-08
1421999609	5.07e-08
1421999670	5.07e-08
1421999730	5.08e-08
1421999791	5.07e-08
1421999852	5.06e-08
1421999912	5.07e-08
1421999973	5.07e-08
1422000033	5.06e-08
1422000094	5.06e-08
1422000154	5.08e-08
1422000215	5.09e-08
1422000275	5.09e-08
1422000336	5.09e-08
1422000396	5.06e-08
1422000457	5.09e-08
1422000517	5.08e-08
1422000578	5.08e-08
1422000638	5.09e-08
1422000699	5.1e-08
1422000760	5.05e-08
1422000820	5.09e-08
1422000881	5.1e-08
1422000941	5.09e-08
1422001002	5.11e-08
1422001062	5.08e-08
1422001123	5.09e-08
1422001183	5.11e-08
1422001244	5.1e-08
1422001304	5.1e-08
1422001365	5.1e-08
1422001425	5.08e-08
1422001486	5.1e-08
1422001546	5.13e-08
1422001607	5.14e-08
1422001668	5.19e-08
1422001728	5.15e-08
1422001789	5.14e-08
1422001849	5.12e-08
1422001910	5.14e-08
1422001970	5.11e-08
1422002031	5.12e-08
1422002091	5.13e-08
1422002152	5.12e-08
1422002212	5.1e-08
1422002273	5.09e-08
1422002333	5.1e-08
1422002394	5.11e-08
1422002454	5.11e-08
1422002515	5.1e-08
1422002575	5.09e-08
1422002636	5.1e-08
1422002697	5.09e-08
1422002757	5.09e-08
1422002818	5.08e-08
1422002878	5.08e-08
1422002939	5.08e-08
1422002999	5.06e-08
1422003060	5.07e-08
1422003120	5.08e-08
1422003181	5.08e-08
1422003241	5.06e-08
1422003302	5.05e-08
1422003363	5.06e-08
1422003423	5.06e-08
1422003484	5.06e-08
1422003544	5.07e-08
1422003605	5.05e-08
1422003665	5.06e-08
1422003726	5.05e-08
1422003786	5.07e-08
1422003847	5.06e-08
1422003907	5.05e-08
1422003968	5.06e-08
1422004028	5.06e-08
1422004088	5.06e-08
1422004149	5.08e-08
1422004209	5.07e-08
1422004270	5.05e-08
1422004331	5.07e-08
1422004391	5.08e-08
1422004451	5.06e-08
1422004512	5.06e-08
1422004572	5.06e-08
1422004633	5.07e-08
1422004693	5.06e-08
1422004754	5.06e-08
1422004815	5.08e-08
1422004875	5.06e-08
1422004936	5.05e-08
1422004996	5.06e-08
1422005057	5.06e-08
1422005117	5.07e-08
1422005178	5.08e-08
1422005238	5.07e-08
1422005299	5.06e-08
1422005359	5.07e-08
1422005420	5.06e-08
1422005480	5.1e-08
1422005541	5.06e-08
1422005601	5.07e-08
1422005662	5.06e-08
1422005722	5.06e-08
1422005783	5.05e-08
1422005843	5.05e-08
1422005904	5.03e-08
1422005964	5.05e-08
1422006025	5.03e-08
1422006085	5.04e-08
1422006146	5.03e-08
1422006207	5.03e-08
1422006267	5.04e-08
1422006328	5.05e-08
1422006388	5.05e-08
1422006449	5.05e-08
1422006509	5.06e-08
1422006570	5.05e-08
1422006630	5.04e-08
1422006690	5.04e-08
1422006751	5.04e-08
1422006811	5.06e-08
1422006872	5.04e-08
1422006932	5.04e-08
1422006993	5.04e-08
1422007053	5.09e-08
1422007114	5.04e-08
1422007174	5.03e-08
1422007235	5.03e-08
1422007295	5.04e-08
1422007356	5.03e-08
1422007416	5.02e-08
1422007477	5.03e-08
1422007537	5.09e-08
1422007598	5.04e-08
1422007658	5.02e-08
1422007719	5.03e-08
1422007779	5.02e-08
1422007840	5.02e-08
1422007900	5.02e-08
1422007961	5.04e-08
1422008021	5.04e-08
1422008082	5.11e-08
1422008142	5.03e-08
1422008203	5.04e-08
1422008263	5.05e-08
1422008324	5.03e-08
1422008384	5.04e-08
1422008445	5.03e-08
1422008505	5.03e-08
1422008566	5.02e-08
1422008626	5.05e-08
1422008687	5.03e-08
1422008747	5.06e-08
1422008808	5.08e-08
1422008868	5.05e-08
1422008929	5.06e-08
1422008989	5.06e-08
1422009050	5.06e-08
1422009110	5.05e-08
1422009171	5.04e-08
1422009231	5.04e-08
1422009292	5.05e-08
1422009352	5.04e-08
1422009413	5.06e-08
1422009473	5.05e-08
1422009533	5.04e-08
1422009594	5.05e-08
1422009654	5.05e-08
1422009715	5.05e-08
1422009775	5.04e-08
1422009836	5.04e-08
1422009896	5.04e-08
1422009957	5.03e-08
1422010018	5.03e-08
1422010078	5.03e-08
1422010139	5.05e-08
1422010199	5.03e-08
1422010259	5.02e-08
1422010320	5.03e-08
1422010380	5.03e-08
1422010441	5.02e-08
1422010501	4.95e-08
1422010562	5.04e-08
1422010622	5.04e-08
1422010683	5.03e-08
1422010743	5.03e-08
1422010804	5.03e-08
1422010864	5.03e-08
1422010925	5.03e-08
1422010985	5.02e-08
1422011046	5.03e-08
1422011106	5.02e-08
1422011167	5e-08
1422011227	5.03e-08
1422011288	5.02e-08
1422011348	5.06e-08
1422011409	5.05e-08
1422011469	5.04e-08
1422011530	5.03e-08
1422011590	5.03e-08
1422011651	5.03e-08
1422011711	5.02e-08
1422011772	5.03e-08
1422011832	5.04e-08
1422011893	5.03e-08
1422011953	5.03e-08
1422012014	5.03e-08
1422012075	5.03e-08
1422012135	5.04e-08
1422012196	5.03e-08
1422012256	5.03e-08
1422012316	5.03e-08
1422012377	5.02e-08
1422012437	5.04e-08
1422012498	5.01e-08
1422012559	5.01e-08
1422012619	5.02e-08
1422012680	5.01e-08
1422012740	5.02e-08
1422012801	5e-08
1422012861	5.02e-08
1422012922	5.01e-08
1422012982	5.01e-08
1422013042	5e-08
1422013103	5.01e-08
1422013164	5.01e-08
1422013224	5.01e-08
1422013284	5.01e-08
1422013345	5e-08
1422013405	5e-08
1422013466	5e-08
1422013526	4.99e-08
1422013587	5.02e-08
1422013647	5.01e-08
1422013708	5e-08
1422013768	5e-08
1422013829	5e-08
1422013889	5e-08
1422013950	4.99e-08
1422014010	4.99e-08
1422014071	5e-08
1422014132	5.01e-08
1422014192	5e-08
1422014253	4.98e-08
1422014313	4.99e-08
1422014374	4.98e-08
1422014434	4.99e-08
1422014495	4.99e-08
1422014555	4.99e-08
1422014616	4.99e-08
1422014676	4.99e-08
1422014737	4.99e-08
1422014797	5e-08
1422014858	4.99e-08
1422014918	5.01e-08
1422014979	5.03e-08
1422015039	5.01e-08
1422015100	5e-08
1422015160	5.02e-08
1422015221	5.01e-08
1422015281	5.01e-08
1422015342	5.02e-08
1422015402	5e-08
1422015463	4.98e-08
1422015523	5.01e-08
1422015584	4.99e-08
1422015644	4.99e-08
1422015705	4.99e-08
1422015765	5e-08
1422015826	5.01e-08
1422015886	5.01e-08
1422015947	5.03e-08
1422016007	5.01e-08
1422016068	5.01e-08
1422016128	5.01e-08
1422016189	5.01e-08
1422016249	5.02e-08
1422016310	5.01e-08
1422016370	5e-08
1422016431	5.02e-08
1422016491	5e-08
1422016552	4.94e-08
1422016613	5.01e-08
1422016673	5e-08
1422016734	5e-08
1422016794	4.99e-08
1422016855	5e-08
1422016915	5.02e-08
1422016975	5e-08
1422017036	4.99e-08
1422017096	4.99e-08
1422017157	5e-08
1422017217	5.01e-08
1422017278	4.99e-08
1422017338	4.94e-08
1422017399	5.01e-08
1422017459	5e-08
1422017520	5.01e-08
1422017580	5e-08
1422017641	5e-08
1422017701	4.98e-08
1422017762	5.01e-08
1422017822	4.99e-08
1422017883	4.98e-08
1422017943	4.98e-08
1422018004	4.98e-08
1422018064	4.98e-08
1422018125	4.98e-08
1422018185	4.99e-08
1422018246	4.98e-08
1422018306	4.98e-08
1422018367	4.98e-08
1422018427	4.97e-08
1422018488	4.98e-08
1422018548	4.97e-08
1422018609	5e-08
1422018669	4.99e-08
1422018730	4.98e-08
1422018790	5e-08
1422018851	4.97e-08
1422018911	4.97e-08
1422018972	4.98e-08
1422019032	4.99e-08
1422019093	4.98e-08
1422019153	4.97e-08
1422019214	4.97e-08
1422019274	4.98e-08
1422019335	4.97e-08
1422019395	4.96e-08
1422019456	4.98e-08
1422019516	4.97e-08
1422019577	4.96e-08
1422019637	4.96e-08
1422019698	4.96e-08
1422019758	4.98e-08
1422019819	4.96e-08
1422019879	4.96e-08
1422019940	4.96e-08
1422020000	4.98e-08
1422020061	4.97e-08
1422020121	4.98e-08
1422020182	4.99e-08
1422020242	4.96e-08
1422020303	4.97e-08
1422020363	4.96e-08
1422020424	4.96e-08
1422020484	4.98e-08
1422020545	4.97e-08
1422020605	4.98e-08
1422020666	4.97e-08
1422020726	4.96e-08
1422020786	4.97e-08
1422020847	4.96e-08
1422020907	4.99e-08
1422020968	5.01e-08
1422021029	4.98e-08
1422021089	4.99e-08
1422021149	4.99e-08
1422021210	4.99e-08
1422021270	4.99e-08
1422021331	5e-08
1422021391	5e-08
1422021452	4.98e-08
1422021512	5e-08
1422021573	4.98e-08
1422021633	5e-08
1422021694	4.98e-08
1422021754	4.98e-08
1422021815	4.98e-08
1422021875	4.98e-08
1422021936	4.98e-08
1422021996	4.98e-08
1422022057	4.96e-08
1422022117	4.97e-08
1422022178	4.98e-08
1422022238	4.97e-08
1422022299	4.97e-08
1422022359	4.97e-08
1422022420	4.98e-08
1422022480	4.99e-08
1422022541	4.98e-08
1422022601	4.98e-08
1422022662	4.98e-08
1422022722	4.98e-08
1422022783	4.98e-08
1422022843	4.96e-08
1422022904	4.96e-08
1422022964	4.98e-08
1422023025	4.97e-08
1422023085	4.97e-08
1422023146	4.98e-08
1422023206	4.96e-08
1422023267	4.89e-08
1422023327	4.99e-08
1422023388	4.97e-08
1422023448	4.97e-08
1422023509	4.97e-08
1422023570	4.98e-08
1422023630	4.96e-08
1422023691	4.96e-08
1422023751	4.94e-08
1422023812	4.97e-08
1422023872	4.96e-08
1422023933	4.97e-08
1422023993	4.96e-08
1422024054	4.96e-08
1422024114	4.96e-08
1422024175	4.98e-08
1422024235	4.97e-08
1422024296	4.98e-08
1422024356	4.98e-08
1422024417	4.98e-08
1422024477	4.96e-08
1422024538	4.97e-08
1422024598	4.97e-08
1422024659	4.97e-08
1422024719	4.97e-08
1422024780	4.96e-08
1422024841	4.96e-08
1422024901	4.96e-08
1422024962	4.97e-08
1422025022	4.96e-08
1422025083	4.95e-08
1422025143	4.95e-08
1422025203	4.97e-08
1422025264	4.97e-08
1422025324	4.96e-08
1422025385	4.95e-08
1422025445	4.95e-08
1422025506	4.94e-08
1422025566	4.92e-08
1422025627	4.95e-08
1422025687	4.95e-08
1422025748	4.94e-08
1422025808	4.95e-08
1422025869	4.95e-08
1422025929	4.95e-08
1422025990	4.96e-08
1422026050	4.94e-08
1422026111	4.94e-08
1422026171	4.95e-08
1422026232	4.95e-08
1422026292	4.95e-08
1422026353	4.94e-08
1422026413	4.94e-08
1422026474	4.94e-08
1422026534	4.94e-08
1422026595	4.96e-08
1422026655	4.94e-08
1422026716	4.94e-08
1422026776	4.95e-08
1422026837	4.94e-08
1422026897	4.95e-08
1422026958	4.94e-08
1422027018	4.94e-08
1422027079	4.94e-08
1422027139	4.94e-08
1422027200	4.93e-08
1422027260	4.94e-08
1422027321	4.94e-08
1422027381	4.94e-08
1422027442	4.93e-08
1422027502	4.94e-08
1422027563	4.97e-08
1422027623	4.98e-08
1422027684	4.96e-08
1422027744	4.96e-08
1422027805	4.94e-08
1422027865	4.95e-08
1422027925	4.97e-08
1422027986	4.95e-08
1422028047	4.93e-08
1422028107	4.92e-08
1422028168	4.92e-08
1422028228	4.94e-08
1422028289	4.93e-08
1422028349	4.93e-08
1422028410	4.94e-08
1422028470	4.92e-08
1422028530	4.91e-08
1422028591	4.9e-08
1422028652	4.95e-08
1422028712	4.93e-08
1422028773	4.91e-08
1422028833	4.91e-08
1422028894	4.94e-08
1422028954	4.91e-08
1422029014	4.91e-08
1422029075	4.92e-08
1422029135	4.95e-08
1422029196	4.92e-08
1422029256	4.92e-08
1422029317	4.92e-08
1422029377	4.93e-08
1422029438	4.93e-08
1422029498	4.91e-08
1422029559	4.91e-08
1422029619	4.92e-08
1422029680	4.95e-08
1422029740	4.91e-08
1422029801	4.91e-08
1422029861	4.92e-08
1422029922	4.93e-08
1422029982	4.9e-08
1422030043	4.95e-08
1422030103	5e-08
1422030164	4.95e-08
1422030224	4.97e-08
1422030285	4.97e-08
1422030346	4.98e-08
1422030406	4.98e-08
1422030467	4.97e-08
1422030527	4.97e-08
1422030588	4.96e-08
1422030648	4.97e-08
1422030709	4.97e-08
1422030769	4.96e-08
1422030829	5.03e-08
1422030890	5.01e-08
1422030950	4.98e-08
1422031011	4.96e-08
1422031071	4.97e-08
1422031132	4.97e-08
1422031192	4.97e-08
1422031253	4.95e-08
1422031313	4.95e-08
1422031374	4.95e-08
1422031434	4.95e-08
1422031495	4.96e-08
1422031555	4.94e-08
1422031616	4.93e-08
1422031676	4.91e-08
1422031737	4.98e-08
