1423002836	8.03
1423002896	1.83
1423002957	1.11
1423003017	0.871
1423003078	0.00052
1423003139	0.000329
1423003199	0.00028
1423003260	0.00025
1423003320	0.000232
1423003381	0.000217
1423003441	0.000205
1423003502	0.000194
1423003562	0.000185
1423003623	0.000173
1423003683	0.000165
1423003744	0.000158
1423003804	0.000153
1423003865	0.000146
1423003925	0.00014
1423003986	0.000136
1423004046	0.000132
1423004107	0.000128
1423004167	0.000124
1423004228	0.000121
1423004288	0.000118
1423004349	0.000115
1423004409	0.000111
1423004469	0.000108
1423004530	0.000106
1423004590	0.000103
1423004651	0.000101
1423004711	9.9e-05
1423004772	9.63e-05
1423004832	9.43e-05
1423004893	9.22e-05
1423004953	9.04e-05
1423005014	8.82e-05
1423005074	8.63e-05
1423005135	8.47e-05
1423005195	8.28e-05
1423005256	8.11e-05
1423005316	7.96e-05
1423005377	7.78e-05
1423005437	7.17e-05
1423005498	7.08e-05
1423005558	6.98e-05
1423005619	6.89e-05
1423005679	6.8e-05
1423005740	6.71e-05
1423005801	6.63e-05
1423005861	6.55e-05
1423005922	6.47e-05
1423005982	6.39e-05
1423006043	6.32e-05
1423006103	6.25e-05
1423006164	6.18e-05
1423006224	6.11e-05
1423006285	6.04e-05
1423006345	5.98e-05
1423006406	5.92e-05
1423006466	5.86e-05
1423006527	5.8e-05
1423006587	5.74e-05
1423006648	5.68e-05
1423006708	5.63e-05
1423006768	5.59e-05
1423006829	5.54e-05
1423006889	5.49e-05
1423006950	5.44e-05
1423007010	5.38e-05
1423007071	5.33e-05
1423007132	5.28e-05
1423007192	5.23e-05
1423007253	5.19e-05
1423007313	5.14e-05
1423007374	5.1e-05
1423007434	5.05e-05
1423007495	5.01e-05
1423007555	4.97e-05
1423007616	4.92e-05
1423007676	4.88e-05
1423007737	4.84e-05
1423007797	4.8e-05
1423007858	4.76e-05
1423007918	4.72e-05
1423007979	4.69e-05
1423008039	4.65e-05
1423008100	4.61e-05
1423008160	4.58e-05
1423008221	4.54e-05
1423008281	4.51e-05
1423008341	4.47e-05
1423008402	4.44e-05
1423008462	4.4e-05
1423008523	4.37e-05
1423008583	4.34e-05
1423008644	4.31e-05
1423008704	4.28e-05
1423008765	4.25e-05
1423008825	4.22e-05
1423008886	4.19e-05
1423008946	4.16e-05
1423009007	4.13e-05
1423009067	4.1e-05
1423009128	4.08e-05
1423009188	4.05e-05
1423009249	4.02e-05
1423009309	3.99e-05
1423009370	3.97e-05
1423009430	3.94e-05
1423009491	3.91e-05
1423009551	3.89e-05
1423009612	3.86e-05
1423009672	3.84e-05
1423009733	3.81e-05
1423009793	3.79e-05
1423009854	3.77e-05
1423009914	3.74e-05
1423009975	3.72e-05
1423010036	3.7e-05
1423010096	3.7e-05
1423010157	3.65e-05
1423010217	3.63e-05
1423010278	3.61e-05
1423010338	3.59e-05
1423010399	3.57e-05
1423010459	3.54e-05
1423010520	3.52e-05
1423010580	3.5e-05
1423010641	3.48e-05
1423010701	3.46e-05
1423010762	3.44e-05
1423010822	3.42e-05
1423010883	3.41e-05
1423010943	3.39e-05
1423011004	3.37e-05
1423011064	3.35e-05
1423011125	3.33e-05
1423011185	3.31e-05
1423011246	3.3e-05
1423011306	3.28e-05
1423011367	3.26e-05
1423011427	3.24e-05
1423011488	3.23e-05
1423011548	3.21e-05
1423011609	3.2e-05
1423011669	3.18e-05
1423011730	3.16e-05
1423011790	3.15e-05
1423011851	3.13e-05
1423011911	3.12e-05
1423011971	3.1e-05
1423012032	3.08e-05
1423012092	3.07e-05
1423012153	3.05e-05
1423012213	3.04e-05
1423012274	3.02e-05
1423012335	3.01e-05
1423012395	3e-05
1423012456	2.98e-05
1423012516	2.97e-05
1423012577	2.95e-05
1423012637	2.94e-05
1423012697	2.93e-05
1423012758	2.91e-05
1423012819	2.9e-05
1423012879	2.89e-05
1423012940	2.87e-05
1423013000	2.86e-05
1423013060	2.85e-05
1423013121	2.84e-05
1423013181	2.82e-05
1423013242	2.81e-05
1423013302	2.8e-05
1423013363	2.79e-05
1423013423	2.78e-05
1423013484	2.76e-05
1423013544	2.75e-05
1423013605	2.74e-05
1423013665	2.73e-05
1423013726	2.72e-05
1423013786	2.71e-05
1423013847	2.7e-05
1423013907	2.68e-05
1423013968	2.67e-05
1423014028	2.66e-05
1423014089	2.65e-05
1423014149	2.64e-05
1423014210	2.63e-05
1423014270	2.62e-05
1423014331	2.61e-05
1423014391	2.6e-05
1423014452	2.59e-05
1423014512	2.58e-05
1423014573	2.57e-05
1423014633	2.56e-05
1423014694	2.55e-05
1423014754	2.54e-05
1423014815	2.53e-05
1423014875	2.52e-05
1423014936	2.51e-05
1423014996	2.5e-05
1423015057	2.49e-05
1423015117	2.48e-05
1423015178	2.47e-05
1423015238	2.46e-05
1423015299	2.46e-05
1423015359	2.45e-05
1423015420	2.44e-05
1423015480	2.43e-05
1423015541	2.42e-05
1423015602	2.41e-05
1423015662	2.4e-05
1423015723	2.4e-05
1423015783	2.39e-05
1423015844	2.38e-05
1423015904	2.37e-05
1423015965	2.36e-05
1423016025	2.35e-05
1423016086	2.35e-05
1423016146	2.34e-05
1423016207	2.33e-05
1423016267	2.32e-05
1423016328	2.31e-05
1423016388	2.31e-05
1423016449	2.3e-05
1423016509	2.29e-05
1423016570	2.28e-05
1423016630	2.28e-05
1423016691	2.27e-05
1423016751	2.26e-05
1423016812	2.25e-05
1423016873	2.25e-05
1423016933	2.24e-05
1423016994	2.23e-05
1423017054	2.22e-05
1423017115	2.22e-05
1423017175	2.21e-05
1423017236	2.2e-05
1423017296	2.2e-05
1423017357	2.19e-05
1423017417	2.18e-05
1423017478	2.18e-05
1423017538	2.17e-05
1423017599	2.16e-05
1423017660	2.16e-05
1423017720	2.15e-05
1423017781	2.14e-05
1423017841	2.14e-05
1423017902	2.13e-05
1423017962	2.12e-05
1423018023	2.12e-05
1423018083	2.11e-05
1423018144	2.1e-05
1423018204	2.1e-05
1423018265	2.09e-05
1423018325	2.08e-05
1423018386	2.08e-05
1423018446	2.07e-05
1423018507	2.07e-05
1423018568	2.06e-05
1423018628	2.05e-05
1423018689	2.05e-05
1423018749	2.04e-05
1423018810	2.04e-05
1423018870	2.03e-05
1423018931	2.02e-05
1423018991	2.02e-05
1423019052	2.01e-05
1423019112	2.01e-05
1423019173	2e-05
1423019233	2e-05
1423019294	1.99e-05
1423019354	1.98e-05
1423019415	1.98e-05
1423019475	1.97e-05
1423019535	1.97e-05
1423019596	1.96e-05
1423019656	1.96e-05
1423019717	1.95e-05
1423019777	1.94e-05
1423019838	1.94e-05
1423019898	1.93e-05
1423019959	1.93e-05
1423020019	1.92e-05
1423020080	1.92e-05
1423020140	1.91e-05
1423020201	1.91e-05
1423020261	1.9e-05
1423020322	1.9e-05
1423020382	1.89e-05
1423020443	1.89e-05
1423020503	1.88e-05
1423020564	1.88e-05
1423020624	1.87e-05
1423020685	1.87e-05
1423020745	1.86e-05
1423020806	1.86e-05
1423020866	1.85e-05
1423020927	1.85e-05
1423020987	1.84e-05
1423021048	1.84e-05
1423021108	1.83e-05
1423021169	1.83e-05
1423021229	1.82e-05
1423021290	1.82e-05
1423021350	1.81e-05
1423021411	1.81e-05
1423021471	1.8e-05
1423021532	1.8e-05
1423021592	1.8e-05
1423021653	1.79e-05
1423021713	1.79e-05
1423021774	1.78e-05
1423021834	1.78e-05
1423021895	1.77e-05
1423021955	1.77e-05
1423022016	1.76e-05
1423022076	1.76e-05
1423022137	1.76e-05
1423022197	1.75e-05
1423022258	1.75e-05
1423022318	1.74e-05
1423022379	1.74e-05
1423022439	1.74e-05
1423022500	1.73e-05
1423022560	1.73e-05
1423022621	1.72e-05
1423022681	1.72e-05
1423022742	1.72e-05
1423022802	1.71e-05
1423022863	1.71e-05
1423022924	1.7e-05
1423022984	1.7e-05
1423023045	1.7e-05
1423023105	1.69e-05
1423023166	1.69e-05
1423023226	1.68e-05
1423023286	1.68e-05
1423023347	1.68e-05
1423023407	1.67e-05
1423023468	1.67e-05
1423023529	1.66e-05
1423023589	1.66e-05
1423023649	1.66e-05
1423023710	1.65e-05
1423023771	1.65e-05
1423023831	1.65e-05
1423023892	1.64e-05
1423023952	1.64e-05
1423024013	1.64e-05
1423024073	1.63e-05
1423024133	1.63e-05
1423024194	1.62e-05
1423024254	1.62e-05
1423024315	1.62e-05
1423024376	1.61e-05
1423024436	1.61e-05
1423024497	1.61e-05
1423024557	1.6e-05
1423024618	1.6e-05
1423024678	1.6e-05
1423024739	1.59e-05
1423024799	1.59e-05
1423024860	1.59e-05
1423024920	1.58e-05
1423024981	1.58e-05
1423025041	1.58e-05
1423025102	1.57e-05
1423025162	1.57e-05
1423025223	1.57e-05
1423025283	1.56e-05
1423025344	1.56e-05
1423025404	1.56e-05
1423025465	1.55e-05
1423025525	1.55e-05
1423025586	1.55e-05
1423025647	1.54e-05
1423025707	1.54e-05
1423025768	1.54e-05
1423025828	1.53e-05
1423025889	1.53e-05
1423025949	1.53e-05
1423026010	1.53e-05
1423026070	1.52e-05
1423026131	1.52e-05
1423026191	1.52e-05
1423026252	1.51e-05
1423026312	1.51e-05
1423026373	1.51e-05
1423026433	1.5e-05
1423026494	1.5e-05
1423026554	1.5e-05
1423026614	1.5e-05
1423026675	1.49e-05
1423026735	1.49e-05
1423026796	1.49e-05
1423026856	1.48e-05
1423026917	1.48e-05
1423026977	1.48e-05
1423027038	1.48e-05
1423027098	1.47e-05
1423027159	1.47e-05
1423027219	1.47e-05
1423027280	1.46e-05
1423027340	1.46e-05
1423027401	1.46e-05
1423027461	1.46e-05
1423027522	1.45e-05
1423027583	1.45e-05
1423027643	1.45e-05
1423027704	1.45e-05
1423027764	1.44e-05
1423027825	1.44e-05
1423027885	1.44e-05
1423027946	1.44e-05
1423028006	1.43e-05
1423028067	1.43e-05
1423028127	1.43e-05
1423028188	1.43e-05
1423028248	1.42e-05
1423028309	1.42e-05
1423028369	1.42e-05
1423028430	1.42e-05
1423028490	1.41e-05
1423028551	1.41e-05
1423028611	1.41e-05
1423028672	1.41e-05
1423028732	1.4e-05
1423028793	1.4e-05
1423028853	1.4e-05
1423028914	1.4e-05
1423028975	1.39e-05
1423029035	1.39e-05
1423029096	1.39e-05
1423029156	1.39e-05
1423029217	1.38e-05
1423029277	1.38e-05
1423029338	1.38e-05
1423029398	1.38e-05
1423029459	1.37e-05
1423029519	1.37e-05
1423029580	1.37e-05
1423029641	1.37e-05
1423029701	1.36e-05
1423029762	1.36e-05
1423029822	1.36e-05
1423029883	1.36e-05
1423029943	1.36e-05
1423030004	1.35e-05
1423030064	1.35e-05
1423030124	1.35e-05
1423030185	1.35e-05
1423030245	1.34e-05
1423030306	1.34e-05
1423030367	1.34e-05
1423030427	1.34e-05
1423030488	1.34e-05
1423030548	1.33e-05
1423030609	1.33e-05
1423030669	1.33e-05
1423030730	1.33e-05
1423030790	1.32e-05
1423030851	1.32e-05
1423030911	1.32e-05
1423030972	1.32e-05
1423031032	1.32e-05
1423031093	1.31e-05
1423031153	1.31e-05
1423031214	1.31e-05
1423031274	1.31e-05
1423031335	1.31e-05
1423031395	1.3e-05
1423031456	1.3e-05
1423031516	1.3e-05
1423031577	1.3e-05
1423031637	1.3e-05
1423031698	1.29e-05
1423031758	1.29e-05
1423031819	1.29e-05
1423031879	1.29e-05
1423031940	1.29e-05
1423032000	1.28e-05
1423032061	1.28e-05
1423032121	1.28e-05
1423032182	1.28e-05
1423032242	1.28e-05
1423032303	1.27e-05
1423032363	1.27e-05
1423032424	1.27e-05
1423032484	1.27e-05
1423032545	1.27e-05
1423032605	1.26e-05
1423032666	1.26e-05
1423032726	1.26e-05
1423032787	1.26e-05
1423032847	1.26e-05
1423032908	1.25e-05
1423032968	1.25e-05
1423033029	1.25e-05
1423033089	1.25e-05
1423033150	1.25e-05
1423033210	1.25e-05
1423033271	1.24e-05
1423033331	1.24e-05
1423033391	1.24e-05
1423033452	1.24e-05
1423033512	1.24e-05
1423033573	1.23e-05
1423033633	1.23e-05
1423033694	1.23e-05
1423033754	1.23e-05
1423033815	1.23e-05
1423033875	1.23e-05
1423033936	1.22e-05
1423033996	1.22e-05
1423034057	1.22e-05
1423034117	1.22e-05
1423034178	1.22e-05
1423034238	1.22e-05
1423034299	1.21e-05
1423034359	1.21e-05
1423034420	1.21e-05
1423034480	1.21e-05
1423034541	1.21e-05
1423034601	1.21e-05
1423034662	1.2e-05
1423034722	1.2e-05
1423034783	1.2e-05
1423034844	1.2e-05
1423034904	1.2e-05
1423034965	1.2e-05
1423035025	1.19e-05
1423035086	1.19e-05
1423035146	1.19e-05
1423035207	1.19e-05
1423035267	1.19e-05
1423035328	1.19e-05
1423035388	1.18e-05
1423035449	1.18e-05
1423035509	1.18e-05
1423035570	1.18e-05
1423035630	1.18e-05
1423035691	1.18e-05
1423035751	1.17e-05
1423035812	1.17e-05
1423035873	1.17e-05
1423035933	1.17e-05
1423035994	1.17e-05
1423036054	1.17e-05
1423036115	1.16e-05
1423036175	1.16e-05
1423036235	1.16e-05
1423036296	1.16e-05
1423036356	1.16e-05
1423036417	1.16e-05
1423036477	1.16e-05
1423036538	1.15e-05
1423036598	1.15e-05
1423036659	1.15e-05
1423036719	1.15e-05
1423036780	1.15e-05
1423036840	1.15e-05
1423036901	1.14e-05
1423036961	1.14e-05
1423037022	1.14e-05
1423037082	1.14e-05
1423037143	1.14e-05
1423037203	1.14e-05
1423037264	1.13e-05
1423037324	1.13e-05
1423037385	1.13e-05
1423037445	1.13e-05
1423037506	1.13e-05
1423037566	1.13e-05
1423037626	1.13e-05
1423037687	1.12e-05
1423037747	1.12e-05
1423037808	1.12e-05
1423037869	1.12e-05
1423037929	1.12e-05
1423037990	1.12e-05
1423038050	1.12e-05
1423038111	1.11e-05
1423038171	1.11e-05
1423038232	1.11e-05
1423038292	1.11e-05
1423038353	1.11e-05
1423038413	1.11e-05
1423038474	1.11e-05
1423038535	1.1e-05
1423038595	1.1e-05
1423038656	1.1e-05
1423038716	1.1e-05
1423038777	1.1e-05
1423038837	1.1e-05
1423038898	1.1e-05
1423038958	1.09e-05
1423039019	1.09e-05
1423039079	1.09e-05
1423039140	1.09e-05
1423039200	1.09e-05
1423039261	1.09e-05
1423039321	1.09e-05
1423039382	1.08e-05
1423039442	1.08e-05
1423039503	1.08e-05
1423039563	1.08e-05
1423039624	1.08e-05
1423039685	1.08e-05
1423039745	1.08e-05
1423039806	1.08e-05
1423039866	1.07e-05
1423039927	1.07e-05
1423039987	1.07e-05
1423040048	1.07e-05
1423040108	1.07e-05
1423040169	1.07e-05
1423040229	1.07e-05
1423040290	1.06e-05
1423040350	1.06e-05
1423040411	1.06e-05
1423040471	1.06e-05
1423040532	1.06e-05
1423040592	1.06e-05
1423040653	1.06e-05
1423040713	1.06e-05
1423040774	1.05e-05
1423040834	1.05e-05
1423040895	1.05e-05
1423040955	1.05e-05
1423041016	1.05e-05
1423041076	1.05e-05
1423041137	1.05e-05
1423041197	1.05e-05
1423041258	1.04e-05
1423041318	1.04e-05
1423041379	1.04e-05
1423041439	1.04e-05
1423041500	1.04e-05
1423041561	1.04e-05
1423041621	1.04e-05
1423041682	1.03e-05
1423041742	1.03e-05
1423041802	1.03e-05
1423041863	1.03e-05
1423041923	1.03e-05
1423041984	1.03e-05
1423042044	1.03e-05
1423042105	1.03e-05
1423042165	1.02e-05
1423042226	1.02e-05
1423042287	1.02e-05
1423042347	1.02e-05
1423042408	1.02e-05
1423042468	1.02e-05
1423042529	1.02e-05
1423042589	1.02e-05
1423042650	1.02e-05
1423042710	1.01e-05
1423042771	1.01e-05
1423042831	1.01e-05
1423042892	1.01e-05
1423042952	1.01e-05
1423043013	1.01e-05
1423043073	1.01e-05
1423043134	1.01e-05
1423043194	1.01e-05
1423043255	1e-05
1423043315	1e-05
1423043376	1e-05
1423043436	1e-05
1423043497	1e-05
1423043557	9.99e-06
1423043618	9.98e-06
1423043678	9.97e-06
1423043739	9.95e-06
1423043799	9.94e-06
1423043860	9.93e-06
1423043920	9.92e-06
1423043981	9.91e-06
1423044042	9.9e-06
1423044102	9.89e-06
1423044163	9.88e-06
1423044223	9.87e-06
1423044284	9.86e-06
1423044344	9.85e-06
1423044405	9.84e-06
1423044465	9.83e-06
1423044526	9.81e-06
1423044586	9.81e-06
1423044647	9.8e-06
1423044707	9.78e-06
1423044767	9.78e-06
1423044828	9.77e-06
1423044888	9.75e-06
1423044949	9.74e-06
1423045009	9.73e-06
1423045070	9.72e-06
1423045130	9.71e-06
1423045191	9.7e-06
1423045251	9.69e-06
1423045312	9.68e-06
1423045372	9.67e-06
1423045433	9.66e-06
1423045493	9.65e-06
1423045554	9.64e-06
1423045614	9.63e-06
1423045675	9.62e-06
1423045735	9.61e-06
1423045796	9.6e-06
1423045856	9.59e-06
1423045917	9.58e-06
1423045977	9.57e-06
1423046038	9.56e-06
1423046098	9.55e-06
1423046159	9.54e-06
1423046219	9.53e-06
1423046280	9.52e-06
1423046340	9.51e-06
1423046401	9.5e-06
1423046461	9.49e-06
1423046522	9.48e-06
1423046582	9.47e-06
1423046643	9.46e-06
1423046703	9.45e-06
1423046764	9.45e-06
1423046824	9.43e-06
1423046885	9.43e-06
1423046945	9.41e-06
1423047006	9.41e-06
1423047066	9.4e-06
1423047127	9.39e-06
1423047187	9.38e-06
1423047248	9.37e-06
1423047308	9.36e-06
1423047369	9.35e-06
1423047429	9.34e-06
1423047490	9.33e-06
1423047550	9.32e-06
1423047611	9.31e-06
1423047671	9.31e-06
1423047731	9.3e-06
1423047792	9.29e-06
1423047853	9.28e-06
1423047913	9.27e-06
1423047974	9.26e-06
1423048034	9.25e-06
1423048095	9.24e-06
1423048155	9.23e-06
1423048216	9.23e-06
1423048276	9.22e-06
1423048337	9.21e-06
1423048397	9.2e-06
1423048458	9.19e-06
1423048518	9.18e-06
1423048579	9.17e-06
1423048639	9.16e-06
1423048700	9.15e-06
1423048760	9.15e-06
1423048820	9.14e-06
1423048881	9.13e-06
1423048941	9.12e-06
1423049002	9.11e-06
1423049062	9.1e-06
1423049123	9.09e-06
1423049183	9.08e-06
1423049244	9.07e-06
1423049304	9.07e-06
1423049365	9.06e-06
1423049425	9.05e-06
1423049486	9.04e-06
1423049546	9.03e-06
1423049607	9.02e-06
1423049667	9.01e-06
1423049728	9.01e-06
1423049788	9e-06
1423049849	8.99e-06
1423049909	8.98e-06
1423049970	8.97e-06
1423050030	8.96e-06
1423050091	8.96e-06
1423050151	8.95e-06
1423050212	8.94e-06
1423050272	8.93e-06
1423050333	8.92e-06
1423050393	8.91e-06
1423050454	8.9e-06
1423050514	8.9e-06
1423050575	8.89e-06
1423050635	8.88e-06
1423050696	8.87e-06
1423050756	8.87e-06
1423050817	8.86e-06
1423050877	8.85e-06
1423050938	8.84e-06
1423050998	8.83e-06
1423051059	8.82e-06
1423051119	8.82e-06
1423051179	8.81e-06
1423051240	8.8e-06
1423051300	8.79e-06
1423051361	8.78e-06
1423051421	8.78e-06
1423051482	8.77e-06
1423051542	8.76e-06
1423051603	8.76e-06
1423051663	8.75e-06
1423051724	8.74e-06
1423051784	8.73e-06
1423051845	8.72e-06
1423051905	8.71e-06
1423051966	8.7e-06
1423052027	8.7e-06
1423052087	8.69e-06
1423052148	8.68e-06
1423052208	8.68e-06
1423052269	8.67e-06
1423052329	8.66e-06
1423052389	8.65e-06
1423052450	8.65e-06
1423052510	8.64e-06
1423052571	8.63e-06
1423052631	8.62e-06
1423052692	8.62e-06
1423052752	8.61e-06
1423052813	8.6e-06
1423052873	8.59e-06
1423052934	8.59e-06
1423052995	8.58e-06
1423053055	8.57e-06
1423053116	8.56e-06
1423053176	8.56e-06
1423053237	8.55e-06
1423053297	8.54e-06
1423053358	8.53e-06
1423053418	8.52e-06
1423053479	8.52e-06
1423053539	8.51e-06
1423053600	8.5e-06
1423053660	8.5e-06
1423053721	8.49e-06
1423053781	8.48e-06
1423053842	8.47e-06
1423053902	8.47e-06
1423053963	8.46e-06
1423054023	8.45e-06
1423054084	8.44e-06
1423054145	8.44e-06
1423054205	8.43e-06
1423054266	8.42e-06
1423054326	8.41e-06
1423054387	8.41e-06
1423054447	8.4e-06
1423054508	8.39e-06
1423054568	8.39e-06
1423054629	8.38e-06
1423054689	8.37e-06
1423054750	8.36e-06
1423054810	8.36e-06
1423054871	8.35e-06
1423054931	8.34e-06
1423054992	8.34e-06
1423055052	8.33e-06
1423055113	8.32e-06
1423055173	8.32e-06
1423055233	8.31e-06
1423055294	8.3e-06
1423055354	8.29e-06
1423055415	8.29e-06
1423055475	8.28e-06
1423055536	8.28e-06
1423055596	8.27e-06
1423055657	8.26e-06
1423055717	8.26e-06
1423055778	8.25e-06
1423055838	8.22e-06
1423055899	8.21e-06
1423055959	8.2e-06
1423056020	8.2e-06
1423056080	8.19e-06
1423056141	8.18e-06
1423056201	8.18e-06
1423056262	8.17e-06
1423056322	8.17e-06
1423056383	8.16e-06
1423056443	8.15e-06
1423056504	8.15e-06
1423056564	8.14e-06
1423056625	8.13e-06
1423056686	8.13e-06
1423056746	8.12e-06
1423056807	8.11e-06
1423056867	8.11e-06
1423056928	8.1e-06
1423056988	8.09e-06
1423057049	8.08e-06
1423057109	8.07e-06
1423057170	8.07e-06
1423057230	8.06e-06
1423057291	8.05e-06
1423057351	8.05e-06
1423057411	8.04e-06
1423057472	8.04e-06
1423057532	8.03e-06
1423057593	8.02e-06
1423057653	8.02e-06
1423057714	8.01e-06
1423057774	8.01e-06
1423057835	8e-06
1423057895	7.99e-06
1423057956	7.99e-06
1423058016	7.98e-06
1423058077	7.97e-06
1423058137	7.97e-06
1423058198	7.96e-06
1423058258	7.95e-06
1423058319	7.95e-06
1423058379	7.94e-06
1423058440	7.93e-06
1423058501	7.93e-06
1423058561	7.92e-06
1423058622	7.92e-06
1423058682	7.91e-06
1423058743	7.9e-06
1423058803	7.9e-06
1423058864	7.89e-06
1423058924	7.89e-06
1423058985	7.88e-06
1423059045	7.88e-06
1423059106	7.87e-06
1423059166	7.86e-06
1423059227	7.86e-06
1423059287	7.85e-06
1423059348	7.84e-06
1423059408	7.84e-06
1423059469	7.83e-06
1423059529	7.83e-06
1423059590	7.82e-06
1423059650	7.81e-06
1423059711	7.81e-06
1423059771	7.8e-06
1423059832	7.8e-06
1423059892	7.79e-06
1423059953	7.79e-06
1423060013	7.78e-06
1423060074	7.77e-06
1423060134	7.77e-06
1423060195	7.76e-06
1423060255	7.75e-06
1423060316	7.75e-06
1423060376	7.74e-06
1423060437	7.74e-06
1423060497	7.73e-06
1423060558	7.73e-06
1423060618	7.72e-06
1423060679	7.72e-06
1423060739	7.71e-06
1423060800	7.7e-06
1423060860	7.7e-06
1423060921	7.69e-06
1423060981	7.69e-06
1423061042	7.68e-06
1423061102	7.68e-06
1423061163	7.67e-06
1423061223	7.67e-06
1423061284	7.66e-06
1423061344	7.66e-06
1423061405	7.65e-06
1423061466	7.64e-06
1423061526	7.64e-06
1423061586	7.63e-06
1423061647	7.63e-06
1423061708	7.62e-06
1423061768	7.62e-06
1423061828	7.61e-06
1423061889	7.6e-06
1423061949	7.59e-06
1423062010	7.59e-06
1423062070	7.58e-06
1423062131	7.58e-06
1423062191	7.57e-06
1423062252	7.56e-06
1423062313	7.56e-06
1423062373	7.55e-06
1423062434	7.55e-06
1423062494	7.54e-06
1423062555	7.53e-06
1423062615	7.53e-06
1423062676	7.53e-06
1423062736	7.52e-06
1423062797	7.51e-06
1423062857	7.51e-06
1423062918	7.5e-06
1423062978	7.5e-06
1423063039	7.49e-06
1423063099	7.49e-06
1423063160	7.48e-06
1423063220	7.48e-06
1423063281	7.47e-06
1423063341	7.47e-06
1423063402	7.46e-06
1423063462	7.45e-06
1423063523	7.45e-06
1423063583	7.44e-06
1423063644	7.44e-06
1423063705	7.43e-06
1423063765	7.43e-06
1423063826	7.42e-06
1423063886	7.42e-06
1423063947	7.41e-06
1423064007	7.41e-06
1423064068	7.4e-06
1423064128	7.4e-06
1423064189	7.39e-06
1423064249	7.39e-06
1423064310	7.38e-06
1423064370	7.38e-06
1423064431	7.37e-06
1423064491	7.37e-06
1423064552	7.36e-06
1423064612	7.35e-06
1423064673	7.35e-06
1423064733	7.34e-06
1423064794	7.34e-06
1423064854	7.33e-06
1423064915	4.68e-05
1423064976	0.000115
1423065036	0.000122
1423065097	0.000124
1423065157	0.000124
1423065218	0.000124
1423065278	0.000124
1423065339	0.000124
1423065399	0.000124
1423065459	0.000124
1423065520	0.000124
1423065581	0.000124
1423065641	0.000124
1423065702	0.000124
1423065762	0.000124
1423065823	0.000124
1423067436	0.0
1423067496	7.57e-06
1423067557	7.31e-06
1423067617	7.22e-06
1423067678	7.19e-06
1423067738	7.17e-06
1423067799	7.17e-06
1423067859	7.16e-06
1423067920	7.16e-06
1423067981	7.16e-06
1423068041	7.16e-06
1423068102	7.17e-06
1423068162	7.17e-06
1423068223	7.17e-06
1423068283	7.17e-06
1423068344	7.17e-06
1423068404	7.16e-06
1423068465	7.16e-06
1423068525	7.16e-06
1423068586	7.16e-06
1423068647	7.16e-06
1423068707	7.15e-06
1423068768	7.15e-06
1423068828	7.15e-06
1423068889	7.14e-06
1423068949	7.14e-06
1423069010	7.14e-06
1423069070	7.13e-06
1423069131	7.13e-06
1423069191	7.13e-06
1423069252	7.12e-06
1423069312	7.12e-06
1423069373	7.11e-06
1423069434	7.11e-06
1423069494	7.11e-06
1423069555	7.1e-06
1423069615	7.09e-06
1423069676	7.09e-06
1423069736	7.08e-06
1423069797	7.08e-06
1423069857	7.07e-06
1423069918	7.07e-06
1423069978	7.06e-06
1423070039	7.06e-06
1423070100	7.05e-06
1423070160	7.05e-06
1423070221	7.04e-06
1423070281	7.04e-06
1423070342	7.03e-06
1423070402	7.03e-06
1423070463	7.02e-06
1423070523	7.02e-06
1423070584	7.01e-06
1423070644	7.01e-06
1423070705	7e-06
1423070765	7e-06
1423070826	6.99e-06
1423070886	6.99e-06
1423070947	6.98e-06
1423071007	6.97e-06
1423071068	6.97e-06
1423071128	6.96e-06
1423071189	6.96e-06
1423071249	6.95e-06
1423071310	6.95e-06
1423071370	6.94e-06
1423071431	6.94e-06
1423071492	6.93e-06
1423071552	6.93e-06
1423071613	6.92e-06
1423071673	6.92e-06
1423071734	6.91e-06
1423071794	6.9e-06
1423071855	6.9e-06
1423071915	6.89e-06
1423071976	6.89e-06
1423072036	6.88e-06
1423072097	6.88e-06
1423072157	6.87e-06
1423072218	6.87e-06
1423072278	6.86e-06
1423072339	6.86e-06
1423072399	6.85e-06
1423072460	6.85e-06
1423072520	6.84e-06
1423072581	6.84e-06
1423072641	6.83e-06
1423072702	6.83e-06
1423072762	6.82e-06
1423072823	6.82e-06
1423072883	6.81e-06
1423072944	6.81e-06
1423073004	6.8e-06
1423073065	6.8e-06
1423073126	6.79e-06
1423073186	6.79e-06
1423073247	6.78e-06
1423073307	6.77e-06
1423073368	6.77e-06
1423073428	6.76e-06
1423073489	6.76e-06
1423073549	6.75e-06
1423073610	6.75e-06
1423073670	6.74e-06
1423073731	6.74e-06
1423073791	6.74e-06
1423073852	6.73e-06
1423073912	6.72e-06
1423073973	6.72e-06
1423074033	6.72e-06
1423074094	6.71e-06
1423074154	6.7e-06
1423074215	6.7e-06
1423074275	6.69e-06
1423074336	6.69e-06
1423074396	6.68e-06
1423074457	6.68e-06
1423074517	6.67e-06
1423074578	6.67e-06
1423074638	6.66e-06
1423074699	6.66e-06
1423074759	6.66e-06
1423074820	6.65e-06
1423074880	6.64e-06
1423074941	6.64e-06
1423075001	6.63e-06
1423075062	6.63e-06
1423075123	6.63e-06
1423075183	6.62e-06
1423075244	6.62e-06
1423075304	6.61e-06
1423075365	6.61e-06
1423075425	6.6e-06
1423075486	6.6e-06
1423075546	6.59e-06
1423075607	6.59e-06
1423075667	6.58e-06
1423075728	6.58e-06
1423075788	6.57e-06
1423075849	6.57e-06
1423075909	6.56e-06
1423075970	6.56e-06
1423076031	6.55e-06
1423076091	6.55e-06
1423076152	6.54e-06
1423076212	6.54e-06
1423076273	6.53e-06
1423076333	6.53e-06
1423076394	6.52e-06
1423076454	6.52e-06
1423076515	6.51e-06
1423076575	6.51e-06
1423076636	6.51e-06
1423076696	6.5e-06
1423076757	6.5e-06
1423076817	6.49e-06
1423076878	6.49e-06
1423076938	6.48e-06
1423076999	6.48e-06
1423077059	6.47e-06
1423077120	6.47e-06
1423077180	6.46e-06
1423077241	6.46e-06
1423077302	6.46e-06
1423077362	6.45e-06
1423077423	6.45e-06
1423077483	6.44e-06
1423077544	6.44e-06
1423077604	6.43e-06
1423077665	6.43e-06
1423077725	6.42e-06
1423077786	6.42e-06
1423077846	6.42e-06
1423077907	6.41e-06
1423077967	6.41e-06
1423078028	6.4e-06
1423078089	6.4e-06
1423078149	6.39e-06
1423078210	6.39e-06
1423078270	6.39e-06
1423078331	6.38e-06
1423078391	6.38e-06
1423078452	6.37e-06
1423078512	6.37e-06
1423078573	6.36e-06
1423078633	6.36e-06
1423078694	6.35e-06
1423078754	6.35e-06
1423078815	6.35e-06
1423078875	6.34e-06
1423078936	6.34e-06
1423078997	6.33e-06
1423079057	6.33e-06
1423079118	6.32e-06
1423079178	6.32e-06
1423079239	6.31e-06
1423079299	6.31e-06
1423079360	6.31e-06
1423079420	6.3e-06
1423079481	6.3e-06
1423079541	6.29e-06
1423079602	6.29e-06
1423079662	6.29e-06
1423079723	6.28e-06
1423079783	6.28e-06
1423079844	6.27e-06
1423079905	6.27e-06
1423079965	6.27e-06
1423080026	6.26e-06
1423080086	6.26e-06
1423080147	6.25e-06
1423080207	6.25e-06
1423080268	6.25e-06
1423080328	6.24e-06
1423080389	6.24e-06
1423080449	6.23e-06
1423080510	6.23e-06
1423080570	6.23e-06
1423080631	6.22e-06
1423080691	6.22e-06
1423080752	6.21e-06
1423080813	6.21e-06
1423080873	6.21e-06
1423080934	6.2e-06
1423080994	6.2e-06
1423081055	6.19e-06
1423081115	6.19e-06
1423081176	6.19e-06
1423081236	6.18e-06
1423081297	6.18e-06
1423081357	6.17e-06
1423081418	6.17e-06
1423081478	6.17e-06
1423081539	6.16e-06
1423081599	6.16e-06
1423081660	6.15e-06
1423081720	6.15e-06
1423081781	6.15e-06
1423081841	6.14e-06
1423081902	6.14e-06
1423081962	6.13e-06
1423082023	6.13e-06
1423082083	6.13e-06
1423082144	6.13e-06
1423082204	6.12e-06
1423082265	6.12e-06
1423082325	6.11e-06
1423082386	6.11e-06
1423082446	6.1e-06
1423082507	6.1e-06
1423082567	6.1e-06
1423082628	6.1e-06
1423082688	6.09e-06
1423082749	6.09e-06
1423082809	6.08e-06
1423082870	6.08e-06
1423082930	6.07e-06
1423082991	6.07e-06
1423083051	6.07e-06
1423083112	6.06e-06
1423083172	6.06e-06
1423083233	6.06e-06
1423083293	6.05e-06
1423083354	6.05e-06
1423083414	6.05e-06
1423083475	6.04e-06
1423083535	6.04e-06
1423083596	6.03e-06
1423083657	6.03e-06
1423083717	6.03e-06
1423083777	6.02e-06
1423083838	6.02e-06
1423083898	6.02e-06
1423083959	6.01e-06
1423084019	6.01e-06
1423084080	6.01e-06
1423084140	6e-06
1423084201	6e-06
1423084261	6e-06
1423084322	5.99e-06
1423084383	5.99e-06
1423084443	5.98e-06
1423084503	5.98e-06
1423084564	5.98e-06
1423084624	5.98e-06
1423084685	5.97e-06
1423084745	5.97e-06
1423084806	5.96e-06
1423084866	5.96e-06
1423084927	5.96e-06
1423084987	5.96e-06
1423085048	5.95e-06
1423085109	5.95e-06
1423085169	5.94e-06
1423085230	5.94e-06
1423085290	5.94e-06
1423085351	5.93e-06
1423085411	5.93e-06
1423085472	5.93e-06
1423085532	5.93e-06
1423085593	5.92e-06
1423085653	5.92e-06
1423085714	5.92e-06
1423085774	5.91e-06
1423085835	5.91e-06
1423085895	5.9e-06
1423085956	5.9e-06
1423086016	5.9e-06
1423086077	5.9e-06
1423086138	5.89e-06
1423086198	5.89e-06
1423086259	5.89e-06
1423086319	5.88e-06
1423086380	5.88e-06
1423086440	5.88e-06
1423086501	5.88e-06
1423086561	5.87e-06
1423086622	5.87e-06
1423086682	5.87e-06
1423086743	5.86e-06
1423086803	5.86e-06
1423086864	5.86e-06
1423086924	5.85e-06
1423086985	5.85e-06
1423087045	5.85e-06
1423087106	5.84e-06
1423087166	5.84e-06
1423087227	5.84e-06
1423087287	5.83e-06
1423087348	5.06e-05
1423087408	8.84e-05
1423087469	9.69e-05
1423087530	9.8e-05
1423087590	9.82e-05
1423088698	0.0
1423088758	5.92e-06
1423088819	5.78e-06
1423088879	5.74e-06
1423088940	5.73e-06
1423089000	5.73e-06
1423089061	5.73e-06
1423089121	5.74e-06
1423089182	5.74e-06
1423089242	5.75e-06
1423089303	5.75e-06
1423089363	5.75e-06
1423089424	5.75e-06
1423089484	5.75e-06
1423089545	5.75e-06
1423089605	5.76e-06
1423089666	5.76e-06
1423089726	5.76e-06
1423089787	5.76e-06
1423089847	5.76e-06
1423089908	5.76e-06
1423089968	5.76e-06
1423090029	5.76e-06
1423090089	5.75e-06
1423090150	5.75e-06
1423090210	5.75e-06
1423090271	5.75e-06
1423090331	5.75e-06
1423090392	5.74e-06
1423090452	5.74e-06
1423090513	5.74e-06
1423090573	5.74e-06
1423090634	5.73e-06
1423090694	5.73e-06
1423090755	5.73e-06
1423090815	5.72e-06
1423090876	5.72e-06
1423090936	5.72e-06
1423090997	5.72e-06
1423091057	5.71e-06
1423091118	5.71e-06
1423091178	5.71e-06
1423091239	5.7e-06
1423091299	5.7e-06
1423091360	5.69e-06
1423091421	5.69e-06
1423091481	5.69e-06
1423091542	5.68e-06
1423091602	5.68e-06
1423091663	5.68e-06
1423091723	5.67e-06
1423091784	5.67e-06
1423091844	5.67e-06
1423091905	5.66e-06
1423091965	5.66e-06
1423092026	5.66e-06
1423092086	5.65e-06
1423092147	5.65e-06
1423092207	5.65e-06
1423092268	5.64e-06
1423092328	5.64e-06
1423092389	5.64e-06
1423092449	5.63e-06
1423092510	5.63e-06
1423092570	5.63e-06
1423092631	5.62e-06
1423092691	5.62e-06
1423092752	5.62e-06
1423092812	5.61e-06
1423092873	5.61e-06
1423092933	5.61e-06
1423092994	5.6e-06
1423093054	5.6e-06
1423093115	5.6e-06
1423093175	5.59e-06
1423093236	5.59e-06
1423093296	5.59e-06
1423093357	5.58e-06
1423093418	5.58e-06
1423093478	5.58e-06
1423093539	5.57e-06
1423093599	5.57e-06
1423093660	5.57e-06
1423093720	5.56e-06
1423093781	5.56e-06
1423093841	5.56e-06
1423093902	5.55e-06
1423093962	5.55e-06
1423094023	5.55e-06
1423094083	5.54e-06
1423094144	5.54e-06
1423094204	5.54e-06
1423094265	5.53e-06
1423094325	5.53e-06
1423094386	5.53e-06
1423094446	5.52e-06
1423094507	5.52e-06
1423094567	5.52e-06
1423094628	5.51e-06
1423094689	5.51e-06
1423094749	5.51e-06
1423094810	5.5e-06
1423094870	5.5e-06
1423094930	5.5e-06
1423094991	5.49e-06
1423095051	5.49e-06
1423095112	5.49e-06
1423095172	5.48e-06
1423095233	5.49e-06
1423095293	5.48e-06
1423095354	5.48e-06
1423095414	5.47e-06
1423095475	5.47e-06
1423095536	5.47e-06
1423095596	5.47e-06
1423095657	5.46e-06
1423095717	5.46e-06
1423095778	5.46e-06
1423095838	5.45e-06
1423095899	5.45e-06
1423095959	5.45e-06
1423096020	5.44e-06
1423096080	5.44e-06
1423096141	5.44e-06
1423096201	5.43e-06
1423096262	5.43e-06
1423096322	5.43e-06
1423096383	5.42e-06
1423096443	5.42e-06
1423096504	5.42e-06
1423096564	5.42e-06
1423096625	5.41e-06
1423096685	5.41e-06
1423096746	5.41e-06
1423096806	5.4e-06
1423096867	5.4e-06
1423096927	5.4e-06
1423096988	5.39e-06
1423097048	5.39e-06
1423097109	5.39e-06
1423097169	5.38e-06
1423097230	5.38e-06
1423097291	5.38e-06
1423097351	5.37e-06
1423097412	5.37e-06
1423097472	5.37e-06
1423097533	5.37e-06
1423097593	5.36e-06
1423097654	5.36e-06
1423097714	5.36e-06
1423097775	5.35e-06
1423097835	5.35e-06
1423097896	5.35e-06
1423097957	5.35e-06
1423098017	5.34e-06
1423098078	5.34e-06
1423098138	5.34e-06
1423098199	5.33e-06
1423098259	5.33e-06
1423098320	5.33e-06
1423098380	5.32e-06
1423098441	5.32e-06
1423098501	5.32e-06
1423098562	5.32e-06
1423098622	5.31e-06
1423098683	5.31e-06
1423098743	5.31e-06
1423098804	5.3e-06
1423098864	5.3e-06
1423098925	5.3e-06
1423098985	5.3e-06
1423099046	5.29e-06
1423099106	5.29e-06
1423099167	5.29e-06
1423099227	5.28e-06
1423099288	5.28e-06
1423099348	5.28e-06
1423099409	5.28e-06
1423099469	5.27e-06
1423099530	5.27e-06
1423099590	5.27e-06
1423099651	5.26e-06
1423099711	5.26e-06
1423099771	5.26e-06
1423099832	5.26e-06
1423099892	5.26e-06
1423099953	5.25e-06
1423100013	5.25e-06
1423100074	5.25e-06
1423100135	5.24e-06
1423100195	5.24e-06
1423100256	5.24e-06
1423100316	5.24e-06
1423100377	5.23e-06
1423100437	5.23e-06
1423100498	5.23e-06
1423100558	5.22e-06
1423100619	5.22e-06
1423100679	5.22e-06
1423100740	5.22e-06
1423100800	5.21e-06
1423100861	5.21e-06
1423100921	5.21e-06
1423100982	5.21e-06
1423101042	5.2e-06
1423101103	5.2e-06
1423101163	5.2e-06
1423101224	5.2e-06
1423101284	5.19e-06
1423101345	5.19e-06
1423101405	5.19e-06
1423101466	5.19e-06
1423101526	5.18e-06
1423101587	5.18e-06
1423101647	5.18e-06
1423101708	5.18e-06
1423101769	5.17e-06
1423101829	5.17e-06
1423101890	5.17e-06
1423101950	5.17e-06
1423102011	5.16e-06
1423102071	5.16e-06
1423102132	5.16e-06
1423102192	5.16e-06
1423102253	5.15e-06
1423102313	5.15e-06
1423102374	5.15e-06
1423102434	5.15e-06
1423102495	5.14e-06
1423102555	5.14e-06
1423102616	5.14e-06
1423102676	5.14e-06
1423102737	5.14e-06
1423102797	5.13e-06
1423102858	5.13e-06
1423102918	5.13e-06
1423102979	5.12e-06
1423103039	5.12e-06
1423103100	5.12e-06
1423103160	5.12e-06
1423103220	5.11e-06
1423103281	5.11e-06
1423103342	5.11e-06
1423103402	5.11e-06
1423103463	5.1e-06
1423103523	5.1e-06
1423103583	5.1e-06
1423103644	5.1e-06
1423103705	5.1e-06
1423103765	5.09e-06
1423103825	5.09e-06
1423103886	5.09e-06
1423103947	5.09e-06
1423104007	5.17e-06
1423104067	5.08e-06
1423104128	5.08e-06
1423104188	5.08e-06
1423104249	5.07e-06
1423104310	5.07e-06
1423104370	5.07e-06
1423104431	5.07e-06
1423104491	5.06e-06
1423104552	5.06e-06
1423104612	5.06e-06
1423104672	5.06e-06
1423104733	5.06e-06
1423104793	5.05e-06
1423104854	5.05e-06
1423104914	5.05e-06
1423104975	5.05e-06
1423105035	5.04e-06
1423105096	5.04e-06
1423105157	5.04e-06
1423105217	5.04e-06
1423105278	5.03e-06
1423105338	5.03e-06
1423105399	5.03e-06
1423105459	5.03e-06
1423105520	5.02e-06
1423105580	5.02e-06
1423105641	5.02e-06
1423105701	5.02e-06
1423105762	5.01e-06
1423105822	5.01e-06
1423105883	5.01e-06
1423105944	5.01e-06
1423106004	5.01e-06
1423106065	5e-06
1423106125	5e-06
1423106186	5e-06
1423106246	5e-06
1423106307	4.99e-06
1423106367	4.99e-06
1423106428	4.99e-06
1423106488	4.99e-06
1423106549	4.99e-06
1423106609	4.98e-06
1423106670	4.98e-06
1423106731	4.98e-06
1423106791	4.98e-06
1423106852	4.98e-06
1423106912	4.97e-06
1423106973	4.97e-06
1423107033	4.97e-06
1423107094	4.97e-06
1423107154	4.97e-06
1423107215	4.96e-06
1423107275	4.96e-06
1423107336	4.96e-06
1423107396	4.96e-06
1423107457	4.95e-06
1423107517	4.95e-06
1423107578	4.95e-06
1423107638	4.95e-06
1423107699	4.95e-06
1423107759	4.94e-06
1423107820	4.94e-06
1423107880	4.94e-06
1423107941	4.94e-06
1423108001	4.93e-06
1423108062	4.93e-06
1423108122	4.93e-06
1423108183	4.93e-06
1423108243	4.93e-06
1423108304	4.92e-06
1423108364	4.92e-06
1423108425	4.92e-06
1423108485	4.92e-06
1423108546	4.92e-06
1423108606	4.91e-06
1423108667	4.91e-06
1423108727	4.91e-06
1423108788	4.91e-06
1423108848	4.91e-06
1423108909	4.9e-06
1423108969	4.9e-06
1423109030	4.9e-06
1423109090	4.9e-06
1423109151	4.9e-06
1423109211	4.89e-06
1423109272	4.89e-06
1423109332	4.89e-06
1423109393	4.89e-06
1423109453	4.89e-06
1423109514	4.89e-06
1423109574	4.88e-06
1423109635	4.88e-06
1423109696	4.88e-06
1423109756	4.88e-06
1423109817	4.88e-06
1423109877	4.87e-06
1423109938	4.87e-06
1423109998	4.87e-06
1423110059	4.87e-06
1423110119	4.87e-06
1423110180	4.86e-06
1423110240	4.86e-06
1423110301	4.86e-06
1423110361	4.86e-06
1423110422	4.86e-06
1423110482	4.86e-06
1423110543	4.85e-06
1423110603	4.85e-06
1423110664	4.85e-06
1423110724	4.85e-06
1423110785	4.85e-06
1423110845	4.85e-06
1423110906	4.84e-06
1423110966	4.84e-06
1423111027	4.84e-06
1423111087	4.84e-06
1423111148	4.84e-06
1423111209	4.86e-06
1423111269	4.77e-06
1423111330	4.77e-06
1423111390	4.77e-06
1423111451	4.77e-06
1423111511	4.77e-06
1423111571	4.76e-06
1423111632	4.76e-06
1423111693	4.76e-06
1423111753	4.75e-06
1423111814	4.75e-06
1423111874	4.75e-06
1423111935	4.75e-06
1423111995	4.74e-06
1423112056	4.74e-06
1423112116	4.74e-06
1423112177	4.74e-06
1423112237	4.74e-06
1423112298	4.73e-06
1423112358	4.73e-06
1423112419	4.73e-06
1423112479	4.73e-06
1423112540	4.72e-06
1423112601	4.72e-06
1423112661	4.72e-06
1423112721	4.72e-06
1423112782	4.72e-06
1423112842	4.72e-06
1423112903	4.71e-06
1423112963	4.71e-06
1423113024	4.71e-06
1423113085	4.71e-06
1423113145	4.7e-06
1423113206	4.7e-06
1423113266	4.7e-06
1423113327	4.7e-06
1423113387	4.7e-06
1423113448	4.7e-06
1423113508	4.69e-06
1423113569	4.69e-06
1423113629	4.69e-06
1423113690	4.69e-06
1423113750	4.69e-06
1423113811	4.68e-06
1423113871	4.68e-06
1423113932	4.68e-06
1423113992	4.68e-06
1423114053	4.67e-06
1423114114	4.67e-06
1423114174	4.67e-06
1423114235	4.67e-06
1423114295	4.67e-06
1423114356	4.66e-06
1423114416	4.66e-06
1423114477	4.66e-06
1423114537	4.66e-06
1423114598	4.66e-06
1423114658	4.65e-06
1423114719	4.65e-06
1423114779	4.65e-06
1423114840	4.65e-06
1423114900	4.65e-06
1423114960	4.64e-06
1423115021	4.64e-06
1423115081	4.64e-06
1423115142	4.64e-06
1423115202	4.64e-06
1423115263	4.63e-06
1423115324	4.63e-06
1423115384	4.63e-06
1423115445	4.63e-06
1423115505	4.63e-06
1423115566	4.62e-06
1423115626	4.62e-06
1423115687	4.62e-06
1423115747	4.62e-06
1423115808	4.61e-06
1423115868	4.61e-06
1423115929	4.61e-06
1423115989	4.61e-06
1423116050	4.61e-06
1423116110	4.61e-06
1423116171	4.6e-06
1423116231	4.6e-06
1423116292	4.6e-06
1423116352	4.6e-06
1423116413	4.59e-06
1423116473	4.59e-06
1423116534	4.59e-06
1423116594	4.59e-06
1423116655	4.59e-06
1423116715	4.59e-06
1423116775	4.58e-06
1423116836	4.58e-06
1423116897	4.58e-06
1423116957	4.58e-06
1423117018	4.58e-06
1423117078	4.57e-06
1423117139	4.57e-06
1423117199	4.57e-06
1423117260	4.57e-06
1423117320	4.57e-06
1423117381	4.56e-06
1423117441	4.56e-06
1423117502	4.56e-06
1423117562	4.56e-06
1423117623	4.56e-06
1423117683	4.55e-06
1423117744	4.55e-06
1423117804	4.55e-06
1423117865	4.55e-06
1423117925	4.55e-06
1423117986	4.54e-06
1423118046	4.54e-06
1423118106	4.54e-06
1423118167	4.54e-06
1423118227	4.54e-06
1423118288	4.53e-06
1423118348	4.53e-06
1423118409	4.53e-06
1423118469	4.53e-06
1423118530	4.53e-06
1423118590	4.52e-06
1423118651	4.52e-06
1423118711	4.52e-06
1423118772	4.52e-06
1423118832	4.52e-06
1423118893	4.51e-06
1423118953	4.51e-06
1423119014	4.51e-06
1423119074	4.51e-06
1423119135	4.51e-06
1423119195	4.51e-06
1423119256	4.5e-06
1423119316	4.5e-06
1423119377	4.5e-06
1423119437	4.5e-06
1423119498	4.5e-06
1423119558	4.49e-06
1423119619	4.49e-06
1423119679	4.49e-06
1423119740	4.49e-06
1423119800	4.49e-06
1423119861	4.49e-06
1423119921	4.48e-06
1423119982	4.48e-06
1423120042	4.48e-06
1423120103	4.48e-06
1423120163	4.48e-06
1423120224	4.47e-06
1423120284	4.47e-06
1423120345	4.47e-06
1423120405	4.47e-06
1423120466	4.47e-06
1423120526	4.46e-06
1423120587	4.46e-06
1423120647	4.46e-06
1423120708	4.46e-06
1423120768	4.46e-06
1423120829	4.45e-06
1423120889	4.45e-06
1423120950	4.45e-06
1423121010	4.45e-06
1423121071	4.45e-06
1423121131	4.44e-06
1423121192	4.44e-06
1423121252	4.44e-06
1423121313	4.44e-06
1423121373	4.44e-06
1423121434	4.44e-06
1423121494	4.43e-06
1423121555	4.43e-06
1423121615	4.43e-06
1423121676	4.43e-06
1423121736	4.43e-06
1423121797	4.42e-06
1423121858	4.42e-06
1423121918	4.42e-06
1423121979	4.42e-06
1423122039	4.42e-06
1423122100	4.42e-06
1423122160	4.41e-06
1423122221	4.41e-06
1423122281	4.41e-06
1423122342	4.41e-06
1423122402	4.41e-06
1423122463	4.4e-06
1423122523	4.4e-06
1423122584	4.4e-06
1423122644	4.4e-06
1423122705	4.4e-06
1423122765	4.39e-06
1423122826	4.39e-06
1423122886	4.39e-06
1423122947	4.39e-06
1423123007	4.39e-06
1423123068	4.39e-06
1423123128	4.38e-06
1423123189	4.38e-06
1423123249	4.38e-06
1423123310	4.38e-06
1423123370	4.38e-06
1423123431	4.38e-06
1423123491	4.37e-06
1423123552	4.37e-06
1423123612	4.37e-06
1423123673	4.37e-06
1423123733	4.37e-06
1423123794	4.36e-06
1423123854	4.36e-06
1423123915	4.36e-06
1423123975	4.36e-06
1423124036	4.36e-06
1423124096	4.36e-06
1423124157	4.35e-06
1423124217	4.35e-06
1423124278	4.35e-06
1423124338	4.35e-06
1423124399	4.35e-06
1423124459	4.35e-06
1423124520	4.34e-06
1423124580	4.34e-06
1423124641	4.34e-06
1423124702	4.34e-06
1423124762	4.34e-06
1423124823	4.33e-06
1423124883	4.33e-06
1423124944	4.33e-06
1423125004	4.33e-06
1423125065	4.33e-06
1423125125	4.33e-06
1423125185	4.32e-06
1423125246	4.32e-06
1423125306	4.32e-06
1423125367	4.32e-06
1423125427	4.32e-06
1423125488	4.32e-06
1423125548	4.31e-06
1423125609	4.31e-06
1423125670	4.31e-06
1423125730	4.31e-06
1423125790	4.31e-06
1423125851	4.31e-06
1423125911	4.3e-06
1423125972	4.3e-06
1423126033	4.3e-06
1423126093	4.3e-06
1423126154	4.3e-06
1423126214	4.3e-06
1423126275	4.29e-06
1423126335	4.29e-06
1423126396	4.29e-06
1423126456	4.29e-06
1423126517	4.29e-06
1423126577	4.29e-06
1423126638	4.28e-06
1423126698	4.28e-06
1423126759	4.28e-06
1423126819	4.28e-06
1423126880	4.28e-06
1423126940	4.28e-06
1423127001	4.27e-06
1423127061	4.27e-06
1423127122	4.27e-06
1423127182	4.27e-06
1423127243	4.27e-06
1423127303	4.27e-06
1423127364	4.26e-06
1423127424	4.26e-06
1423127485	4.26e-06
1423127545	4.26e-06
1423127606	4.26e-06
1423127666	4.26e-06
1423127726	4.25e-06
1423127787	4.25e-06
1423127848	4.25e-06
1423127908	4.25e-06
1423127969	4.25e-06
1423128029	4.24e-06
1423128089	4.24e-06
1423128150	4.24e-06
1423128210	4.24e-06
1423128271	4.24e-06
1423128331	4.24e-06
1423128392	4.23e-06
1423128452	4.23e-06
1423128513	4.23e-06
1423128573	4.23e-06
1423128634	4.23e-06
1423128694	4.22e-06
1423128755	4.22e-06
1423128815	4.22e-06
1423128876	4.22e-06
1423128936	4.22e-06
1423128997	4.22e-06
1423129057	4.22e-06
1423129118	4.21e-06
1423129178	4.21e-06
1423129239	4.21e-06
1423129299	4.21e-06
1423129360	4.21e-06
1423129420	4.2e-06
1423129481	4.2e-06
1423129541	4.2e-06
1423129601	4.2e-06
1423129662	4.2e-06
1423129722	4.2e-06
1423129783	4.19e-06
1423129843	4.19e-06
1423129904	4.19e-06
1423129964	4.19e-06
1423130025	4.19e-06
1423130085	4.18e-06
1423130146	4.18e-06
1423130206	4.18e-06
1423130267	4.18e-06
1423130327	4.18e-06
1423130388	4.18e-06
1423130448	4.17e-06
1423130509	4.17e-06
1423130569	4.17e-06
1423130630	4.17e-06
1423130690	4.17e-06
1423130750	4.17e-06
1423130811	4.16e-06
1423130871	4.16e-06
1423130932	4.16e-06
1423130993	4.16e-06
1423131053	4.16e-06
1423131114	4.16e-06
1423131174	4.15e-06
1423131235	4.15e-06
1423131295	4.15e-06
1423131356	4.15e-06
1423131416	4.15e-06
1423131477	4.14e-06
1423131537	4.14e-06
1423131598	4.14e-06
1423131658	4.13e-06
1423131719	4.13e-06
1423131779	4.13e-06
1423131840	4.13e-06
1423131900	4.13e-06
1423131961	4.13e-06
1423132021	4.12e-06
1423132082	4.12e-06
1423132142	4.12e-06
1423132203	4.12e-06
1423132263	4.12e-06
1423132324	4.12e-06
1423132384	4.12e-06
1423132445	4.11e-06
1423132505	4.11e-06
1423132566	4.11e-06
1423132626	4.11e-06
1423132687	4.11e-06
1423132747	4.1e-06
1423132808	4.1e-06
1423132868	4.1e-06
1423132929	4.1e-06
1423132989	4.1e-06
1423133050	4.09e-06
1423133110	4.09e-06
1423133170	4.09e-06
1423133231	4.09e-06
1423133292	4.09e-06
1423133352	4.09e-06
1423133412	4.08e-06
1423133473	4.08e-06
1423133533	4.08e-06
1423133594	4.08e-06
1423133654	4.08e-06
1423133715	4.08e-06
1423133775	4.07e-06
1423133836	4.07e-06
1423133896	4.07e-06
1423133957	4.07e-06
1423134017	4.07e-06
1423134078	4.07e-06
1423134138	4.06e-06
1423134199	4.06e-06
1423134259	4.06e-06
1423134320	4.06e-06
1423134381	4.06e-06
1423134441	4.06e-06
1423134501	4.05e-06
1423134562	4.05e-06
1423134622	4.05e-06
1423134683	4.05e-06
1423134743	4.05e-06
1423134804	4.04e-06
1423134865	4.04e-06
1423134925	4.04e-06
1423134986	4.04e-06
1423135046	4.04e-06
1423135107	4.04e-06
1423135167	4.04e-06
1423135228	4.03e-06
1423135288	4.03e-06
1423135349	4.03e-06
1423135409	4.03e-06
1423135470	4.03e-06
1423135530	4.02e-06
1423135591	4.02e-06
1423135652	4.02e-06
1423135712	4.02e-06
1423135773	4.02e-06
1423135833	4.02e-06
1423135894	4.01e-06
1423135954	4.01e-06
1423136015	4.01e-06
1423136075	4.01e-06
1423136136	4.01e-06
1423136196	4e-06
1423136257	4e-06
1423136317	4e-06
1423136378	4e-06
1423136438	4e-06
1423136499	3.99e-06
1423136559	3.99e-06
1423136620	3.99e-06
1423136680	3.99e-06
1423136741	3.99e-06
1423136801	3.98e-06
1423136862	3.98e-06
1423136922	3.98e-06
1423136983	3.98e-06
1423137043	3.98e-06
1423137104	3.98e-06
1423137164	3.98e-06
1423137225	3.97e-06
1423137285	3.97e-06
1423137346	3.97e-06
1423137406	3.97e-06
1423137467	3.97e-06
1423137527	3.96e-06
1423137588	3.96e-06
1423137648	3.96e-06
1423137709	3.96e-06
1423137769	3.96e-06
1423137830	3.95e-06
1423137890	3.95e-06
1423137951	3.95e-06
1423138011	3.95e-06
1423138071	3.95e-06
1423138132	3.95e-06
1423138192	3.94e-06
1423138253	3.94e-06
1423138314	3.94e-06
1423138374	3.94e-06
1423138435	3.94e-06
1423138495	3.94e-06
1423138556	3.93e-06
1423138616	3.93e-06
1423138677	3.93e-06
1423138737	3.93e-06
1423138798	3.93e-06
1423138858	3.93e-06
1423138918	3.92e-06
1423138979	3.92e-06
1423139039	3.92e-06
1423139100	3.92e-06
1423139160	3.92e-06
1423139221	3.91e-06
1423139281	3.91e-06
1423139342	3.91e-06
1423139402	3.91e-06
1423139463	3.91e-06
1423139523	3.9e-06
1423139584	3.9e-06
1423139644	3.9e-06
1423139705	3.9e-06
1423139766	3.9e-06
1423139826	3.9e-06
1423139887	3.89e-06
1423139947	3.89e-06
1423140008	3.89e-06
1423140068	3.89e-06
1423140129	3.89e-06
1423140189	3.89e-06
1423140250	3.88e-06
1423140310	3.88e-06
1423140371	3.88e-06
1423140431	3.88e-06
1423140491	3.88e-06
1423140552	3.87e-06
1423140613	3.87e-06
1423140673	3.87e-06
1423140734	3.87e-06
1423140794	3.86e-06
1423140854	3.86e-06
1423140915	3.86e-06
1423140976	3.86e-06
1423141036	3.86e-06
1423141096	3.86e-06
1423141157	3.86e-06
1423141217	3.85e-06
1423141278	3.85e-06
1423141338	3.85e-06
1423141399	3.85e-06
1423141459	3.84e-06
1423141520	3.85e-06
1423141580	3.84e-06
1423141641	3.84e-06
1423141701	3.84e-06
1423141762	3.83e-06
1423141822	3.83e-06
1423141883	3.83e-06
1423141943	3.83e-06
1423142004	3.83e-06
1423142064	3.83e-06
1423142125	3.83e-06
1423142185	3.82e-06
1423142246	3.88e-06
1423142306	3.88e-06
1423142367	3.87e-06
1423142427	3.87e-06
1423142488	3.87e-06
1423142548	3.87e-06
1423142609	3.86e-06
1423142669	3.87e-06
1423142730	3.86e-06
1423142790	3.86e-06
1423142851	3.86e-06
1423142911	3.86e-06
1423142972	3.85e-06
1423143032	3.85e-06
1423143093	3.85e-06
1423143153	3.85e-06
1423143214	3.85e-06
1423143274	3.85e-06
1423143335	3.84e-06
1423143395	3.84e-06
1423143456	3.84e-06
1423143516	3.83e-06
1423143577	3.82e-06
1423143637	3.83e-06
1423143697	3.69e-06
1423143758	3.68e-06
1423143819	3.68e-06
1423143879	3.68e-06
1423143939	3.68e-06
1423144000	3.68e-06
1423144060	3.68e-06
1423144121	3.68e-06
1423144181	3.67e-06
1423144242	3.67e-06
1423144303	3.67e-06
1423144363	3.67e-06
1423144424	3.67e-06
1423144484	3.67e-06
1423144545	3.67e-06
1423144605	3.67e-06
1423144665	3.66e-06
1423144726	3.66e-06
1423144786	3.66e-06
1423144847	3.66e-06
1423144907	3.66e-06
1423144968	3.66e-06
1423145028	3.66e-06
1423145089	3.66e-06
1423145149	3.66e-06
1423145210	3.65e-06
1423145270	3.65e-06
1423145331	3.65e-06
1423145391	3.65e-06
1423145452	3.65e-06
1423145512	3.65e-06
1423145573	3.65e-06
1423145634	3.65e-06
1423145694	3.65e-06
1423145755	3.64e-06
1423145815	3.64e-06
1423145876	3.64e-06
1423145936	3.64e-06
1423145997	3.64e-06
1423146057	3.64e-06
1423146118	3.64e-06
1423146178	3.64e-06
1423146239	3.63e-06
1423146299	3.63e-06
1423146360	3.63e-06
1423146420	3.63e-06
1423146481	3.63e-06
1423146541	3.63e-06
1423146602	3.63e-06
1423146662	3.63e-06
1423146723	3.62e-06
1423146783	3.62e-06
1423146844	3.62e-06
1423146904	3.62e-06
1423146965	3.62e-06
1423147025	3.62e-06
1423147086	3.62e-06
1423147146	3.62e-06
1423147207	3.62e-06
1423147267	3.61e-06
1423147328	3.61e-06
1423147388	3.61e-06
1423147449	3.61e-06
1423147509	3.61e-06
1423147570	3.61e-06
1423147630	3.61e-06
1423147691	3.61e-06
1423147751	3.61e-06
1423147812	3.6e-06
1423147872	3.6e-06
1423147933	3.6e-06
1423147993	3.6e-06
1423148054	3.6e-06
1423148114	3.6e-06
1423148175	3.6e-06
1423148236	3.6e-06
1423148296	3.59e-06
1423148357	3.59e-06
1423148417	3.59e-06
1423148477	3.59e-06
1423148538	3.59e-06
1423148598	3.59e-06
1423148659	3.59e-06
1423148719	3.59e-06
1423148780	3.58e-06
1423148840	3.58e-06
1423148901	3.58e-06
1423148961	3.58e-06
1423149022	3.58e-06
1423149082	3.58e-06
1423149143	3.58e-06
1423149203	3.58e-06
1423149264	3.58e-06
1423149325	3.57e-06
1423149385	3.57e-06
1423149446	3.57e-06
1423149506	3.57e-06
1423149567	3.57e-06
1423149627	3.57e-06
1423149688	3.57e-06
1423149748	3.57e-06
1423149808	3.57e-06
1423149869	3.56e-06
1423149929	3.56e-06
1423149990	3.56e-06
1423150050	3.56e-06
1423150111	3.56e-06
1423150172	3.56e-06
1423150232	3.56e-06
1423150293	3.56e-06
1423150353	3.56e-06
1423150414	3.55e-06
1423150474	3.55e-06
1423150535	3.55e-06
1423150595	3.55e-06
1423150655	3.55e-06
1423150716	3.55e-06
1423150777	3.55e-06
1423150837	3.55e-06
1423150898	3.55e-06
1423150958	3.54e-06
1423151019	3.54e-06
1423151079	3.54e-06
1423151140	3.54e-06
1423151200	3.54e-06
1423151261	3.54e-06
1423151321	3.54e-06
1423151382	3.54e-06
1423151442	3.54e-06
1423151503	3.53e-06
1423151563	3.53e-06
1423151624	3.53e-06
1423151684	3.53e-06
1423151745	3.53e-06
1423151805	3.53e-06
1423151866	3.53e-06
1423151926	3.53e-06
1423151987	3.53e-06
1423152047	3.52e-06
1423152108	3.52e-06
1423152168	3.52e-06
1423152229	3.52e-06
1423152289	3.52e-06
1423152350	3.52e-06
1423152410	3.52e-06
1423152471	3.52e-06
1423152531	3.52e-06
1423152592	3.52e-06
1423152652	3.51e-06
1423152713	3.51e-06
1423152773	3.51e-06
1423152834	3.51e-06
1423152894	3.51e-06
1423152955	3.51e-06
1423153015	3.51e-06
1423153076	3.51e-06
1423153136	3.51e-06
1423153197	3.5e-06
1423153257	3.5e-06
1423153318	3.5e-06
1423153378	3.5e-06
1423153439	3.5e-06
1423153499	3.5e-06
1423153559	3.5e-06
1423153620	3.5e-06
1423153680	3.5e-06
1423153741	3.49e-06
1423153801	3.49e-06
1423153862	3.49e-06
1423153922	3.49e-06
1423153983	3.49e-06
1423154043	3.49e-06
1423154104	3.49e-06
1423154164	3.49e-06
1423154225	3.49e-06
1423154285	3.48e-06
1423154346	3.48e-06
1423154406	3.48e-06
1423154467	3.48e-06
1423154527	3.48e-06
1423154588	3.48e-06
1423154648	3.48e-06
1423154709	3.48e-06
1423154769	3.48e-06
1423154830	3.48e-06
1423154890	3.47e-06
1423154951	3.47e-06
1423155012	3.47e-06
1423155072	3.47e-06
1423155133	3.47e-06
1423155193	3.47e-06
1423155254	3.47e-06
1423155314	3.47e-06
1423155375	3.47e-06
1423155435	3.46e-06
1423155496	3.46e-06
1423155556	3.46e-06
1423155617	3.46e-06
1423155677	3.46e-06
1423155738	3.46e-06
1423155799	3.46e-06
1423155859	3.46e-06
1423155920	3.46e-06
1423155980	3.46e-06
1423156041	3.45e-06
1423156101	3.45e-06
1423156162	3.45e-06
1423156222	3.45e-06
1423156283	3.45e-06
1423156343	3.45e-06
1423156404	3.45e-06
1423156465	3.45e-06
1423156525	3.44e-06
1423156586	3.44e-06
1423156646	3.44e-06
1423156707	3.44e-06
1423156767	3.44e-06
1423156828	3.44e-06
1423156888	3.44e-06
1423156949	3.44e-06
1423157009	3.44e-06
1423157070	3.43e-06
1423157131	3.43e-06
1423157191	3.43e-06
1423157252	3.43e-06
1423157312	3.43e-06
1423157373	3.43e-06
1423157433	3.43e-06
1423157494	3.43e-06
1423157554	3.43e-06
1423157615	3.42e-06
1423157675	3.42e-06
1423157736	3.42e-06
1423157796	3.42e-06
1423157857	3.42e-06
1423157917	3.42e-06
1423157978	3.42e-06
1423158038	3.42e-06
1423158099	3.41e-06
1423158159	3.41e-06
1423158219	3.41e-06
1423158280	3.41e-06
1423158340	3.41e-06
1423158401	3.41e-06
1423158461	3.41e-06
1423158522	3.41e-06
1423158582	3.41e-06
1423158643	3.41e-06
1423158703	3.4e-06
1423158764	3.4e-06
1423158824	3.4e-06
1423158885	3.4e-06
1423158945	3.4e-06
1423159006	3.4e-06
1423159066	3.4e-06
1423159127	3.4e-06
1423159187	3.4e-06
1423159248	3.4e-06
1423159308	3.39e-06
1423159369	3.39e-06
1423159429	3.39e-06
1423159490	3.39e-06
1423159550	3.39e-06
1423159611	3.39e-06
1423159671	3.39e-06
1423159732	3.39e-06
1423159792	3.38e-06
1423159853	3.38e-06
1423159913	3.38e-06
1423159974	3.38e-06
1423160034	3.38e-06
1423160095	3.38e-06
1423160155	3.38e-06
1423160216	3.38e-06
1423160276	3.37e-06
1423160337	3.37e-06
1423160397	3.37e-06
1423160457	3.37e-06
1423160518	3.37e-06
1423160578	3.37e-06
1423160639	3.37e-06
1423160699	3.37e-06
1423160760	3.37e-06
1423160820	3.37e-06
1423160881	3.37e-06
1423160942	3.37e-06
1423161002	3.36e-06
1423161063	3.36e-06
1423161123	3.36e-06
1423161184	3.36e-06
1423161244	3.36e-06
1423161305	3.36e-06
1423161365	3.36e-06
1423161426	3.36e-06
1423161486	3.35e-06
1423161547	3.35e-06
1423161607	3.35e-06
1423161668	3.35e-06
1423161728	3.35e-06
1423161789	3.35e-06
1423161849	3.35e-06
1423161910	3.34e-06
1423161970	3.34e-06
1423162031	3.34e-06
1423162091	3.34e-06
1423162152	3.34e-06
1423162212	3.34e-06
1423162273	3.34e-06
1423162333	3.34e-06
1423162394	3.34e-06
1423162454	3.34e-06
1423162515	3.34e-06
1423162575	3.33e-06
1423162636	3.33e-06
1423162696	3.33e-06
1423162757	3.33e-06
1423162817	3.33e-06
1423162878	3.33e-06
1423162938	3.33e-06
1423162999	3.33e-06
1423163059	3.33e-06
1423163120	3.33e-06
1423163180	3.33e-06
1423163241	3.32e-06
1423163301	3.32e-06
1423163362	3.32e-06
1423163422	3.32e-06
1423163483	3.32e-06
1423163543	3.32e-06
1423163604	3.32e-06
1423163664	3.32e-06
1423163725	3.32e-06
1423163785	3.32e-06
1423163846	3.31e-06
1423163906	3.31e-06
1423163967	3.31e-06
1423164027	3.31e-06
1423164088	3.31e-06
1423164148	3.31e-06
1423164209	3.31e-06
1423164269	3.31e-06
1423164330	3.31e-06
1423164390	3.31e-06
1423164451	3.31e-06
1423164511	3.3e-06
1423164572	3.3e-06
1423164632	3.3e-06
1423164693	3.3e-06
1423164753	3.3e-06
1423164814	3.3e-06
1423164874	3.3e-06
1423164935	3.3e-06
1423164995	3.3e-06
1423165056	3.3e-06
1423165116	3.3e-06
1423165177	3.29e-06
1423165238	3.29e-06
1423165298	3.29e-06
1423165359	3.29e-06
1423165419	3.29e-06
1423165480	3.29e-06
1423165540	3.29e-06
1423165601	3.29e-06
1423165661	3.29e-06
1423165722	3.28e-06
1423165782	3.28e-06
1423165843	3.28e-06
1423165903	3.28e-06
1423165964	3.28e-06
1423166024	3.28e-06
1423166085	3.28e-06
1423166145	3.28e-06
1423166205	3.28e-06
1423166266	3.28e-06
1423166326	3.28e-06
1423166387	3.28e-06
1423166448	3.28e-06
1423166508	3.27e-06
1423166569	3.27e-06
1423166629	3.27e-06
1423166690	3.27e-06
1423166750	3.27e-06
1423166811	3.27e-06
1423166871	3.27e-06
1423166932	3.27e-06
1423166992	3.27e-06
1423167053	3.27e-06
1423167113	3.27e-06
1423167174	3.27e-06
1423167234	3.27e-06
1423167295	3.26e-06
1423167355	3.26e-06
1423167416	3.26e-06
1423167476	3.26e-06
1423167537	3.26e-06
1423167597	3.26e-06
1423167658	3.26e-06
1423167718	3.26e-06
1423167779	3.26e-06
1423167840	3.26e-06
1423167900	3.26e-06
1423167961	3.26e-06
1423168021	3.25e-06
1423168082	3.25e-06
1423168142	3.25e-06
1423168203	3.25e-06
1423168263	3.25e-06
1423168324	3.25e-06
1423168384	3.25e-06
1423168445	3.25e-06
1423168505	3.25e-06
1423168566	3.25e-06
1423168626	3.25e-06
1423168687	3.24e-06
1423168747	3.24e-06
1423168808	3.24e-06
1423168868	3.24e-06
1423168929	3.24e-06
1423168989	3.24e-06
1423169050	3.24e-06
1423169110	3.24e-06
1423169171	3.24e-06
1423169231	3.24e-06
1423169292	3.24e-06
1423169352	3.24e-06
1423169413	3.24e-06
1423169473	3.23e-06
1423169534	3.23e-06
1423169594	3.23e-06
1423169655	3.23e-06
1423169715	3.23e-06
1423169776	3.23e-06
1423169836	3.23e-06
1423169897	3.23e-06
1423169958	3.23e-06
1423170018	3.23e-06
1423170079	3.23e-06
1423170139	3.23e-06
1423170200	3.23e-06
1423170260	3.23e-06
1423170321	3.22e-06
1423170381	3.22e-06
1423170442	3.22e-06
1423170502	3.22e-06
1423170563	3.22e-06
1423170623	3.22e-06
1423170684	3.22e-06
1423170745	3.22e-06
1423170805	3.22e-06
1423170866	3.22e-06
1423170926	3.22e-06
1423170987	3.22e-06
1423171047	3.22e-06
1423171108	3.22e-06
1423171168	3.21e-06
1423171229	3.21e-06
1423171290	3.21e-06
1423171350	3.21e-06
1423171411	3.21e-06
1423171471	3.21e-06
1423171532	3.21e-06
1423171592	3.21e-06
1423171653	3.21e-06
1423171713	3.21e-06
1423171774	3.2e-06
1423171834	3.2e-06
1423171895	3.2e-06
1423171955	3.2e-06
1423172016	3.2e-06
1423172076	3.2e-06
1423172137	3.2e-06
1423172197	3.2e-06
1423172258	3.2e-06
1423172318	3.2e-06
1423172379	3.19e-06
1423172439	3.19e-06
1423172500	3.19e-06
1423172560	3.19e-06
1423172621	3.19e-06
1423172681	3.19e-06
1423172742	3.19e-06
1423172802	3.19e-06
1423172863	3.19e-06
1423172923	3.19e-06
1423172984	3.18e-06
1423173044	3.18e-06
1423173105	3.18e-06
1423173165	3.18e-06
1423173226	3.18e-06
1423173286	3.18e-06
1423173347	3.18e-06
1423173407	3.18e-06
1423173468	3.18e-06
1423173529	3.18e-06
1423173589	3.18e-06
1423173650	3.18e-06
1423173710	3.18e-06
1423173771	3.17e-06
1423173831	3.17e-06
1423173891	3.17e-06
1423173952	3.17e-06
1423174012	3.17e-06
1423174073	3.17e-06
1423174133	3.17e-06
1423174194	3.17e-06
1423174254	3.16e-06
1423174315	3.16e-06
1423174375	3.16e-06
1423174436	3.16e-06
1423174496	3.16e-06
1423174557	3.16e-06
1423174617	3.16e-06
1423174678	3.16e-06
1423174738	3.16e-06
1423174799	3.16e-06
1423174859	3.15e-06
1423174920	3.15e-06
1423174981	3.15e-06
1423175041	3.15e-06
1423175102	3.15e-06
1423175162	3.15e-06
1423175223	3.15e-06
1423175283	3.15e-06
1423175344	3.15e-06
1423175404	3.15e-06
1423175465	3.15e-06
1423175525	3.14e-06
1423175586	3.14e-06
1423175646	3.14e-06
1423175707	3.14e-06
1423175767	4.39e-05
1423175828	5.47e-05
1423175888	5.57e-05
1423175949	5.6e-05
1423176009	5.61e-05
1423176070	5.62e-05
1423176131	5.63e-05
1423176191	5.63e-05
1423176251	5.63e-05
1423176312	5.63e-05
1423176372	5.63e-05
1423176433	5.63e-05
1423176494	5.64e-05
1423176554	5.63e-05
1423176615	5.63e-05
1423177591	0.0
1423177651	3.39e-06
1423177711	3.27e-06
1423177772	3.22e-06
1423177833	3.13e-06
1423177893	3.13e-06
1423177954	3.13e-06
1423178014	3.13e-06
1423178075	3.14e-06
1423178135	3.14e-06
1423178196	3.14e-06
1423178256	3.14e-06
1423178317	3.14e-06
1423178377	3.14e-06
1423178438	3.14e-06
1423178498	3.14e-06
1423178559	3.14e-06
1423178620	3.14e-06
1423178680	3.14e-06
1423178741	3.14e-06
1423178801	3.14e-06
1423178862	3.14e-06
1423178922	3.14e-06
1423178983	3.14e-06
1423179043	3.14e-06
1423179104	3.14e-06
1423179164	3.14e-06
1423179225	3.14e-06
1423179285	3.13e-06
1423179345	3.13e-06
1423179406	3.13e-06
1423179466	3.13e-06
1423179527	3.13e-06
1423179588	3.13e-06
1423179648	3.13e-06
1423179709	3.13e-06
1423179769	3.13e-06
1423179830	3.13e-06
1423179890	3.13e-06
1423179951	3.12e-06
1423180011	3.12e-06
1423180072	3.12e-06
1423180132	3.12e-06
1423180193	3.12e-06
1423180253	3.12e-06
1423180314	3.12e-06
1423180374	3.12e-06
1423180435	3.12e-06
1423180495	3.12e-06
1423180556	3.11e-06
1423180616	3.11e-06
1423180677	3.11e-06
1423180737	3.11e-06
1423180798	3.11e-06
1423180858	3.11e-06
1423180919	3.11e-06
1423180979	3.11e-06
1423181040	3.1e-06
1423181100	3.1e-06
1423181161	3.1e-06
1423181221	3.1e-06
1423181282	3.1e-06
1423181342	3.1e-06
1423181403	3.1e-06
1423181463	3.1e-06
1423181523	3.1e-06
1423181584	3.09e-06
1423181645	3.09e-06
1423181705	3.09e-06
1423181766	3.09e-06
1423181826	3.09e-06
1423181887	3.09e-06
1423181947	3.09e-06
1423182008	3.09e-06
1423182068	3.08e-06
1423182129	3.08e-06
1423182189	3.08e-06
1423182250	3.08e-06
1423182310	3.08e-06
1423182371	3.08e-06
1423182431	3.08e-06
1423182492	3.08e-06
1423182553	3.08e-06
1423182613	3.07e-06
1423182673	3.07e-06
1423182734	3.07e-06
1423182794	3.07e-06
1423182855	3.07e-06
1423182916	3.07e-06
1423182976	3.07e-06
1423183037	3.07e-06
1423183097	3.07e-06
1423183158	3.06e-06
1423183218	3.06e-06
1423183279	3.06e-06
1423183339	3.06e-06
1423183400	3.06e-06
1423183460	3.06e-06
1423183521	3.06e-06
1423183581	3.05e-06
1423183642	3.05e-06
1423183702	3.05e-06
1423183763	3.05e-06
1423183823	3.05e-06
1423183883	3.05e-06
1423183944	3.05e-06
1423184005	3.05e-06
1423184065	3.05e-06
1423184126	3.04e-06
1423184186	3.04e-06
1423184247	3.04e-06
1423184307	3.04e-06
1423184368	3.04e-06
1423184428	3.04e-06
1423184489	3.04e-06
1423184549	3.04e-06
1423184610	3.04e-06
1423184670	3.03e-06
1423184731	3.03e-06
1423184791	3.03e-06
1423184852	3.03e-06
1423184912	3.03e-06
1423184973	3.03e-06
1423185033	3.03e-06
1423185094	3.03e-06
1423185154	3.02e-06
1423185214	3.02e-06
1423185275	3.02e-06
1423185336	3.02e-06
1423185396	3.02e-06
1423185457	3.02e-06
1423185517	3.02e-06
1423185578	3.02e-06
1423185638	3.02e-06
1423185698	3.02e-06
1423185759	3.01e-06
1423185819	3.01e-06
1423185880	3.01e-06
1423185940	3.01e-06
1423186001	3.01e-06
1423186061	3.01e-06
1423186122	3.01e-06
1423186183	3.01e-06
1423186243	3.01e-06
1423186304	3e-06
1423186364	3e-06
1423186425	3e-06
1423186485	3e-06
1423186546	3e-06
1423186606	3e-06
1423186667	3e-06
1423186727	3e-06
1423186788	3e-06
1423186848	2.99e-06
1423186909	2.99e-06
1423186969	2.99e-06
1423187030	2.99e-06
1423187091	2.99e-06
1423187151	2.99e-06
1423187212	2.99e-06
1423187272	2.99e-06
1423187333	2.99e-06
1423187393	2.98e-06
1423187454	2.98e-06
1423187514	2.98e-06
1423187575	2.98e-06
1423187635	2.98e-06
1423187696	2.98e-06
1423187756	2.98e-06
1423187817	2.98e-06
1423187877	2.98e-06
1423187938	2.97e-06
1423187998	2.97e-06
1423188058	2.97e-06
1423188119	2.97e-06
1423188179	2.97e-06
1423188240	2.97e-06
1423188300	2.97e-06
1423188361	2.97e-06
1423188421	2.97e-06
1423188482	2.96e-06
1423188542	2.96e-06
1423188603	2.96e-06
1423188663	2.96e-06
1423188724	2.96e-06
1423188784	2.96e-06
1423188845	2.96e-06
1423188905	2.96e-06
1423188966	2.96e-06
1423189026	2.96e-06
1423189087	2.95e-06
1423189147	2.95e-06
1423189208	2.95e-06
1423189268	2.95e-06
1423189329	2.95e-06
1423189389	2.95e-06
1423189450	2.95e-06
1423189510	2.95e-06
1423189571	2.95e-06
1423189631	2.95e-06
1423189692	2.95e-06
1423189752	2.94e-06
1423189813	2.94e-06
1423189874	2.94e-06
1423189934	2.94e-06
1423189995	2.94e-06
1423190055	2.94e-06
1423190116	2.94e-06
1423190176	2.94e-06
1423190237	2.94e-06
1423190297	2.93e-06
1423190358	2.93e-06
1423190418	2.93e-06
1423190479	2.93e-06
1423190539	2.93e-06
1423190600	2.93e-06
1423190660	2.93e-06
1423190721	2.93e-06
1423190781	2.93e-06
1423190842	2.93e-06
1423190903	2.93e-06
1423190963	2.92e-06
1423191023	2.92e-06
1423191084	2.92e-06
1423191145	2.92e-06
1423191205	2.92e-06
1423191266	2.92e-06
1423191326	2.92e-06
1423191387	2.92e-06
1423191447	2.92e-06
1423191508	2.92e-06
1423191568	2.91e-06
1423191629	2.91e-06
1423191690	2.91e-06
1423191750	2.91e-06
1423191810	2.91e-06
1423191871	2.91e-06
1423191931	2.91e-06
1423191992	2.91e-06
1423192052	2.91e-06
1423192113	2.91e-06
1423192173	2.91e-06
1423192234	2.91e-06
1423192294	2.9e-06
1423192355	2.9e-06
1423192415	2.9e-06
1423192476	2.9e-06
1423192536	2.9e-06
1423192597	2.9e-06
1423192657	2.9e-06
1423192718	2.9e-06
1423192778	2.9e-06
1423192839	2.9e-06
1423192899	2.9e-06
1423192960	2.9e-06
1423193021	2.89e-06
1423193081	2.89e-06
1423193142	2.89e-06
1423193202	2.89e-06
1423193263	2.89e-06
1423193323	2.89e-06
1423193384	2.89e-06
1423193444	2.89e-06
1423193505	2.89e-06
1423193565	2.89e-06
1423193626	2.89e-06
1423193686	2.89e-06
1423193747	2.88e-06
1423193807	2.88e-06
1423193868	2.88e-06
1423193928	2.88e-06
1423193989	2.88e-06
1423194049	2.88e-06
1423194110	2.88e-06
1423194171	2.88e-06
1423194231	2.88e-06
1423194292	2.88e-06
1423194352	2.88e-06
1423194413	2.87e-06
1423194473	2.87e-06
1423194534	2.87e-06
1423194594	2.87e-06
1423194655	2.87e-06
1423194715	2.87e-06
1423194776	2.87e-06
1423194836	2.87e-06
1423194897	2.87e-06
1423194957	2.87e-06
1423195018	2.87e-06
1423195078	2.87e-06
1423195139	2.87e-06
1423195200	2.86e-06
1423195260	2.86e-06
1423195321	2.86e-06
1423195381	2.86e-06
1423195442	2.86e-06
1423195502	2.86e-06
1423195563	2.86e-06
1423195623	2.86e-06
1423195684	2.86e-06
1423195744	2.86e-06
1423195805	2.86e-06
1423195865	2.86e-06
1423195926	2.85e-06
1423195986	2.85e-06
1423196047	2.85e-06
1423196107	2.85e-06
1423196168	2.85e-06
1423196228	2.85e-06
1423196289	2.85e-06
1423196349	2.85e-06
1423196410	2.85e-06
1423196470	2.85e-06
1423196531	2.85e-06
1423196591	2.85e-06
1423196652	2.85e-06
1423196713	2.85e-06
1423196773	2.84e-06
1423196834	2.84e-06
1423196894	2.84e-06
1423196955	2.84e-06
1423197015	2.84e-06
1423197076	2.84e-06
1423197136	2.84e-06
1423197197	2.84e-06
1423197257	2.84e-06
1423197318	2.84e-06
1423197379	2.84e-06
1423197439	2.84e-06
1423197500	2.83e-06
1423197560	2.83e-06
1423197621	2.83e-06
1423197681	2.83e-06
1423197742	2.83e-06
1423197802	2.83e-06
1423197863	2.83e-06
1423197923	2.83e-06
1423197984	2.83e-06
1423198044	2.83e-06
1423198105	2.83e-06
1423198165	2.83e-06
1423198226	2.83e-06
1423198286	2.83e-06
1423198347	2.82e-06
1423198407	2.82e-06
1423198468	2.82e-06
1423198528	2.82e-06
1423198589	2.82e-06
1423198649	2.82e-06
1423198710	2.82e-06
1423198770	2.82e-06
1423198831	2.82e-06
1423198892	2.82e-06
1423198952	2.82e-06
1423199013	2.82e-06
1423199073	2.82e-06
1423199134	2.82e-06
1423199194	2.81e-06
1423199255	2.81e-06
1423199315	2.81e-06
1423199376	2.81e-06
1423199436	2.81e-06
1423199497	2.81e-06
1423199557	2.81e-06
1423199618	2.81e-06
1423199678	2.81e-06
1423199739	2.81e-06
1423199799	2.81e-06
1423199860	2.81e-06
1423199921	2.81e-06
1423199981	2.8e-06
1423200042	2.8e-06
1423200102	2.8e-06
1423200163	2.8e-06
1423200223	2.8e-06
1423200284	2.8e-06
1423200344	2.8e-06
1423200405	2.8e-06
1423200465	2.8e-06
1423200526	2.8e-06
1423200586	2.8e-06
1423200647	2.8e-06
1423200708	2.8e-06
1423200768	2.79e-06
1423200829	2.79e-06
1423200889	2.79e-06
1423200950	2.79e-06
1423201010	2.79e-06
1423201071	2.79e-06
1423201131	2.79e-06
1423201192	2.79e-06
1423201252	2.79e-06
1423201313	2.79e-06
1423201373	2.79e-06
1423201434	2.79e-06
1423201494	2.79e-06
1423201555	2.79e-06
1423201615	2.78e-06
1423201676	2.78e-06
1423201736	2.78e-06
1423201797	2.78e-06
1423201857	2.78e-06
1423201918	2.78e-06
1423201979	2.78e-06
1423202039	2.78e-06
1423202099	2.78e-06
1423202160	2.78e-06
1423202220	2.78e-06
1423202281	2.78e-06
1423202341	2.78e-06
1423202402	2.78e-06
1423202462	2.77e-06
1423202523	2.77e-06
1423202583	2.77e-06
1423202644	2.77e-06
1423202704	2.77e-06
1423202765	2.77e-06
1423202825	2.77e-06
1423202886	2.77e-06
1423202946	2.77e-06
1423203007	2.77e-06
1423203067	2.77e-06
1423203128	2.77e-06
1423203188	2.77e-06
1423203249	2.77e-06
1423203310	2.77e-06
1423203370	2.76e-06
1423203431	2.76e-06
1423203491	2.76e-06
1423203552	2.76e-06
1423203612	2.76e-06
1423203673	2.76e-06
1423203733	2.76e-06
1423203794	2.76e-06
1423203854	2.76e-06
1423203915	2.76e-06
1423203975	2.76e-06
1423204036	2.76e-06
1423204096	2.76e-06
1423204157	2.76e-06
1423204217	2.75e-06
1423204278	2.75e-06
1423204338	2.75e-06
1423204399	2.75e-06
1423204459	2.75e-06
1423204520	2.75e-06
1423204580	2.75e-06
1423204641	2.75e-06
1423204701	2.75e-06
1423204762	2.75e-06
1423204823	2.75e-06
1423204883	2.75e-06
1423204944	2.75e-06
1423205004	2.75e-06
1423205064	2.74e-06
1423205125	2.74e-06
1423205185	2.74e-06
1423205246	2.74e-06
1423205306	2.74e-06
1423205367	2.74e-06
1423205427	2.74e-06
1423205488	2.74e-06
1423205548	2.74e-06
1423205609	2.74e-06
1423205669	2.74e-06
1423205730	2.74e-06
1423205790	2.74e-06
1423205851	2.74e-06
1423205911	2.74e-06
1423205972	2.73e-06
1423206032	2.73e-06
1423206093	2.73e-06
1423206153	2.73e-06
1423206214	2.73e-06
1423206274	2.73e-06
1423206335	2.73e-06
1423206396	2.73e-06
1423206456	2.73e-06
1423206517	2.73e-06
1423206577	2.73e-06
1423206638	2.73e-06
1423206698	2.73e-06
1423206759	2.73e-06
1423206819	2.72e-06
1423206879	2.72e-06
1423206940	2.72e-06
1423207000	2.72e-06
1423207061	2.72e-06
1423207122	2.72e-06
1423207182	2.72e-06
1423207243	2.72e-06
1423207303	2.72e-06
1423207364	2.72e-06
1423207424	2.72e-06
1423207485	2.72e-06
1423207545	2.72e-06
1423207606	2.72e-06
1423207666	2.72e-06
1423207727	2.71e-06
1423207787	2.71e-06
1423207848	2.71e-06
1423207908	2.71e-06
1423207969	2.71e-06
1423208029	2.71e-06
1423208090	2.71e-06
1423208150	2.71e-06
1423208211	2.71e-06
1423208271	2.71e-06
1423208332	2.71e-06
1423208392	2.71e-06
1423208453	2.71e-06
1423208513	2.71e-06
1423208574	2.7e-06
1423208634	2.7e-06
1423208695	2.7e-06
1423208755	2.7e-06
1423208816	2.7e-06
1423208876	2.7e-06
1423208937	2.7e-06
1423208997	2.7e-06
1423209058	2.7e-06
1423209118	2.7e-06
1423209179	2.7e-06
1423209239	2.7e-06
1423209300	2.7e-06
1423209360	2.7e-06
1423209421	2.69e-06
1423209481	2.69e-06
1423209542	2.69e-06
1423209602	2.69e-06
1423209663	2.69e-06
1423209723	2.69e-06
1423209784	2.69e-06
1423209844	2.69e-06
1423209905	2.69e-06
1423209965	2.69e-06
1423210026	2.69e-06
1423210086	2.69e-06
1423210147	2.69e-06
1423210207	2.69e-06
1423210268	2.69e-06
1423210328	2.69e-06
1423210389	2.69e-06
1423210449	2.68e-06
1423210510	2.68e-06
1423210570	2.68e-06
1423210631	2.68e-06
1423210691	2.68e-06
1423210752	2.68e-06
1423210813	2.68e-06
1423210873	2.68e-06
1423210934	2.68e-06
1423210994	2.68e-06
1423211055	2.68e-06
1423211115	2.68e-06
1423211176	2.68e-06
1423211236	2.67e-06
1423211297	2.67e-06
1423211357	2.67e-06
1423211418	2.67e-06
1423211478	2.67e-06
1423211538	2.67e-06
1423211599	2.67e-06
1423211659	2.67e-06
1423211720	2.66e-06
1423211780	2.66e-06
1423211841	2.66e-06
1423211901	2.66e-06
1423211962	2.66e-06
1423212022	2.66e-06
1423212083	2.66e-06
1423212143	2.66e-06
1423212204	2.66e-06
1423212265	2.66e-06
1423212325	2.66e-06
1423212386	2.66e-06
1423212446	2.66e-06
1423212507	2.66e-06
1423212567	2.66e-06
1423212627	2.65e-06
1423212688	2.65e-06
1423212749	2.65e-06
1423212809	2.65e-06
1423212869	2.65e-06
1423212930	2.65e-06
1423212990	2.65e-06
1423213051	2.65e-06
1423213111	2.65e-06
1423213172	2.65e-06
1423213232	2.65e-06
1423213293	2.65e-06
1423213353	2.65e-06
1423213414	2.65e-06
1423213474	2.65e-06
1423213535	2.65e-06
1423213595	2.64e-06
1423213656	2.64e-06
1423213717	2.64e-06
1423213777	2.64e-06
1423213838	2.64e-06
1423213898	2.64e-06
1423213959	2.64e-06
1423214019	2.64e-06
1423214080	2.64e-06
1423214140	2.64e-06
1423214201	2.64e-06
1423214261	2.64e-06
1423214322	2.64e-06
1423214382	2.64e-06
1423214443	2.63e-06
1423214503	2.63e-06
1423214564	2.63e-06
1423214624	2.63e-06
1423214685	2.63e-06
1423214745	2.63e-06
1423214806	2.63e-06
1423214866	2.63e-06
1423214927	2.63e-06
1423214987	2.63e-06
1423215048	2.63e-06
1423215108	2.63e-06
1423215169	2.63e-06
1423215229	2.63e-06
1423215290	2.63e-06
1423215350	2.62e-06
1423215411	2.62e-06
1423215471	2.62e-06
1423215532	2.62e-06
1423215592	2.62e-06
1423215653	2.62e-06
1423215713	2.62e-06
1423215774	2.62e-06
1423215834	2.62e-06
1423215895	2.62e-06
1423215955	2.62e-06
1423216016	2.62e-06
1423216076	2.62e-06
1423216137	2.62e-06
1423216197	2.62e-06
1423216258	2.62e-06
1423216318	2.62e-06
1423216379	2.62e-06
1423216439	2.61e-06
1423216500	2.61e-06
1423216560	2.61e-06
1423216621	2.61e-06
1423216681	2.61e-06
1423216742	2.61e-06
1423216802	2.61e-06
1423216863	2.61e-06
1423216924	2.61e-06
1423216984	2.61e-06
1423217045	2.61e-06
1423217105	2.61e-06
1423217166	2.61e-06
1423217226	2.61e-06
1423217287	2.61e-06
1423217347	2.61e-06
1423217408	2.61e-06
1423217468	2.6e-06
1423217529	2.6e-06
1423217589	2.6e-06
1423217650	2.6e-06
1423217710	2.6e-06
1423217771	2.6e-06
1423217831	2.6e-06
1423217892	2.6e-06
1423217952	2.6e-06
1423218013	2.6e-06
1423218073	2.6e-06
1423218134	2.6e-06
1423218195	2.6e-06
1423218255	2.6e-06
1423218316	2.6e-06
1423218376	2.59e-06
1423218437	2.59e-06
1423218497	2.59e-06
1423218558	2.59e-06
1423218618	2.59e-06
1423218679	2.59e-06
1423218739	2.59e-06
1423218800	2.59e-06
1423218860	2.59e-06
1423218920	2.59e-06
1423218981	2.59e-06
1423219042	2.59e-06
1423219102	2.59e-06
1423219163	2.59e-06
1423219223	2.59e-06
1423219284	2.59e-06
1423219344	2.58e-06
1423219405	2.58e-06
1423219465	2.58e-06
1423219526	2.58e-06
1423219586	2.58e-06
1423219647	2.58e-06
1423219707	2.58e-06
1423219768	2.58e-06
1423219828	2.58e-06
1423219889	2.58e-06
1423219949	2.58e-06
1423220010	2.58e-06
1423220071	2.58e-06
1423220131	2.58e-06
1423220192	2.58e-06
1423220252	2.58e-06
1423220312	2.58e-06
1423220373	2.57e-06
1423220433	2.57e-06
1423220494	2.57e-06
1423220554	2.57e-06
1423220615	2.57e-06
1423220675	2.57e-06
1423220736	2.57e-06
1423220797	2.57e-06
1423220857	2.57e-06
1423220918	2.57e-06
1423220978	2.57e-06
1423221039	2.57e-06
1423221099	2.57e-06
1423221160	2.57e-06
1423221220	2.56e-06
1423221281	2.56e-06
1423221341	2.56e-06
1423221402	2.56e-06
1423221462	2.56e-06
1423221523	2.56e-06
1423221583	2.56e-06
1423221644	2.56e-06
1423221705	2.56e-06
1423221765	2.56e-06
1423221826	2.56e-06
1423221886	2.56e-06
1423221946	2.56e-06
1423222007	2.56e-06
1423222067	2.56e-06
1423222128	2.55e-06
1423222188	2.55e-06
1423222249	2.55e-06
1423222309	2.55e-06
1423222370	2.55e-06
1423222430	2.55e-06
1423222491	2.55e-06
1423222551	2.55e-06
1423222612	2.55e-06
1423222672	2.55e-06
1423222733	2.55e-06
1423222793	2.55e-06
1423222854	2.55e-06
1423222914	2.55e-06
1423222975	2.54e-06
1423223035	2.54e-06
1423223096	2.54e-06
1423223156	2.54e-06
1423223217	2.54e-06
1423223277	2.54e-06
1423223338	2.54e-06
1423223398	2.54e-06
1423223459	2.54e-06
1423223519	2.54e-06
1423223580	2.54e-06
1423223640	2.54e-06
1423223700	2.54e-06
1423223761	2.53e-06
1423223822	2.53e-06
1423223882	2.53e-06
1423223943	2.53e-06
1423224003	2.53e-06
1423224063	2.53e-06
1423224124	2.53e-06
1423224184	2.53e-06
1423224245	2.53e-06
1423224305	2.53e-06
1423224366	2.53e-06
1423224426	2.53e-06
1423224487	2.53e-06
1423224547	2.53e-06
1423224608	2.53e-06
1423224668	2.52e-06
1423224729	2.52e-06
1423224789	2.52e-06
1423224850	2.52e-06
1423224910	2.52e-06
1423224971	2.52e-06
1423225031	2.52e-06
1423225092	2.52e-06
1423225152	2.52e-06
1423225213	2.52e-06
1423225273	2.52e-06
1423225334	2.52e-06
1423225394	2.52e-06
1423225455	2.52e-06
1423225515	2.52e-06
1423225576	2.51e-06
1423225636	2.51e-06
1423225697	2.51e-06
1423225757	2.51e-06
1423225818	2.51e-06
1423225878	2.51e-06
1423225939	2.51e-06
1423225999	2.51e-06
1423226060	2.51e-06
1423226120	2.51e-06
1423226181	2.51e-06
1423226241	2.51e-06
1423226302	2.51e-06
1423226362	2.51e-06
1423226423	2.5e-06
1423226483	2.5e-06
1423226544	2.5e-06
1423226604	2.5e-06
1423226665	2.5e-06
1423226725	2.5e-06
1423226786	2.5e-06
1423226846	2.5e-06
1423226907	2.5e-06
1423226968	2.5e-06
1423227028	2.5e-06
1423227089	2.5e-06
1423227149	2.5e-06
1423227209	2.5e-06
1423227270	2.49e-06
1423227331	2.49e-06
1423227391	2.49e-06
1423227452	2.49e-06
1423227512	2.49e-06
1423227573	2.49e-06
1423227633	2.49e-06
1423227694	2.49e-06
1423227754	2.49e-06
1423227815	2.49e-06
1423227875	2.49e-06
1423227936	2.49e-06
1423227996	2.49e-06
1423228057	2.49e-06
1423228117	2.48e-06
1423228178	2.48e-06
1423228238	2.48e-06
1423228299	2.48e-06
1423228359	2.48e-06
1423228420	2.48e-06
1423228480	2.48e-06
1423228541	2.48e-06
1423228601	2.48e-06
1423228662	2.48e-06
1423228722	2.48e-06
1423228783	2.48e-06
1423228843	2.48e-06
1423228904	2.48e-06
1423228964	2.47e-06
1423229025	2.47e-06
1423229085	2.47e-06
1423229146	2.47e-06
1423229206	2.47e-06
1423229267	2.47e-06
1423229327	2.47e-06
1423229388	2.47e-06
1423229448	2.47e-06
1423229509	2.47e-06
1423229569	2.47e-06
1423229630	2.47e-06
1423229690	2.47e-06
1423229751	2.47e-06
1423229811	2.47e-06
1423229872	2.46e-06
1423229932	2.46e-06
1423229993	2.46e-06
1423230053	2.46e-06
1423230114	2.46e-06
1423230174	2.46e-06
1423230235	2.46e-06
1423230295	2.46e-06
1423230356	2.46e-06
1423230416	2.46e-06
1423230477	2.46e-06
1423230537	2.46e-06
1423230598	2.46e-06
1423230659	2.46e-06
1423230719	2.46e-06
1423230780	2.46e-06
1423230840	2.45e-06
1423230901	2.45e-06
1423230961	2.45e-06
1423231022	2.45e-06
1423231082	2.45e-06
1423231143	2.45e-06
1423231203	2.45e-06
1423231264	2.45e-06
1423231324	2.45e-06
1423231385	2.45e-06
1423231445	2.45e-06
1423231506	2.45e-06
1423231566	2.45e-06
1423231627	2.45e-06
1423231687	2.45e-06
1423231747	2.45e-06
1423231808	2.44e-06
1423231868	2.44e-06
1423231929	2.44e-06
1423231989	2.44e-06
1423232050	2.44e-06
1423232110	2.44e-06
1423232171	2.44e-06
1423232232	2.44e-06
1423232292	2.44e-06
1423232353	2.44e-06
1423232413	2.44e-06
1423232474	2.44e-06
1423232534	2.44e-06
1423232595	2.44e-06
1423232655	2.44e-06
1423232715	2.44e-06
1423232776	2.43e-06
1423232837	2.43e-06
1423232897	2.43e-06
1423232958	2.43e-06
1423233018	2.43e-06
1423233079	2.43e-06
1423233139	2.43e-06
1423233200	2.43e-06
1423233260	2.43e-06
1423233321	2.43e-06
1423233381	2.43e-06
1423233442	2.43e-06
1423233502	2.43e-06
1423233563	2.43e-06
1423233623	2.43e-06
1423233684	2.43e-06
1423233745	2.42e-06
1423233805	2.42e-06
1423233866	2.42e-06
1423233926	2.42e-06
1423233987	2.42e-06
1423234047	2.42e-06
1423234108	2.42e-06
1423234168	2.42e-06
1423234229	2.42e-06
1423234289	2.42e-06
1423234350	2.42e-06
1423234410	2.42e-06
1423234471	2.42e-06
1423234531	2.42e-06
1423234592	2.42e-06
1423234652	2.41e-06
1423234713	2.41e-06
1423234773	2.41e-06
1423234834	2.41e-06
1423234894	2.41e-06
1423234954	2.41e-06
1423235015	2.41e-06
1423235076	2.41e-06
1423235136	2.41e-06
1423235197	2.41e-06
1423235257	2.41e-06
1423235318	2.41e-06
1423235378	2.41e-06
1423235439	2.41e-06
1423235499	2.4e-06
1423235560	2.4e-06
1423235620	2.4e-06
1423235681	2.4e-06
1423235741	2.4e-06
1423235802	2.4e-06
1423235862	2.4e-06
1423235923	2.4e-06
1423235983	2.4e-06
1423238775	2.39e-06
1423238835	2.39e-06
1423238896	2.39e-06
1423238956	2.39e-06
1423239017	2.39e-06
1423239077	2.39e-06
1423239138	2.39e-06
1423239198	2.39e-06
1423239259	2.39e-06
1423239319	2.39e-06
1423239380	2.39e-06
1423239440	2.38e-06
1423239501	2.38e-06
1423239561	2.38e-06
1423239622	2.38e-06
1423239683	2.38e-06
1423239743	2.38e-06
1423239804	2.38e-06
1423239864	2.38e-06
1423239925	2.38e-06
1423239985	2.38e-06
1423240046	2.38e-06
1423240106	2.38e-06
1423240167	2.38e-06
1423240227	2.37e-06
1423240288	2.37e-06
1423240348	2.37e-06
1423240409	2.37e-06
1423240469	2.37e-06
1423240530	2.37e-06
1423240590	2.37e-06
1423240651	2.37e-06
1423240711	2.37e-06
1423240772	2.37e-06
1423240832	2.37e-06
1423240893	2.37e-06
1423240953	2.37e-06
1423241014	2.36e-06
1423241074	2.36e-06
1423241135	2.36e-06
1423241195	2.36e-06
1423241256	2.36e-06
1423241316	2.36e-06
1423241377	2.36e-06
1423241437	2.36e-06
1423241498	2.36e-06
1423241558	2.36e-06
1423241619	2.36e-06
1423241679	2.35e-06
1423241740	2.35e-06
1423241800	2.35e-06
1423241861	2.35e-06
1423241921	2.35e-06
1423241982	2.35e-06
1423242042	2.35e-06
1423242103	2.35e-06
1423242163	2.35e-06
1423242224	2.35e-06
1423242285	2.35e-06
1423242345	2.35e-06
1423242405	2.35e-06
1423242466	2.34e-06
1423242526	2.34e-06
1423242587	2.34e-06
1423242648	2.34e-06
1423242708	2.34e-06
1423242769	2.34e-06
1423242829	2.34e-06
1423242890	2.34e-06
1423242950	2.34e-06
1423243011	2.34e-06
1423243071	2.34e-06
1423243132	2.34e-06
1423243192	2.33e-06
1423243253	2.33e-06
1423243313	2.33e-06
1423243374	2.33e-06
1423243434	2.33e-06
1423243495	2.33e-06
1423243555	2.33e-06
1423243616	2.33e-06
1423243676	2.33e-06
1423243737	2.33e-06
1423243797	2.33e-06
1423243858	2.33e-06
1423243918	2.33e-06
1423243979	2.33e-06
1423244039	2.33e-06
1423244100	2.33e-06
1423244160	2.32e-06
1423244221	2.32e-06
1423244281	2.32e-06
1423244342	2.32e-06
1423244402	2.32e-06
1423244463	2.32e-06
1423244523	2.32e-06
1423244584	2.32e-06
1423244644	2.32e-06
1423244705	2.32e-06
1423244765	2.32e-06
1423244826	2.32e-06
1423244886	2.32e-06
1423244947	2.32e-06
1423245007	2.32e-06
1423245068	2.32e-06
1423245128	2.31e-06
1423245189	2.31e-06
1423245249	2.31e-06
1423245310	2.31e-06
1423245370	2.31e-06
1423245431	2.31e-06
1423245491	2.31e-06
1423245552	2.31e-06
1423245612	2.31e-06
1423245673	2.31e-06
1423245734	2.31e-06
1423245794	2.31e-06
1423245855	2.31e-06
1423245915	2.31e-06
1423245976	2.3e-06
1423246036	2.3e-06
1423246097	2.3e-06
1423246157	2.3e-06
1423246218	2.3e-06
1423246278	2.3e-06
1423246339	2.3e-06
1423246399	2.3e-06
1423246460	2.3e-06
1423246520	2.3e-06
1423246581	2.3e-06
1423246641	2.3e-06
1423246702	2.3e-06
1423246763	2.3e-06
1423246823	2.3e-06
1423246884	2.29e-06
1423246944	2.29e-06
1423247005	2.29e-06
1423247065	2.29e-06
1423247126	2.29e-06
1423247186	2.29e-06
1423247247	2.29e-06
1423247307	2.29e-06
1423247368	2.29e-06
1423247428	2.29e-06
1423247489	2.29e-06
1423247549	2.29e-06
1423247610	2.29e-06
1423247670	2.29e-06
1423247731	2.29e-06
1423247791	2.28e-06
1423247852	2.28e-06
1423247913	2.28e-06
1423247973	2.28e-06
1423248034	2.28e-06
1423248094	2.28e-06
1423248155	2.28e-06
1423248215	2.28e-06
1423248276	2.28e-06
1423248336	2.28e-06
1423248397	2.28e-06
1423248457	2.28e-06
1423248518	2.27e-06
1423248578	2.27e-06
1423248638	2.27e-06
1423248699	2.27e-06
1423248759	2.27e-06
1423248820	2.27e-06
1423248880	2.27e-06
1423248941	2.27e-06
1423249002	2.27e-06
1423249062	2.27e-06
1423249123	2.27e-06
1423249183	2.27e-06
1423249244	2.27e-06
1423249304	2.27e-06
1423249365	2.27e-06
1423249425	2.26e-06
1423249486	2.26e-06
1423249546	2.26e-06
1423249607	2.26e-06
1423249667	2.26e-06
1423249728	2.26e-06
1423249788	2.26e-06
1423249849	2.26e-06
1423249909	2.26e-06
1423249970	2.26e-06
1423250030	2.26e-06
1423250091	2.26e-06
1423250151	2.26e-06
1423250212	2.26e-06
1423250272	2.26e-06
1423250333	2.26e-06
1423250393	2.25e-06
1423250454	2.25e-06
1423250514	2.25e-06
1423250575	2.25e-06
1423250635	2.25e-06
1423250696	2.25e-06
1423250756	2.25e-06
1423250817	2.25e-06
1423250878	2.25e-06
1423250938	2.25e-06
1423250999	2.25e-06
1423251059	2.25e-06
1423251120	2.25e-06
1423251180	2.24e-06
1423251241	2.24e-06
1423251301	2.24e-06
1423251362	2.24e-06
1423251422	2.24e-06
1423251483	2.24e-06
1423251543	2.24e-06
1423251604	2.24e-06
1423251664	2.24e-06
1423251725	2.24e-06
1423251785	2.24e-06
1423251846	2.24e-06
1423251907	2.24e-06
1423251967	2.23e-06
1423252028	2.23e-06
1423252088	2.23e-06
