1421088735	1.93e-05
1421088796	8.45e-06
1421088856	6.28e-06
1421089596	0.0
1421089657	2.6e-06
1421089718	2.55e-06
1421089778	2.52e-06
1421089839	2.48e-06
1421089899	2.46e-06
1421089960	2.43e-06
1421090020	2.41e-06
1421090081	2.38e-06
1421090141	2.36e-06
1421090202	2.34e-06
1421090262	2.33e-06
1421090323	2.31e-06
1421090383	2.3e-06
1421090444	2.28e-06
1421090504	2.27e-06
1421090565	2.26e-06
1421090625	2.25e-06
1421090686	2.24e-06
1421090746	2.23e-06
1421090807	2.22e-06
1421090867	2.21e-06
1421090928	2.2e-06
1421090988	2.19e-06
1421091049	2.18e-06
1421091109	2.17e-06
1421091170	2.16e-06
1421091230	3.25e-05
1421091291	3.86e-05
1421091351	3.82e-05
1421091412	3.78e-05
1421091472	3.76e-05
1421103274	1.84e-06
1421103334	1.84e-06
1421103395	1.84e-06
1421103455	1.84e-06
1421103516	1.84e-06
1421103576	1.84e-06
1421103637	1.84e-06
1421103697	1.84e-06
1421103758	1.84e-06
1421103818	1.84e-06
1421103879	1.84e-06
1421103939	1.84e-06
1421104000	1.84e-06
1421104061	1.84e-06
1421104121	1.84e-06
1421104182	1.84e-06
1421104242	1.84e-06
1421104303	1.84e-06
1421104363	1.84e-06
1421104424	1.83e-06
1421104484	1.83e-06
1421104545	1.83e-06
1421104605	1.83e-06
1421104666	1.83e-06
1421104726	1.83e-06
1421104787	1.83e-06
1421104847	1.83e-06
1421104908	1.83e-06
1421104969	1.83e-06
1421105029	1.83e-06
1421105090	1.83e-06
1421105150	1.83e-06
1421105211	1.83e-06
1421105271	1.83e-06
1421105332	1.83e-06
1421105392	1.83e-06
1421105453	1.83e-06
1421105513	1.83e-06
1421105574	1.83e-06
1421105635	1.82e-06
1421105695	1.82e-06
1421105756	1.82e-06
1421105816	1.82e-06
1421105877	1.82e-06
1421105937	1.82e-06
1421105998	1.82e-06
1421106058	1.82e-06
1421106119	1.82e-06
1421106179	1.82e-06
1421106240	1.82e-06
1421106300	1.82e-06
1421106361	1.82e-06
1421106421	1.82e-06
1421106482	1.82e-06
1421106542	1.82e-06
1421106603	1.82e-06
1421106664	1.82e-06
1421106724	1.82e-06
1421106785	1.82e-06
1421106845	1.81e-06
1421106906	1.81e-06
1421106966	1.81e-06
1421107027	1.81e-06
1421107087	1.81e-06
1421107148	1.81e-06
1421107208	1.81e-06
1421107269	1.81e-06
1421107329	1.81e-06
1421107390	1.81e-06
1421107450	1.81e-06
1421107511	1.81e-06
1421107571	1.81e-06
1421107632	1.81e-06
1421107692	1.81e-06
1421107753	1.81e-06
1421107813	1.81e-06
1421107874	1.81e-06
1421107934	1.81e-06
1421107995	1.81e-06
1421108055	1.81e-06
1421108116	1.8e-06
1421108176	1.8e-06
1421108237	1.8e-06
1421108297	1.8e-06
1421108358	1.8e-06
1421108418	1.8e-06
1421108479	1.8e-06
1421108540	1.8e-06
1421108600	1.8e-06
1421108661	1.8e-06
1421108721	1.8e-06
1421108782	1.8e-06
1421108842	1.8e-06
1421108903	1.8e-06
1421108963	1.8e-06
1421109024	1.8e-06
1421109084	1.8e-06
1421109145	1.8e-06
1421109206	1.8e-06
1421109266	1.8e-06
1421109327	1.8e-06
1421109387	1.8e-06
1421109448	1.79e-06
1421109508	1.79e-06
1421109569	1.79e-06
1421109629	1.79e-06
1421109690	1.79e-06
1421109750	1.79e-06
1421109811	1.79e-06
1421109871	1.79e-06
1421109932	1.79e-06
1421109992	1.79e-06
1421110053	1.79e-06
1421110114	1.79e-06
1421110174	1.79e-06
1421110235	1.79e-06
1421110295	1.79e-06
1421110356	1.79e-06
1421110416	1.79e-06
1421110477	1.79e-06
1421110537	1.79e-06
1421110598	1.79e-06
1421110658	1.79e-06
1421110719	1.78e-06
1421110779	1.78e-06
1421110840	1.78e-06
1421110900	1.78e-06
1421110961	1.78e-06
1421111021	1.78e-06
1421111082	1.78e-06
1421111142	1.78e-06
1421111203	1.78e-06
1421111263	1.78e-06
1421111324	1.78e-06
1421111385	1.78e-06
1421111445	1.78e-06
1421111506	1.78e-06
1421111566	1.78e-06
1421111627	1.78e-06
1421111687	1.78e-06
1421111748	1.78e-06
1421111808	1.78e-06
1421111869	1.78e-06
1421111929	1.78e-06
1421111990	1.78e-06
1421112050	1.78e-06
1421112111	1.77e-06
1421112172	1.77e-06
1421112232	1.77e-06
1421112293	1.77e-06
1421112353	1.77e-06
1421112414	1.77e-06
1421112474	1.77e-06
1421112535	1.77e-06
1421112595	1.77e-06
1421112656	1.77e-06
1421112716	1.77e-06
1421112777	1.77e-06
1421112837	1.77e-06
1421112898	1.77e-06
1421112959	1.77e-06
1421113019	1.77e-06
1421113080	1.77e-06
1421113140	1.77e-06
1421113201	1.77e-06
1421113261	1.77e-06
1421113322	1.77e-06
1421113382	1.77e-06
1421113443	1.76e-06
1421113503	1.76e-06
1421113564	1.76e-06
1421113624	1.76e-06
1421113685	1.76e-06
1421113745	1.76e-06
1421113806	1.76e-06
1421113866	1.76e-06
1421113927	1.76e-06
1421113988	1.76e-06
1421114048	1.76e-06
1421114109	1.76e-06
1421114169	1.76e-06
1421114230	1.76e-06
1421114290	1.76e-06
1421114351	1.76e-06
1421114411	1.76e-06
1421114472	1.76e-06
1421114532	1.76e-06
1421114593	1.76e-06
1421114653	1.76e-06
1421114714	1.76e-06
1421114775	1.75e-06
1421114835	1.76e-06
1421114896	1.75e-06
1421114956	1.75e-06
1421115017	1.75e-06
1421115077	1.75e-06
1421115138	1.75e-06
1421115198	1.75e-06
1421115259	1.75e-06
1421115319	1.75e-06
1421115380	1.75e-06
1421115440	1.75e-06
1421115501	1.75e-06
1421115561	1.75e-06
1421115622	1.75e-06
1421115683	1.75e-06
1421115743	1.75e-06
1421115804	1.75e-06
1421115864	1.75e-06
1421115925	1.75e-06
1421115985	1.75e-06
1421116046	1.75e-06
1421116106	1.75e-06
1421116167	1.75e-06
1421116227	1.74e-06
1421116288	1.74e-06
1421116348	1.74e-06
1421116409	1.74e-06
1421116470	1.74e-06
1421116530	1.74e-06
1421116591	1.74e-06
1421116651	1.74e-06
1421116711	1.74e-06
1421116772	1.74e-06
1421116832	1.74e-06
1421116893	1.74e-06
1421116954	1.74e-06
1421117014	1.74e-06
1421117075	1.74e-06
1421117135	1.74e-06
1421117196	1.74e-06
1421117256	1.74e-06
1421117317	1.74e-06
1421117377	1.74e-06
1421117438	1.74e-06
1421117498	1.74e-06
1421117559	1.74e-06
1421117619	1.74e-06
1421117680	1.74e-06
1421117740	1.73e-06
1421117801	1.73e-06
1421117861	1.73e-06
1421117922	1.73e-06
1421117982	1.73e-06
1421118043	1.73e-06
1421118103	1.73e-06
1421118164	1.73e-06
1421118224	1.73e-06
1421118285	1.73e-06
1421118345	1.73e-06
1421118405	1.73e-06
1421118466	1.73e-06
1421118527	1.73e-06
1421118587	1.73e-06
1421118647	1.73e-06
1421118708	1.73e-06
1421118768	1.73e-06
1421118829	1.73e-06
1421118889	1.73e-06
1421118950	1.73e-06
1421119011	1.73e-06
1421119071	1.73e-06
1421119132	1.73e-06
1421119192	1.72e-06
1421119253	1.73e-06
1421119313	1.72e-06
1421119374	1.72e-06
1421119434	1.72e-06
1421119495	1.72e-06
1421119555	1.72e-06
1421119616	1.72e-06
1421119676	1.72e-06
1421119737	1.72e-06
1421119798	1.72e-06
1421119858	1.72e-06
1421119919	1.72e-06
1421119979	1.72e-06
1421120040	1.72e-06
1421120100	1.72e-06
1421120161	1.72e-06
1421120221	1.72e-06
1421120282	1.72e-06
1421120342	1.72e-06
1421120403	1.72e-06
1421120463	1.72e-06
1421120524	1.72e-06
1421120584	1.72e-06
1421120645	1.72e-06
1421120706	1.72e-06
1421120766	1.71e-06
1421120827	1.71e-06
1421120887	1.71e-06
1421120948	1.71e-06
1421121008	1.71e-06
1421121069	1.71e-06
1421121129	1.71e-06
1421121190	1.71e-06
1421121250	1.71e-06
1421121311	1.71e-06
1421121371	1.71e-06
1421121432	1.71e-06
1421121492	1.71e-06
1421121553	1.71e-06
1421121614	1.71e-06
1421121674	1.71e-06
1421121735	1.71e-06
1421121795	1.71e-06
1421121856	1.71e-06
1421121916	1.71e-06
1421121977	1.71e-06
1421122037	1.71e-06
1421122098	1.71e-06
1421122158	1.71e-06
1421122219	1.71e-06
1421122280	1.71e-06
1421122340	1.7e-06
1421122401	1.7e-06
1421122461	1.7e-06
1421122522	1.7e-06
1421122582	1.7e-06
1421122643	1.7e-06
1421122703	1.7e-06
1421122764	1.7e-06
1421122824	1.7e-06
1421122885	1.7e-06
1421122946	1.7e-06
1421123006	1.7e-06
1421123067	1.7e-06
1421123127	1.7e-06
1421123188	1.7e-06
1421123248	1.7e-06
1421123309	1.7e-06
1421123369	1.7e-06
1421123430	1.7e-06
1421123490	1.7e-06
1421123551	1.7e-06
1421123611	1.7e-06
1421123672	1.7e-06
1421123732	1.7e-06
1421123793	1.7e-06
1421123854	1.7e-06
1421123914	1.7e-06
1421123975	1.69e-06
1421124035	1.7e-06
1421124096	1.69e-06
1421124156	1.69e-06
1421124217	1.69e-06
1421124277	1.69e-06
1421124338	1.69e-06
1421124398	1.69e-06
1421124459	1.69e-06
1421124519	1.69e-06
1421124580	1.69e-06
1421124640	1.69e-06
1421124701	1.69e-06
1421124762	1.69e-06
1421124822	1.69e-06
1421124883	1.69e-06
1421124943	1.69e-06
1421125004	1.69e-06
1421125064	1.69e-06
1421125124	1.69e-06
1421125185	1.69e-06
1421125245	1.69e-06
1421125306	1.69e-06
1421125367	1.69e-06
1421125427	1.69e-06
1421125488	1.69e-06
1421125548	1.69e-06
1421125608	1.69e-06
1421125669	1.68e-06
1421125730	1.68e-06
1421125790	1.68e-06
1421125851	1.68e-06
1421125911	1.68e-06
1421125972	1.68e-06
1421126032	1.68e-06
1421126093	1.68e-06
1421126153	1.68e-06
1421126214	1.68e-06
1421126274	1.68e-06
1421126335	1.68e-06
1421126395	1.68e-06
1421126456	1.68e-06
1421126516	1.68e-06
1421126577	1.68e-06
1421126638	1.68e-06
1421126698	1.68e-06
1421126759	1.68e-06
1421126819	1.68e-06
1421126880	1.68e-06
1421126940	1.68e-06
1421127001	1.68e-06
1421127061	1.68e-06
1421127122	1.68e-06
1421127182	1.68e-06
1421127243	1.68e-06
1421127303	1.68e-06
1421127364	1.67e-06
1421127424	1.67e-06
1421127485	1.67e-06
1421127546	1.67e-06
1421127606	1.67e-06
1421127667	1.67e-06
1421127727	1.67e-06
1421127788	1.67e-06
1421127848	1.67e-06
1421127909	1.67e-06
1421127969	1.67e-06
1421128030	1.67e-06
1421128090	1.67e-06
1421128151	1.67e-06
1421128211	1.67e-06
1421128272	1.67e-06
1421128332	1.67e-06
1421128393	1.67e-06
1421128454	1.67e-06
1421128514	1.67e-06
1421128575	1.67e-06
1421128635	1.67e-06
1421128696	1.67e-06
1421128756	1.67e-06
1421128817	1.67e-06
1421128877	1.67e-06
1421128938	1.67e-06
1421128998	1.67e-06
1421129058	1.66e-06
1421129119	1.66e-06
1421129179	1.66e-06
1421129240	1.66e-06
1421129300	1.66e-06
1421129361	1.66e-06
1421129421	1.66e-06
1421129482	1.66e-06
1421129542	1.66e-06
1421129603	1.66e-06
1421129663	1.66e-06
1421129724	1.66e-06
1421129784	1.66e-06
1421129845	1.66e-06
1421129906	1.66e-06
1421129966	1.66e-06
1421130026	1.66e-06
1421130087	1.66e-06
1421130147	1.66e-06
1421130208	1.66e-06
1421130268	1.66e-06
1421130329	1.66e-06
1421130390	1.66e-06
1421130450	1.66e-06
1421130511	1.66e-06
1421130571	1.66e-06
1421130632	1.66e-06
1421130692	1.66e-06
1421130753	1.66e-06
1421130813	1.65e-06
1421130874	1.66e-06
1421130934	1.65e-06
1421130995	1.65e-06
1421131055	1.65e-06
1421131116	1.65e-06
1421131176	1.65e-06
1421131237	1.65e-06
1421131297	1.65e-06
1421131358	1.65e-06
1421131418	1.65e-06
1421131479	1.65e-06
1421131539	1.65e-06
1421131600	1.65e-06
1421131660	1.65e-06
1421131721	1.65e-06
1421131781	1.65e-06
1421131842	1.65e-06
1421131902	1.65e-06
1421131963	1.65e-06
1421132023	1.65e-06
1421132084	1.65e-06
1421132144	1.65e-06
1421132205	1.65e-06
1421132265	1.65e-06
1421132326	1.65e-06
1421132386	1.65e-06
1421132447	1.64e-06
1421132507	1.64e-06
1421132568	1.64e-06
1421132628	1.64e-06
1421132689	1.64e-06
1421132749	1.64e-06
1421132810	1.64e-06
1421132871	1.64e-06
1421132931	1.64e-06
1421132992	1.64e-06
1421133052	1.64e-06
1421133113	1.64e-06
1421133173	1.64e-06
1421133234	1.64e-06
1421133294	1.64e-06
1421133355	1.64e-06
1421133415	1.64e-06
1421133476	1.64e-06
1421133536	1.64e-06
1421133597	1.64e-06
1421133657	1.64e-06
1421133718	1.64e-06
1421133779	1.64e-06
1421133839	1.64e-06
1421133900	1.64e-06
1421133960	1.64e-06
1421134021	1.64e-06
1421134081	1.64e-06
1421134142	1.64e-06
1421134202	1.63e-06
1421134263	1.63e-06
1421134323	1.63e-06
1421134384	1.63e-06
1421134444	1.63e-06
1421134504	1.63e-06
1421134565	1.63e-06
1421134626	1.63e-06
1421134686	1.63e-06
1421134747	1.63e-06
1421134807	1.63e-06
1421134868	1.63e-06
1421134928	1.63e-06
1421134989	1.63e-06
1421135049	1.63e-06
1421135110	1.63e-06
1421135170	1.63e-06
1421135231	1.63e-06
1421135291	1.63e-06
1421135352	1.63e-06
1421135412	1.63e-06
1421135473	1.63e-06
1421135533	1.63e-06
1421135594	1.63e-06
1421135654	1.63e-06
1421135715	1.63e-06
1421135775	1.63e-06
1421135836	1.63e-06
1421135896	1.62e-06
1421135957	1.62e-06
1421136018	1.62e-06
1421136078	1.62e-06
1421136139	1.62e-06
1421136199	1.62e-06
1421136260	1.62e-06
1421136320	1.62e-06
1421136381	1.62e-06
1421136441	1.62e-06
1421136502	1.62e-06
1421136562	1.62e-06
1421136623	1.62e-06
1421136683	1.62e-06
1421136744	1.62e-06
1421136804	1.62e-06
1421136865	1.62e-06
1421136925	1.62e-06
1421136986	1.62e-06
1421137047	1.62e-06
1421137107	1.62e-06
1421137168	1.62e-06
1421137228	1.62e-06
1421137289	1.62e-06
1421137349	1.62e-06
1421137410	1.61e-06
1421137470	1.61e-06
1421137531	1.61e-06
1421137591	1.61e-06
1421137652	1.61e-06
1421137712	1.61e-06
1421137773	1.61e-06
1421137833	1.61e-06
1421137894	1.61e-06
1421137955	1.61e-06
1421138015	1.61e-06
1421138076	1.61e-06
1421138136	1.61e-06
1421138197	1.61e-06
1421138257	1.61e-06
1421138318	1.61e-06
1421138378	1.61e-06
1421138439	1.61e-06
1421138499	1.61e-06
1421138560	1.61e-06
1421138620	1.61e-06
1421138681	1.61e-06
1421138741	1.61e-06
1421138802	1.61e-06
1421138863	1.61e-06
1421138923	1.61e-06
1421138984	1.61e-06
1421139044	1.61e-06
1421139105	1.6e-06
1421139165	1.6e-06
1421139226	1.6e-06
1421139286	1.6e-06
1421139347	1.6e-06
1421139407	1.6e-06
1421139468	1.6e-06
1421139528	1.6e-06
1421139589	1.6e-06
1421139650	1.6e-06
1421139710	1.6e-06
1421139771	1.6e-06
1421139831	1.6e-06
1421139892	1.6e-06
1421139952	1.6e-06
1421140012	1.6e-06
1421140073	1.6e-06
1421140134	1.6e-06
1421140194	1.6e-06
1421140255	1.6e-06
1421140315	1.6e-06
1421140376	1.6e-06
1421140436	1.6e-06
1421140497	1.6e-06
1421140557	1.6e-06
1421140618	1.6e-06
1421140678	1.6e-06
1421140739	1.6e-06
1421140799	1.6e-06
1421140860	1.6e-06
1421140921	1.59e-06
1421140981	1.59e-06
1421141042	1.59e-06
1421141102	1.59e-06
1421141163	1.59e-06
1421141223	1.59e-06
1421141284	1.59e-06
1421141344	1.59e-06
1421141405	1.59e-06
1421141465	1.59e-06
1421141526	1.59e-06
1421141586	1.59e-06
1421141647	1.59e-06
1421141707	1.59e-06
1421141768	1.59e-06
1421141829	1.59e-06
1421141889	1.59e-06
1421141950	1.59e-06
1421142010	1.59e-06
1421142071	1.59e-06
1421142131	1.59e-06
1421142192	1.59e-06
1421142252	1.59e-06
1421142313	1.59e-06
1421142373	1.59e-06
1421142434	1.59e-06
1421142495	1.59e-06
1421142555	1.59e-06
1421142616	1.59e-06
1421142676	1.59e-06
1421142737	1.59e-06
1421142797	1.58e-06
1421142858	1.59e-06
1421142918	1.58e-06
1421142979	1.58e-06
1421143039	1.58e-06
1421143100	1.58e-06
1421143160	1.58e-06
1421143221	1.58e-06
1421143281	1.58e-06
1421143342	1.58e-06
1421143403	1.58e-06
1421143463	1.58e-06
1421143524	1.58e-06
1421143584	1.58e-06
1421143645	1.58e-06
1421143705	1.58e-06
1421143766	1.58e-06
1421143826	1.58e-06
1421143887	1.58e-06
1421143947	1.58e-06
1421144008	1.58e-06
1421144068	1.58e-06
1421144129	1.58e-06
1421144190	1.58e-06
1421144250	1.58e-06
1421144311	1.58e-06
1421144371	1.58e-06
1421144432	1.58e-06
1421144492	1.58e-06
1421144553	1.58e-06
1421144613	1.57e-06
1421144674	1.57e-06
1421144734	1.57e-06
1421144795	1.57e-06
1421144855	1.57e-06
1421144916	1.57e-06
1421144976	1.57e-06
1421145037	1.57e-06
1421145097	1.57e-06
1421145158	1.57e-06
1421145218	1.57e-06
1421145279	1.57e-06
1421145339	1.57e-06
1421145400	1.57e-06
1421145460	1.57e-06
1421145521	1.57e-06
1421145581	1.57e-06
1421145642	1.57e-06
1421145702	1.57e-06
1421145763	1.57e-06
1421145823	1.57e-06
1421145884	1.57e-06
1421145944	1.57e-06
1421146005	1.57e-06
1421146065	1.57e-06
1421146126	1.57e-06
1421146186	1.57e-06
1421146247	1.57e-06
1421146307	1.56e-06
1421146368	1.56e-06
1421146428	1.56e-06
1421146489	1.56e-06
1421146550	1.56e-06
1421146610	1.56e-06
1421146671	1.56e-06
1421146731	1.56e-06
1421146792	1.56e-06
1421146852	1.56e-06
1421146913	1.56e-06
1421146973	1.56e-06
1421147034	1.56e-06
1421147094	1.56e-06
1421147155	1.56e-06
1421147215	1.56e-06
1421147276	1.56e-06
1421147336	1.56e-06
1421147397	1.56e-06
1421147457	1.56e-06
1421147518	1.56e-06
1421147578	1.56e-06
1421147639	1.56e-06
1421147699	1.56e-06
1421147760	1.56e-06
1421147820	1.56e-06
1421147881	1.56e-06
1421147941	1.56e-06
1421148002	1.56e-06
1421148062	1.56e-06
1421148123	1.55e-06
1421148183	1.55e-06
1421148244	1.55e-06
1421148304	1.55e-06
1421148365	1.55e-06
1421148425	1.55e-06
1421148486	1.55e-06
1421148546	1.55e-06
1421148607	1.55e-06
1421148667	1.55e-06
1421148728	1.55e-06
1421148788	1.55e-06
1421148849	1.55e-06
1421148909	1.55e-06
1421148970	1.55e-06
1421149031	1.55e-06
1421149091	1.55e-06
1421149152	1.55e-06
1421149212	1.55e-06
1421149273	1.55e-06
1421149333	1.55e-06
1421149394	1.55e-06
1421149454	1.55e-06
1421149515	1.55e-06
1421149575	1.55e-06
1421149636	1.55e-06
1421149696	1.55e-06
1421149757	1.55e-06
1421149817	1.55e-06
1421149878	1.54e-06
1421149938	1.54e-06
1421149999	1.54e-06
1421150059	1.54e-06
1421150120	1.54e-06
1421150180	1.54e-06
1421150241	1.54e-06
1421150301	1.54e-06
1421150362	1.54e-06
1421150422	1.54e-06
1421150483	1.54e-06
1421150543	1.54e-06
1421150604	1.54e-06
1421150665	1.54e-06
1421150725	1.54e-06
1421150786	1.54e-06
1421150846	1.54e-06
1421150906	1.54e-06
1421150967	1.54e-06
1421151027	1.54e-06
1421151088	1.54e-06
1421151148	1.54e-06
1421151209	1.54e-06
1421151269	1.54e-06
1421151330	1.54e-06
1421151390	1.54e-06
1421151451	1.54e-06
1421151511	1.53e-06
1421151572	1.54e-06
1421151632	1.53e-06
1421151693	1.53e-06
1421151753	1.53e-06
1421151814	1.53e-06
1421151874	1.53e-06
1421151935	1.53e-06
1421151995	1.53e-06
1421152056	1.53e-06
1421152116	1.53e-06
1421152177	1.53e-06
1421152237	1.53e-06
1421152298	1.53e-06
1421152358	1.53e-06
1421152419	1.53e-06
1421152479	1.53e-06
1421152540	1.53e-06
1421152600	1.53e-06
1421152661	1.53e-06
1421152721	1.53e-06
1421152782	1.53e-06
1421152842	1.53e-06
1421152903	1.53e-06
1421152963	1.53e-06
1421153024	1.53e-06
1421153085	1.53e-06
1421153145	1.53e-06
1421153206	1.53e-06
1421153266	1.53e-06
1421153327	1.52e-06
1421153387	1.52e-06
1421153448	1.52e-06
1421153508	1.52e-06
1421153569	1.52e-06
1421153629	1.52e-06
1421153690	1.52e-06
1421153750	1.52e-06
1421153811	1.52e-06
1421153872	1.52e-06
1421153932	1.52e-06
1421153992	1.52e-06
1421154053	1.52e-06
1421154114	1.52e-06
1421154174	1.52e-06
1421154234	1.52e-06
1421154295	1.52e-06
1421154356	1.52e-06
1421154416	1.52e-06
1421154477	1.52e-06
1421154537	1.52e-06
1421154598	1.52e-06
1421154658	1.52e-06
1421154719	1.52e-06
1421154779	1.52e-06
1421154840	1.52e-06
1421154900	1.52e-06
1421154961	1.52e-06
1421155021	1.52e-06
1421155082	1.52e-06
1421155142	1.52e-06
1421155203	1.51e-06
1421155263	1.51e-06
1421155324	1.51e-06
1421155384	1.51e-06
1421155445	1.51e-06
1421155506	1.51e-06
1421155566	1.51e-06
1421155627	1.51e-06
1421155687	1.51e-06
1421155748	1.51e-06
1421155808	1.51e-06
1421155869	1.51e-06
1421155929	1.51e-06
1421155990	1.51e-06
1421156050	1.51e-06
1421156111	1.51e-06
1421156171	1.51e-06
1421156232	1.51e-06
1421156292	1.51e-06
1421156353	1.51e-06
1421156413	1.51e-06
1421156474	1.51e-06
1421156534	1.51e-06
1421156595	1.51e-06
1421156655	1.51e-06
1421156716	1.51e-06
1421156776	1.51e-06
1421156837	1.51e-06
1421156898	1.51e-06
1421156958	1.51e-06
1421157019	1.51e-06
1421157079	1.51e-06
1421157140	1.5e-06
1421157200	1.5e-06
1421157261	1.5e-06
1421157321	1.5e-06
1421157382	1.5e-06
1421157442	1.5e-06
1421157503	1.5e-06
1421157563	1.5e-06
1421157624	1.5e-06
1421157684	1.5e-06
1421157745	1.5e-06
1421157805	1.5e-06
1421157866	1.5e-06
1421157926	1.5e-06
1421157987	1.5e-06
1421158047	1.5e-06
1421158108	1.5e-06
1421158168	1.5e-06
1421158229	1.5e-06
1421158289	1.5e-06
1421158350	1.5e-06
1421158411	1.5e-06
1421158471	1.5e-06
1421158532	1.5e-06
1421158592	1.5e-06
1421158653	1.5e-06
1421158713	1.5e-06
1421158774	1.5e-06
1421158834	1.5e-06
1421158895	1.5e-06
1421158955	1.5e-06
1421159016	1.49e-06
1421159077	1.49e-06
1421159137	1.49e-06
1421159198	1.49e-06
1421159258	1.49e-06
1421159319	1.49e-06
1421159379	1.49e-06
1421159440	1.49e-06
1421159500	1.49e-06
1421159561	1.49e-06
1421159621	1.49e-06
1421159682	1.49e-06
1421159742	1.49e-06
1421159803	1.49e-06
1421159863	1.49e-06
1421159924	1.49e-06
1421159985	1.49e-06
1421160045	1.49e-06
1421160106	1.49e-06
1421160166	1.49e-06
1421160227	1.49e-06
1421160287	1.49e-06
1421160348	1.49e-06
1421160408	1.49e-06
1421160469	1.49e-06
1421160529	1.49e-06
1421160590	1.49e-06
1421160650	1.49e-06
1421160711	1.49e-06
1421160771	1.48e-06
1421160832	1.48e-06
1421160892	1.48e-06
1421160953	1.48e-06
1421161013	1.48e-06
1421161074	1.48e-06
1421161134	1.48e-06
1421161195	1.48e-06
1421161255	1.48e-06
1421161316	1.48e-06
1421161377	1.48e-06
1421161437	1.48e-06
1421161498	1.48e-06
1421161558	1.48e-06
1421161619	1.48e-06
1421161679	1.48e-06
1421161740	1.48e-06
1421161800	1.48e-06
1421161861	1.48e-06
1421161921	1.48e-06
1421161982	1.48e-06
1421162042	1.48e-06
1421162103	1.48e-06
1421162164	1.48e-06
1421162224	1.48e-06
1421162285	1.48e-06
1421162345	1.48e-06
1421162406	1.48e-06
1421162466	1.48e-06
1421162527	1.48e-06
1421162587	1.48e-06
1421162648	1.48e-06
1421162708	1.47e-06
1421162769	1.47e-06
1421162830	1.47e-06
1421162890	1.47e-06
1421162951	1.47e-06
1421163011	1.47e-06
1421163072	1.47e-06
1421163132	1.47e-06
1421163193	1.47e-06
1421163253	1.47e-06
1421163314	1.47e-06
1421163374	1.47e-06
1421163435	1.47e-06
1421163495	1.47e-06
1421163556	1.47e-06
1421163616	1.47e-06
1421163677	1.47e-06
1421163737	1.47e-06
1421163798	1.47e-06
1421163858	1.47e-06
1421163919	1.47e-06
1421163979	1.47e-06
1421164040	1.47e-06
1421164100	1.47e-06
1421164161	1.47e-06
1421164221	1.47e-06
1421164282	1.47e-06
1421164342	1.46e-06
1421164403	1.47e-06
1421164463	1.46e-06
1421164524	1.46e-06
1421164584	1.46e-06
1421164645	1.46e-06
1421164705	1.46e-06
1421164766	1.46e-06
1421164826	1.46e-06
1421164887	1.46e-06
1421164947	1.46e-06
1421165008	1.46e-06
1421165069	1.46e-06
1421165129	1.46e-06
1421165190	1.46e-06
1421165250	1.46e-06
1421165311	1.46e-06
1421165371	1.46e-06
1421165432	1.46e-06
1421165492	1.46e-06
1421165553	1.46e-06
1421165613	1.46e-06
1421165674	1.46e-06
1421165734	1.46e-06
1421165795	1.46e-06
1421165855	1.46e-06
1421165916	1.46e-06
1421165976	1.46e-06
1421166037	1.46e-06
1421166097	1.46e-06
1421166158	1.45e-06
1421166218	1.45e-06
1421166279	1.45e-06
1421166339	1.45e-06
1421166400	1.45e-06
1421166460	1.45e-06
1421166521	1.45e-06
1421166581	1.45e-06
1421166642	1.45e-06
1421166702	1.45e-06
1421166763	1.45e-06
1421166823	1.45e-06
1421166884	1.45e-06
1421166944	1.45e-06
1421167005	1.45e-06
1421167065	1.45e-06
1421167126	1.45e-06
1421167187	1.45e-06
1421167247	1.45e-06
1421167308	1.45e-06
1421167368	1.45e-06
1421167429	1.45e-06
1421167489	1.45e-06
1421167550	1.45e-06
1421167610	1.45e-06
1421167671	1.45e-06
1421167731	1.45e-06
1421167792	1.45e-06
1421167853	1.45e-06
1421167913	1.45e-06
1421167974	1.44e-06
1421168034	1.44e-06
1421168095	1.44e-06
1421168155	1.44e-06
1421168216	1.44e-06
1421168276	1.44e-06
1421168337	1.44e-06
1421168397	1.44e-06
1421168458	1.44e-06
1421168518	1.44e-06
1421168579	1.44e-06
1421168639	1.44e-06
1421168700	1.44e-06
1421168760	1.44e-06
1421168821	1.44e-06
1421168881	1.44e-06
1421168942	1.44e-06
1421169003	1.44e-06
1421169063	1.44e-06
1421169124	1.44e-06
1421169184	1.44e-06
1421169245	1.44e-06
1421169305	1.44e-06
1421169366	1.44e-06
1421169426	1.44e-06
1421169487	1.44e-06
1421169547	1.44e-06
1421169608	1.44e-06
1421169668	1.44e-06
1421169729	1.43e-06
1421169790	1.43e-06
1421169850	1.43e-06
1421169911	1.43e-06
1421169971	1.43e-06
1421170032	1.43e-06
1421170092	1.43e-06
1421170153	1.43e-06
1421170213	1.43e-06
1421170274	1.43e-06
1421170334	1.43e-06
1421170395	1.43e-06
1421170455	1.43e-06
1421170516	1.43e-06
1421170576	1.43e-06
1421170637	1.43e-06
1421170698	1.43e-06
1421170758	1.43e-06
1421170818	1.43e-06
1421170879	1.43e-06
1421170939	1.43e-06
1421171000	1.43e-06
1421171061	1.43e-06
1421171121	1.43e-06
1421171182	1.43e-06
1421171242	1.43e-06
1421171303	1.43e-06
1421171363	1.42e-06
1421171424	1.42e-06
1421171484	1.42e-06
1421171545	1.42e-06
1421171605	1.42e-06
1421171666	1.42e-06
1421171726	1.42e-06
1421171787	1.42e-06
1421171848	1.42e-06
1421171908	1.42e-06
1421171969	1.42e-06
1421172029	1.42e-06
1421172090	1.42e-06
1421172150	1.42e-06
1421172211	1.42e-06
1421172271	1.42e-06
1421172332	1.42e-06
1421172392	1.42e-06
1421172453	1.42e-06
1421172513	1.42e-06
1421172574	1.42e-06
1421172634	1.42e-06
1421172695	1.42e-06
1421172755	1.42e-06
1421172816	1.42e-06
1421172877	1.42e-06
1421172937	1.42e-06
1421172998	1.42e-06
1421173058	1.42e-06
1421173119	1.42e-06
1421173179	1.42e-06
1421173240	1.41e-06
1421173300	1.41e-06
1421173361	1.41e-06
1421173421	1.41e-06
1421173482	1.41e-06
1421173542	1.41e-06
1421173603	1.41e-06
1421173663	1.41e-06
1421173724	1.41e-06
1421173784	1.41e-06
1421173845	1.41e-06
1421173906	1.41e-06
1421173966	1.41e-06
1421174027	1.41e-06
1421174087	1.41e-06
1421174148	1.41e-06
1421174208	1.41e-06
1421174269	1.41e-06
1421174329	1.41e-06
1421174390	1.41e-06
1421174450	1.41e-06
1421174511	1.41e-06
1421174572	1.41e-06
1421174632	1.41e-06
1421174693	1.41e-06
1421174753	1.41e-06
1421174814	1.41e-06
1421174874	1.41e-06
1421174935	1.4e-06
1421174995	1.4e-06
1421175056	1.4e-06
1421175116	1.4e-06
1421175177	1.4e-06
1421175237	1.4e-06
1421175298	1.4e-06
1421175358	1.4e-06
1421175419	1.4e-06
1421175480	1.4e-06
1421175540	1.4e-06
1421175601	1.4e-06
1421175661	1.4e-06
1421175722	1.4e-06
1421175782	1.4e-06
1421175843	1.4e-06
1421175903	1.4e-06
1421175964	1.4e-06
1421176024	1.4e-06
1421176085	1.4e-06
1421176145	1.4e-06
1421176206	1.4e-06
1421176266	1.4e-06
1421176327	1.4e-06
1421176387	1.4e-06
1421176448	1.4e-06
1421176508	1.4e-06
1421176569	1.4e-06
1421176629	1.4e-06
1421176690	1.4e-06
1421176750	1.39e-06
1421176811	1.39e-06
1421176872	1.39e-06
1421176932	1.39e-06
1421176993	1.39e-06
1421177053	1.39e-06
1421177114	1.39e-06
1421177174	1.39e-06
1421177235	1.39e-06
1421177295	1.39e-06
1421177356	1.39e-06
1421177416	1.39e-06
1421177477	1.39e-06
1421177537	1.39e-06
1421177598	1.39e-06
1421177659	1.39e-06
1421177719	1.39e-06
1421177780	1.39e-06
1421177840	1.39e-06
1421177901	1.39e-06
1421177961	1.39e-06
1421178022	1.39e-06
1421178082	1.39e-06
1421178143	1.39e-06
1421178203	1.39e-06
1421178264	1.39e-06
1421178325	1.39e-06
1421178385	1.39e-06
1421178446	1.39e-06
1421178506	1.39e-06
1421178567	1.39e-06
1421178627	1.39e-06
1421178688	1.38e-06
1421178748	1.38e-06
1421178809	1.38e-06
1421178869	1.38e-06
1421178930	1.38e-06
1421178991	1.38e-06
1421179051	1.38e-06
1421179112	1.38e-06
1421179172	1.38e-06
1421179233	1.38e-06
1421179293	1.38e-06
1421179354	1.38e-06
1421179414	1.38e-06
1421179475	1.38e-06
1421179535	1.38e-06
1421179596	1.38e-06
1421179656	1.38e-06
1421179717	1.38e-06
1421179778	1.38e-06
1421179838	1.38e-06
1421179899	1.38e-06
1421179959	1.38e-06
1421180020	1.38e-06
1421180080	1.38e-06
1421180141	1.38e-06
1421180201	1.38e-06
1421180262	1.38e-06
1421180322	1.37e-06
1421180383	1.37e-06
1421180443	1.37e-06
1421180504	1.37e-06
1421180565	1.37e-06
1421180625	1.37e-06
1421180686	1.37e-06
1421180746	1.37e-06
1421180807	1.37e-06
1421180867	1.37e-06
1421180928	1.37e-06
1421180988	1.37e-06
1421181049	1.37e-06
1421181109	1.37e-06
1421181170	1.37e-06
1421181230	1.37e-06
1421181291	1.37e-06
1421181351	1.37e-06
1421181412	1.37e-06
1421181472	1.37e-06
1421181533	1.37e-06
1421181593	1.37e-06
1421181654	1.37e-06
1421181715	1.37e-06
1421181775	1.37e-06
1421181836	1.37e-06
1421181896	1.37e-06
1421181957	1.37e-06
1421182017	1.37e-06
1421182078	1.37e-06
1421182138	1.37e-06
1421182199	1.37e-06
1421182259	1.36e-06
1421182320	1.36e-06
1421182380	1.36e-06
1421182441	1.36e-06
1421182501	1.36e-06
1421182562	1.36e-06
1421182622	1.36e-06
1421182683	1.36e-06
1421182743	1.36e-06
1421182804	1.36e-06
1421182865	1.36e-06
1421182925	1.36e-06
1421182986	1.36e-06
1421183046	1.36e-06
1421183107	1.36e-06
1421183167	1.36e-06
1421183228	1.36e-06
1421183288	1.36e-06
1421183349	1.36e-06
1421183409	1.36e-06
1421183470	1.36e-06
1421183530	1.36e-06
1421183591	1.36e-06
1421183651	1.36e-06
1421183712	1.36e-06
1421183773	1.36e-06
1421183833	1.36e-06
1421183894	1.36e-06
1421183954	1.36e-06
1421184015	1.36e-06
1421184075	1.36e-06
1421184136	1.36e-06
1421184196	1.35e-06
1421184257	1.35e-06
1421184317	1.35e-06
1421184378	1.35e-06
1421184438	1.35e-06
1421184499	1.35e-06
1421184560	1.35e-06
1421184620	1.35e-06
1421184681	1.35e-06
1421184741	1.35e-06
1421184802	1.35e-06
1421184862	1.35e-06
1421184923	1.35e-06
1421184983	1.35e-06
1421185044	1.35e-06
1421185104	1.35e-06
1421185165	1.35e-06
1421185225	1.35e-06
1421185286	1.35e-06
1421185346	1.35e-06
1421185407	1.35e-06
1421185467	1.35e-06
1421185528	1.35e-06
1421185588	1.35e-06
1421185649	1.35e-06
1421185709	1.35e-06
1421185770	1.35e-06
1421185831	1.35e-06
1421185891	1.35e-06
1421185952	1.35e-06
1421186012	1.34e-06
1421186073	1.34e-06
1421186133	1.34e-06
1421186194	1.34e-06
1421186254	1.34e-06
1421186315	1.34e-06
1421186375	1.34e-06
1421186436	1.34e-06
1421186496	1.34e-06
1421186557	1.34e-06
1421186618	1.34e-06
1421186678	1.34e-06
1421186738	1.34e-06
1421186799	1.34e-06
1421186859	1.34e-06
1421186920	1.34e-06
1421186980	1.34e-06
1421187041	1.34e-06
1421187101	1.34e-06
1421187162	1.34e-06
1421187222	1.34e-06
1421187283	1.34e-06
1421187343	1.34e-06
1421187404	1.34e-06
1421187464	1.34e-06
1421187525	1.34e-06
1421187585	1.34e-06
1421187646	1.34e-06
1421187706	1.34e-06
1421187767	1.34e-06
1421187827	1.34e-06
1421187888	1.34e-06
1421187948	1.33e-06
1421188009	1.33e-06
1421188069	1.33e-06
1421188130	1.33e-06
1421188190	1.33e-06
1421188251	1.33e-06
1421188311	1.33e-06
1421188372	1.33e-06
1421188432	1.33e-06
1421188493	1.33e-06
1421188553	1.33e-06
1421188614	1.33e-06
1421188674	1.33e-06
1421188735	1.33e-06
1421188795	1.33e-06
1421188856	1.33e-06
1421188917	1.33e-06
1421188977	1.33e-06
1421189038	1.33e-06
1421189098	1.33e-06
1421189159	1.33e-06
1421189219	1.33e-06
1421189280	1.33e-06
1421189340	1.33e-06
1421189401	1.33e-06
1421189461	1.33e-06
1421189522	1.33e-06
1421189583	1.33e-06
1421189643	1.33e-06
1421189704	1.33e-06
1421189764	1.33e-06
1421189825	1.32e-06
1421189885	1.32e-06
1421189946	1.32e-06
1421190006	1.32e-06
1421190067	1.32e-06
1421190127	1.32e-06
1421190188	1.32e-06
1421190249	1.32e-06
1421190309	1.32e-06
1421190370	1.32e-06
1421190430	1.32e-06
1421190491	1.32e-06
1421190551	1.32e-06
1421190612	1.32e-06
1421190672	1.32e-06
1421190733	1.32e-06
1421190793	1.32e-06
1421190854	1.32e-06
1421190915	1.32e-06
1421190975	1.32e-06
1421191036	1.32e-06
1421191096	1.32e-06
1421191157	1.32e-06
1421191217	1.32e-06
1421191278	1.32e-06
1421191338	1.32e-06
1421191399	1.32e-06
1421191459	1.32e-06
1421191520	1.32e-06
1421191580	1.32e-06
1421191641	1.32e-06
1421191702	1.32e-06
1421191762	1.32e-06
1421191823	1.32e-06
1421191883	1.31e-06
1421191944	1.31e-06
1421192004	1.31e-06
1421192065	1.31e-06
1421192125	1.31e-06
1421192186	1.31e-06
1421192246	1.31e-06
1421192307	1.31e-06
1421192367	1.31e-06
1421192428	1.31e-06
1421192489	1.31e-06
1421192549	1.31e-06
1421192610	1.31e-06
1421192670	1.31e-06
1421192731	1.31e-06
1421192791	1.31e-06
1421192852	1.31e-06
1421192912	1.31e-06
1421192973	1.31e-06
1421193033	1.31e-06
1421193094	1.31e-06
1421193154	1.31e-06
1421193215	1.31e-06
1421193275	1.31e-06
1421193336	1.31e-06
1421193397	1.31e-06
1421193457	1.31e-06
1421193518	1.31e-06
1421193578	1.31e-06
1421193639	1.31e-06
1421193699	1.31e-06
1421193760	1.31e-06
1421193820	1.31e-06
1421193881	1.31e-06
1421193941	1.3e-06
1421194002	1.3e-06
1421194062	1.3e-06
1421194123	1.3e-06
1421194183	1.3e-06
1421194244	1.3e-06
1421194304	1.3e-06
1421194365	1.3e-06
1421194425	1.3e-06
1421194486	1.3e-06
1421194546	1.3e-06
1421194607	1.3e-06
1421194667	1.3e-06
1421194728	1.3e-06
1421194788	1.3e-06
1421194849	1.3e-06
1421194910	1.3e-06
1421194970	1.3e-06
1421195031	1.3e-06
1421195091	1.3e-06
1421195152	1.3e-06
1421195212	1.3e-06
1421195273	1.3e-06
1421195333	1.3e-06
1421195394	1.3e-06
1421195454	1.3e-06
1421195515	1.3e-06
1421195575	1.3e-06
1421195636	1.3e-06
1421195696	1.3e-06
1421195757	1.3e-06
1421195817	1.3e-06
1421195878	1.29e-06
1421195938	1.29e-06
1421195999	1.29e-06
1421196060	1.29e-06
1421196120	1.29e-06
1421196180	1.29e-06
1421196241	1.29e-06
1421196301	1.29e-06
1421196362	1.29e-06
1421196422	1.29e-06
1421196483	1.29e-06
1421196543	1.29e-06
1421196604	1.29e-06
1421196664	1.29e-06
1421196725	1.29e-06
1421196785	1.29e-06
1421196846	1.29e-06
1421196906	1.29e-06
1421196967	1.29e-06
1421197028	1.29e-06
1421197088	1.29e-06
1421197149	1.29e-06
1421197209	1.29e-06
1421197270	1.29e-06
1421197330	1.29e-06
1421197391	1.29e-06
1421197451	1.29e-06
1421197512	1.29e-06
1421197572	1.29e-06
1421197633	1.29e-06
1421197693	1.29e-06
1421197754	1.29e-06
1421197814	1.29e-06
1421197875	1.28e-06
1421197936	1.28e-06
1421197996	1.28e-06
1421198057	1.28e-06
1421198117	1.28e-06
1421198178	1.28e-06
1421198238	1.28e-06
1421198299	1.28e-06
1421198359	1.28e-06
1421198420	1.28e-06
1421198480	1.28e-06
1421198541	1.28e-06
1421198601	1.28e-06
1421198662	1.28e-06
1421198722	1.28e-06
1421198783	1.28e-06
1421198843	1.28e-06
1421198904	1.28e-06
1421198964	1.28e-06
1421199025	1.28e-06
1421199085	1.28e-06
1421199146	1.28e-06
1421199206	1.28e-06
1421199267	1.28e-06
1421199328	1.28e-06
1421199388	1.28e-06
1421199449	1.28e-06
1421199509	1.28e-06
1421199570	1.28e-06
1421199630	1.28e-06
1421199691	1.28e-06
1421199751	1.28e-06
1421199812	1.28e-06
1421199872	1.28e-06
1421199933	1.27e-06
1421199993	1.27e-06
1421200054	1.27e-06
1421200114	1.27e-06
1421200175	1.27e-06
1421200235	1.27e-06
1421200296	1.27e-06
1421200357	1.27e-06
1421200417	1.27e-06
1421200478	1.27e-06
1421200538	1.27e-06
1421200599	1.27e-06
1421200659	1.27e-06
1421200720	1.27e-06
1421200780	1.27e-06
1421200841	1.27e-06
1421200901	1.27e-06
1421200962	1.27e-06
1421201022	1.27e-06
1421201083	1.27e-06
1421201143	1.27e-06
1421201204	1.27e-06
1421201265	1.27e-06
1421201325	1.27e-06
1421201386	1.27e-06
1421201446	1.27e-06
1421201507	1.27e-06
1421201567	1.27e-06
1421201628	1.27e-06
1421201688	1.27e-06
1421201748	1.27e-06
1421201809	1.27e-06
1421201869	1.27e-06
1421201930	1.26e-06
1421201990	1.26e-06
1421202051	1.26e-06
1421202111	1.26e-06
1421202172	1.26e-06
1421202232	1.26e-06
1421202293	1.26e-06
1421202353	1.26e-06
1421202414	1.26e-06
1421202474	1.26e-06
1421202535	1.26e-06
1421202596	1.26e-06
1421202656	1.26e-06
1421202717	1.26e-06
1421202777	1.26e-06
1421202838	1.26e-06
1421202898	1.26e-06
1421202959	1.26e-06
1421203019	1.26e-06
1421203080	1.26e-06
1421203140	1.26e-06
1421203201	1.26e-06
1421203261	1.26e-06
1421203322	1.26e-06
1421203382	1.26e-06
1421203443	1.26e-06
1421203503	1.26e-06
1421203564	1.26e-06
1421203624	1.26e-06
1421203685	1.26e-06
1421203745	1.26e-06
1421203806	1.26e-06
1421203866	1.25e-06
1421203927	1.25e-06
1421203987	1.25e-06
1421204048	1.25e-06
1421204109	1.25e-06
1421204169	1.25e-06
1421204230	1.25e-06
1421204290	1.25e-06
1421204351	1.25e-06
1421204411	1.25e-06
1421204472	1.25e-06
1421204532	1.25e-06
1421204593	1.25e-06
1421204653	1.25e-06
1421204714	1.25e-06
1421204774	1.25e-06
1421204835	1.25e-06
1421204895	1.25e-06
1421204956	1.25e-06
1421205016	1.25e-06
1421205077	1.25e-06
1421205137	1.25e-06
1421205198	1.25e-06
1421205258	1.25e-06
1421205319	1.25e-06
1421205380	1.25e-06
1421205440	1.25e-06
1421205501	1.25e-06
1421205561	1.25e-06
1421205622	1.25e-06
1421205682	1.24e-06
1421205743	1.24e-06
1421205803	1.24e-06
1421205864	1.24e-06
1421205924	1.24e-06
1421205985	1.24e-06
1421206045	1.24e-06
1421206106	1.24e-06
1421206166	1.24e-06
1421206227	1.24e-06
1421206288	1.24e-06
1421206348	1.24e-06
1421206409	1.24e-06
1421206469	1.24e-06
1421206530	1.24e-06
1421206590	1.24e-06
1421206651	1.24e-06
1421206711	1.24e-06
1421206772	1.24e-06
1421206832	1.24e-06
1421206893	1.24e-06
1421206953	1.24e-06
1421207014	1.24e-06
1421207075	1.24e-06
1421207135	1.24e-06
1421207196	1.24e-06
1421207256	1.24e-06
1421207317	1.24e-06
1421207377	1.24e-06
1421207438	1.24e-06
1421207498	1.24e-06
1421207559	1.24e-06
1421207619	1.23e-06
1421207680	1.23e-06
1421207740	1.23e-06
1421207801	1.23e-06
1421207861	1.23e-06
1421207922	1.23e-06
1421207983	1.23e-06
1421208043	1.23e-06
1421208104	1.23e-06
1421208164	1.23e-06
1421208225	1.23e-06
1421208285	1.23e-06
1421208346	1.23e-06
1421208406	1.23e-06
1421208467	1.23e-06
1421208527	1.23e-06
1421208588	1.23e-06
1421208648	1.23e-06
1421208709	1.23e-06
1421208770	1.23e-06
1421208830	1.23e-06
1421208891	1.23e-06
1421208951	1.23e-06
1421209012	1.23e-06
1421209072	1.23e-06
1421209133	1.23e-06
1421209193	1.23e-06
1421209254	1.23e-06
1421209314	1.23e-06
1421209375	1.22e-06
1421209436	1.22e-06
1421209496	1.22e-06
1421209557	1.22e-06
1421209617	1.22e-06
1421209678	1.22e-06
1421209738	1.22e-06
1421209799	1.22e-06
1421209859	1.22e-06
1421209920	1.22e-06
1421209980	1.22e-06
1421210041	1.22e-06
1421210102	1.22e-06
1421210162	1.22e-06
1421210223	1.22e-06
1421210283	1.22e-06
1421210344	1.22e-06
1421210404	1.22e-06
1421210465	1.22e-06
1421210525	1.22e-06
1421210586	1.22e-06
1421210646	1.22e-06
1421210706	1.22e-06
1421210767	1.22e-06
1421210827	1.22e-06
1421210888	1.22e-06
1421210949	1.22e-06
1421211009	1.22e-06
1421211070	1.22e-06
1421211130	1.22e-06
1421211191	1.21e-06
1421211251	1.21e-06
1421211312	1.21e-06
1421211372	1.21e-06
1421211433	1.21e-06
1421211494	1.21e-06
1421211554	1.21e-06
1421211615	1.21e-06
1421211675	1.21e-06
1421211736	1.21e-06
1421211796	1.21e-06
1421211857	1.21e-06
1421211917	1.21e-06
1421211978	1.21e-06
1421212038	1.21e-06
1421212099	1.21e-06
1421212159	1.21e-06
1421212220	1.21e-06
1421212280	1.21e-06
1421212341	1.21e-06
1421212402	1.21e-06
1421212462	1.21e-06
1421212523	1.21e-06
1421212583	1.21e-06
1421212644	1.21e-06
1421212704	1.21e-06
1421212765	1.21e-06
1421212825	1.21e-06
1421212886	1.21e-06
1421212946	1.21e-06
1421213007	1.21e-06
1421213067	1.21e-06
1421213128	1.2e-06
1421213188	1.2e-06
1421213249	1.2e-06
1421213309	1.2e-06
1421213370	1.2e-06
1421213430	1.2e-06
1421213491	1.2e-06
1421213551	1.2e-06
1421213612	1.2e-06
1421213673	1.2e-06
1421213733	1.2e-06
1421213794	1.2e-06
1421213854	1.2e-06
1421213915	1.2e-06
1421213975	1.2e-06
1421214036	1.2e-06
1421214096	1.2e-06
1421214157	1.2e-06
1421214217	1.2e-06
1421214278	1.2e-06
1421214338	1.2e-06
1421214399	1.2e-06
1421214459	1.2e-06
1421214520	1.2e-06
1421214580	1.2e-06
1421214641	1.2e-06
1421214701	1.2e-06
1421214762	1.2e-06
1421214822	1.2e-06
1421214883	1.2e-06
1421214944	1.2e-06
1421215004	1.2e-06
1421215065	1.2e-06
1421215125	1.2e-06
1421215186	1.2e-06
1421215246	1.2e-06
1421215307	1.19e-06
1421215367	1.19e-06
1421215428	1.19e-06
1421215488	1.19e-06
1421215549	1.19e-06
1421215609	1.19e-06
1421215670	1.19e-06
1421215730	1.19e-06
1421215791	1.19e-06
1421215851	1.19e-06
1421215912	1.19e-06
1421215972	1.19e-06
1421216033	1.19e-06
1421216094	1.19e-06
1421216154	1.19e-06
1421216215	1.19e-06
1421216275	1.19e-06
1421216336	1.19e-06
1421216396	1.19e-06
1421216457	1.19e-06
1421216517	1.19e-06
1421216578	1.19e-06
1421216638	1.19e-06
1421216699	1.19e-06
1421216759	1.19e-06
1421216820	1.19e-06
1421216881	1.19e-06
1421216941	1.19e-06
1421217002	1.19e-06
1421217062	1.19e-06
1421217123	1.19e-06
1421217183	1.19e-06
1421217244	1.19e-06
1421217304	1.19e-06
1421217365	1.18e-06
1421217425	1.18e-06
1421217486	1.18e-06
1421217546	1.18e-06
1421217607	1.18e-06
1421217668	1.18e-06
1421217728	1.18e-06
1421217789	1.18e-06
1421217849	1.18e-06
1421217910	1.18e-06
1421217970	1.18e-06
1421218031	1.18e-06
1421218091	1.18e-06
1421218152	1.18e-06
1421218212	1.18e-06
1421218273	1.18e-06
1421218333	1.18e-06
1421218394	1.18e-06
1421218454	1.18e-06
1421218515	1.18e-06
1421218575	1.18e-06
1421218636	1.18e-06
1421218696	1.18e-06
1421218757	1.18e-06
1421218817	1.18e-06
1421218877	1.18e-06
1421218938	1.18e-06
1421218999	1.18e-06
1421219059	1.18e-06
1421219120	1.18e-06
1421219180	1.18e-06
1421219241	1.18e-06
1421219301	1.18e-06
1421219362	1.18e-06
1421219422	1.18e-06
1421219483	1.18e-06
1421219543	1.18e-06
1421219604	1.17e-06
1421219665	1.17e-06
1421219725	1.17e-06
1421219786	1.17e-06
1421219846	1.17e-06
1421219907	1.17e-06
1421219967	1.17e-06
1421220028	1.17e-06
1421220088	1.17e-06
1421220149	1.17e-06
1421220209	1.17e-06
1421220270	1.17e-06
1421220330	1.17e-06
1421220391	1.17e-06
1421220452	1.17e-06
1421220512	1.17e-06
1421220573	1.17e-06
1421220633	1.17e-06
1421220694	1.17e-06
1421220754	1.17e-06
1421220815	1.17e-06
1421220875	1.17e-06
1421220936	1.17e-06
1421220996	1.17e-06
1421221057	1.17e-06
1421221117	1.17e-06
1421221178	1.17e-06
1421221238	1.17e-06
1421221299	1.17e-06
1421221359	1.17e-06
1421221420	1.17e-06
1421221480	1.17e-06
1421221541	1.17e-06
1421221601	1.16e-06
1421221662	1.16e-06
1421221722	1.16e-06
1421221783	1.16e-06
1421221843	1.16e-06
1421221904	1.16e-06
1421221964	1.16e-06
1421222025	1.16e-06
1421222085	1.16e-06
1421222146	1.16e-06
1421222207	1.16e-06
1421222267	1.16e-06
1421222328	1.16e-06
1421222388	1.16e-06
1421222449	1.16e-06
1421222509	1.16e-06
1421222570	1.16e-06
1421222630	1.16e-06
1421222691	1.16e-06
1421222751	1.16e-06
1421222812	1.16e-06
1421222872	1.16e-06
1421222933	1.16e-06
1421222993	1.16e-06
1421223054	1.16e-06
1421223115	1.16e-06
1421223175	1.16e-06
1421223236	1.16e-06
1421223296	1.16e-06
1421223357	1.16e-06
1421223417	1.16e-06
1421223478	1.16e-06
1421223538	1.16e-06
1421223599	1.16e-06
1421223659	1.15e-06
1421223720	1.15e-06
1421223780	1.15e-06
1421223841	1.15e-06
1421223901	1.15e-06
1421223962	1.15e-06
1421224022	1.15e-06
1421224083	1.15e-06
1421224143	1.15e-06
1421224204	1.15e-06
1421224264	1.15e-06
1421224325	1.15e-06
1421224385	1.15e-06
1421224446	1.15e-06
1421224506	1.15e-06
1421224567	1.15e-06
1421224627	1.15e-06
1421224688	1.15e-06
1421224748	1.15e-06
1421224809	1.15e-06
1421224870	1.15e-06
1421224930	1.15e-06
1421224990	1.15e-06
1421225051	1.15e-06
1421225112	1.15e-06
1421225172	1.15e-06
1421225233	1.15e-06
1421225293	1.15e-06
1421225354	1.15e-06
1421225414	1.15e-06
1421225475	1.15e-06
1421225535	1.15e-06
1421225596	1.15e-06
1421225656	1.15e-06
1421225717	1.14e-06
1421225777	1.14e-06
1421225838	1.14e-06
1421225898	1.14e-06
1421225959	1.14e-06
1421226019	1.14e-06
1421226080	1.14e-06
1421226140	1.14e-06
1421226201	1.14e-06
1421226261	1.14e-06
1421226322	1.14e-06
1421226382	1.14e-06
1421226443	1.14e-06
1421226503	1.14e-06
1421226564	1.14e-06
1421226624	1.14e-06
1421226685	1.14e-06
1421226745	1.14e-06
1421226806	1.14e-06
1421226866	1.14e-06
1421226927	1.14e-06
1421226987	1.14e-06
1421227048	1.14e-06
1421227108	1.14e-06
1421227169	1.14e-06
1421227229	1.14e-06
1421227290	1.14e-06
1421227350	1.14e-06
1421227411	1.14e-06
1421227471	1.14e-06
1421227532	1.14e-06
1421227592	1.14e-06
1421227653	1.13e-06
1421227713	1.13e-06
1421227774	1.13e-06
1421227834	1.13e-06
1421227895	1.13e-06
1421227955	1.13e-06
1421228016	1.13e-06
1421228076	1.13e-06
1421228137	1.13e-06
1421228198	1.13e-06
1421228258	1.13e-06
1421228319	1.13e-06
1421228379	1.13e-06
1421228440	1.13e-06
1421228500	1.13e-06
1421228561	1.13e-06
1421228621	1.13e-06
1421228682	1.13e-06
1421228742	1.13e-06
1421228803	1.13e-06
1421228863	1.13e-06
1421228924	1.13e-06
1421228984	1.13e-06
1421229045	1.13e-06
1421229105	1.13e-06
1421229166	1.13e-06
1421229227	1.13e-06
1421229287	1.13e-06
1421229348	1.13e-06
1421229408	1.13e-06
1421229469	1.13e-06
1421229529	1.13e-06
1421229590	1.12e-06
1421229650	1.12e-06
1421229711	1.12e-06
1421229771	1.12e-06
1421229832	1.12e-06
1421229892	1.12e-06
1421229953	1.12e-06
1421230013	1.12e-06
1421230074	1.12e-06
1421230135	1.12e-06
1421230195	1.12e-06
1421230256	1.12e-06
1421230316	1.12e-06
1421230377	1.12e-06
1421230437	1.12e-06
1421230498	1.12e-06
1421230558	1.12e-06
1421230619	1.12e-06
1421230679	1.12e-06
1421230740	1.12e-06
1421230800	1.12e-06
1421230861	1.12e-06
1421230921	1.12e-06
1421230982	1.12e-06
1421231043	1.12e-06
1421231103	1.12e-06
1421231164	1.12e-06
1421231224	1.12e-06
1421231285	1.12e-06
1421231345	1.12e-06
1421231405	1.12e-06
1421231466	1.12e-06
1421231526	1.11e-06
1421231587	1.11e-06
1421231647	1.11e-06
1421231708	1.11e-06
1421231768	1.11e-06
1421231829	1.11e-06
1421231889	1.11e-06
1421231950	1.11e-06
1421232011	1.11e-06
1421232071	1.11e-06
1421232132	1.11e-06
1421232192	1.11e-06
1421232253	1.11e-06
1421232313	1.11e-06
1421232374	1.11e-06
1421232434	1.11e-06
1421232495	1.11e-06
1421232555	1.11e-06
1421232616	1.11e-06
1421232676	1.11e-06
1421232737	1.11e-06
1421232797	1.11e-06
1421232858	1.11e-06
1421232918	1.11e-06
1421232979	1.11e-06
1421233040	1.11e-06
1421233100	1.11e-06
1421233161	1.11e-06
1421233221	1.11e-06
1421233282	1.11e-06
1421233342	1.11e-06
1421233403	1.11e-06
1421233463	1.11e-06
1421233524	1.11e-06
1421233584	1.11e-06
1421233645	1.11e-06
1421233705	1.1e-06
1421233766	1.1e-06
1421233826	1.1e-06
1421233887	1.1e-06
1421233947	1.1e-06
1421234008	1.1e-06
1421234069	1.1e-06
1421234129	1.1e-06
1421234190	1.1e-06
1421234250	1.1e-06
1421234311	1.1e-06
1421234371	1.1e-06
1421234432	1.1e-06
1421234492	1.1e-06
1421234553	1.1e-06
1421234613	1.1e-06
1421234674	1.1e-06
1421234734	1.1e-06
1421234795	1.1e-06
1421234855	1.1e-06
1421234916	1.1e-06
1421234976	1.1e-06
1421235037	1.1e-06
1421235097	1.1e-06
1421235158	1.1e-06
1421235218	1.1e-06
1421235279	1.1e-06
1421235340	1.1e-06
1421235400	1.1e-06
1421235461	1.1e-06
1421235521	1.1e-06
1421235582	1.1e-06
1421235642	1.1e-06
1421235703	1.1e-06
1421235763	1.09e-06
1421235824	1.09e-06
1421235884	1.09e-06
1421235945	1.09e-06
1421236005	1.09e-06
1421236066	1.09e-06
1421236127	1.09e-06
1421236187	1.09e-06
1421236248	1.09e-06
1421236308	1.09e-06
1421236369	1.09e-06
1421236429	1.09e-06
1421236490	1.09e-06
1421236550	1.09e-06
1421236611	1.09e-06
1421236671	1.09e-06
1421236732	1.09e-06
1421236792	1.09e-06
1421236853	1.09e-06
1421236914	1.09e-06
1421236974	1.09e-06
1421237035	1.09e-06
1421237095	1.09e-06
1421237156	1.09e-06
1421237216	1.09e-06
1421237276	1.09e-06
1421237337	1.09e-06
1421237398	1.09e-06
1421237458	1.09e-06
1421237518	1.09e-06
1421237579	1.09e-06
1421237639	1.09e-06
1421237700	1.09e-06
1421237760	1.09e-06
1421237821	1.09e-06
1421237881	1.08e-06
1421237942	1.08e-06
1421238002	1.08e-06
1421238063	1.08e-06
1421238123	1.08e-06
1421238184	1.08e-06
1421238244	1.08e-06
1421238305	1.08e-06
1421238365	1.08e-06
1421238426	1.08e-06
1421238486	1.08e-06
1421238547	1.08e-06
1421238607	1.08e-06
1421238668	1.08e-06
1421238729	1.08e-06
1421238789	1.08e-06
1421238849	1.08e-06
1421238910	1.08e-06
1421238970	1.08e-06
1421239031	1.08e-06
1421239091	1.08e-06
1421239152	1.08e-06
1421239213	1.08e-06
1421239273	1.08e-06
1421239334	1.08e-06
1421239394	1.08e-06
1421239455	1.08e-06
1421239515	1.08e-06
1421239576	1.08e-06
1421239636	1.08e-06
1421239697	1.08e-06
1421239757	1.08e-06
1421239818	1.08e-06
1421239878	1.08e-06
1421239939	1.08e-06
1421239999	1.08e-06
1421240060	1.08e-06
1421240120	1.08e-06
1421240181	1.07e-06
1421240241	1.07e-06
1421240302	1.07e-06
1421240362	1.07e-06
1421240423	1.07e-06
1421240483	1.07e-06
1421240544	1.07e-06
1421240604	1.07e-06
1421240665	1.07e-06
1421240725	1.07e-06
1421240786	1.07e-06
1421240846	1.07e-06
1421240907	1.07e-06
1421240968	1.07e-06
1421241028	1.07e-06
1421241089	1.07e-06
1421241149	1.07e-06
1421241210	1.07e-06
1421241270	1.07e-06
1421241331	1.07e-06
1421241391	1.07e-06
1421241451	1.07e-06
1421241512	1.07e-06
1421241573	1.07e-06
1421241633	1.07e-06
1421241694	1.07e-06
1421241754	1.07e-06
1421241815	1.07e-06
1421241875	1.07e-06
1421241936	1.07e-06
1421241996	1.07e-06
1421242057	1.07e-06
1421242117	1.07e-06
1421242178	1.07e-06
1421242238	1.07e-06
1421242299	1.07e-06
1421242359	1.07e-06
1421242420	1.07e-06
1421242480	1.07e-06
1421242541	1.07e-06
1421242601	1.07e-06
1421242662	1.06e-06
1421242722	1.06e-06
1421242783	1.06e-06
1421242844	1.06e-06
1421242904	1.06e-06
1421242965	1.06e-06
1421243025	1.06e-06
1421243086	1.06e-06
1421243146	1.06e-06
1421243207	1.06e-06
1421243267	1.06e-06
1421243328	1.06e-06
1421243388	1.06e-06
1421243449	1.06e-06
1421243509	1.06e-06
1421243570	1.06e-06
1421243630	1.06e-06
1421243691	1.06e-06
1421243751	1.06e-06
1421243812	1.06e-06
1421243872	1.06e-06
1421243933	1.06e-06
1421243993	1.06e-06
1421244054	1.06e-06
1421244114	1.06e-06
1421244175	1.06e-06
1421244235	1.06e-06
1421244296	1.06e-06
1421244356	1.06e-06
1421244417	1.06e-06
1421244477	1.06e-06
1421244538	1.06e-06
1421244598	1.06e-06
1421244659	1.06e-06
1421244719	1.06e-06
1421244780	1.06e-06
1421244840	1.06e-06
1421244901	1.06e-06
1421244961	1.06e-06
1421245022	1.06e-06
1421245082	1.06e-06
1421245143	1.05e-06
1421245204	1.05e-06
1421245264	1.05e-06
1421245325	1.05e-06
1421245385	1.05e-06
1421245446	1.05e-06
1421245506	1.05e-06
1421245567	1.05e-06
1421245627	1.05e-06
1421245688	1.05e-06
1421245748	1.05e-06
1421245809	1.05e-06
1421245869	1.05e-06
1421245930	1.05e-06
1421245991	1.05e-06
1421246051	1.05e-06
1421246112	1.05e-06
1421246172	1.05e-06
1421246233	1.05e-06
1421246293	1.05e-06
1421246354	1.05e-06
1421246414	1.05e-06
1421246475	1.05e-06
1421246535	1.05e-06
1421246596	1.05e-06
1421246656	1.05e-06
1421246717	1.05e-06
1421246778	1.05e-06
1421246838	1.05e-06
1421246899	1.05e-06
1421246959	1.05e-06
1421247020	1.05e-06
1421247080	1.05e-06
1421247141	1.05e-06
1421247201	1.05e-06
1421247262	1.05e-06
1421247322	1.05e-06
1421247383	1.05e-06
1421247443	1.05e-06
1421247504	1.05e-06
1421247564	1.05e-06
1421247625	1.05e-06
1421247685	1.05e-06
1421247746	1.04e-06
1421247806	1.04e-06
1421247867	1.04e-06
1421247928	1.04e-06
1421247988	1.04e-06
1421248049	1.04e-06
1421248109	1.04e-06
1421248170	1.04e-06
1421248230	1.04e-06
1421248291	1.04e-06
1421248351	1.04e-06
1421248412	1.04e-06
1421248472	1.04e-06
1421248533	1.04e-06
1421248593	1.04e-06
1421248654	1.04e-06
1421248715	1.04e-06
1421248775	1.04e-06
1421248836	1.04e-06
1421248896	1.04e-06
1421248957	1.04e-06
1421249017	1.04e-06
1421249078	1.04e-06
1421249138	1.04e-06
1421249199	1.04e-06
1421249259	1.04e-06
1421249320	1.04e-06
1421249381	1.04e-06
1421249441	1.04e-06
1421249502	1.04e-06
1421249562	1.04e-06
1421249623	1.04e-06
1421249683	1.04e-06
1421249744	1.04e-06
1421249804	1.04e-06
1421249865	1.04e-06
1421249925	1.04e-06
1421249986	1.04e-06
1421250046	1.04e-06
1421250107	1.04e-06
1421250168	1.04e-06
1421250228	1.04e-06
1421250289	1.04e-06
1421250349	1.04e-06
1421250410	1.04e-06
1421250470	1.04e-06
1421250531	1.04e-06
1421250591	1.04e-06
1421250652	1.03e-06
1421250712	1.03e-06
1421250773	1.03e-06
1421250833	1.03e-06
1421250894	1.03e-06
1421250954	1.03e-06
1421251015	1.03e-06
1421251076	1.03e-06
1421251136	1.03e-06
1421251197	1.03e-06
1421251257	1.03e-06
1421251318	1.03e-06
1421251378	1.03e-06
1421251439	1.03e-06
1421251499	1.03e-06
1421251560	1.03e-06
1421251620	1.03e-06
1421251681	1.03e-06
1421251741	1.03e-06
1421251802	1.03e-06
1421251862	1.03e-06
1421251923	1.03e-06
1421251983	1.03e-06
1421252044	1.03e-06
1421252104	1.03e-06
1421252165	1.03e-06
1421252226	1.03e-06
1421252286	1.03e-06
1421252347	1.03e-06
1421252407	1.03e-06
1421252468	1.03e-06
1421252528	1.03e-06
1421252589	1.03e-06
1421252649	1.03e-06
1421252710	1.03e-06
1421252770	1.03e-06
1421252831	1.03e-06
1421252891	1.03e-06
1421252952	1.03e-06
1421253012	1.03e-06
1421253073	1.03e-06
1421253133	1.03e-06
1421253193	1.03e-06
1421253254	1.03e-06
1421253314	1.03e-06
1421253375	1.03e-06
1421253435	1.03e-06
1421253496	1.02e-06
1421253556	1.02e-06
1421253617	1.02e-06
1421253677	1.02e-06
1421253738	1.02e-06
1421253798	1.02e-06
1421253859	1.02e-06
1421253919	1.02e-06
1421253980	1.02e-06
1421254041	1.02e-06
1421254101	1.02e-06
1421254162	1.02e-06
1421254222	1.02e-06
1421254283	1.02e-06
1421254343	1.02e-06
1421254404	1.02e-06
1421254464	1.02e-06
1421254525	1.02e-06
1421254585	1.02e-06
1421254646	1.02e-06
1421254706	1.02e-06
1421254767	1.02e-06
1421254828	1.02e-06
1421254888	1.02e-06
1421254949	1.02e-06
1421255009	1.02e-06
1421255070	1.02e-06
1421255131	1.02e-06
1421255191	1.02e-06
1421255252	1.02e-06
1421255312	1.02e-06
1421255373	1.02e-06
1421255433	1.02e-06
1421255494	1.02e-06
1421255555	1.02e-06
1421255615	1.02e-06
1421255676	1.02e-06
1421255736	1.02e-06
1421255797	1.02e-06
1421255857	1.02e-06
1421255918	1.02e-06
1421255978	1.02e-06
1421256039	1.02e-06
1421256100	1.02e-06
1421256160	1.02e-06
1421256221	1.02e-06
1421256281	1.02e-06
1421256342	1.01e-06
1421256403	1.01e-06
1421256463	1.01e-06
1421256524	1.01e-06
1421256584	1.01e-06
1421256645	1.01e-06
1421256705	1.01e-06
1421256765	1.01e-06
1421256826	1.01e-06
1421256886	1.01e-06
1421256947	1.01e-06
1421257007	1.01e-06
1421257068	1.01e-06
1421257128	1.01e-06
1421257189	1.01e-06
1421257249	1.01e-06
1421257310	1.01e-06
1421257371	1.01e-06
1421257431	1.01e-06
1421257492	1.01e-06
1421257552	1.01e-06
1421257613	1.01e-06
1421257673	1.01e-06
1421257733	1.01e-06
1421257794	1.01e-06
1421257854	1.01e-06
1421257915	1.01e-06
1421257975	1.01e-06
1421258036	1.01e-06
1421258097	1.01e-06
1421258157	1.01e-06
1421258218	1.01e-06
1421258279	1.01e-06
1421258339	1.01e-06
1421258400	1.01e-06
1421258460	1.01e-06
1421258521	1.01e-06
1421258581	1.01e-06
1421258642	1.01e-06
1421258702	1.01e-06
1421258763	1.01e-06
1421258824	1.01e-06
1421258884	1.01e-06
1421258945	1.01e-06
1421259005	1e-06
1421259066	1e-06
1421259126	1e-06
1421259187	1e-06
1421259248	1e-06
1421259308	1e-06
1421259369	1e-06
1421259429	1e-06
1421259490	1e-06
1421259550	1e-06
1421259611	1e-06
1421259671	1e-06
1421259732	1e-06
1421259792	1e-06
1421259853	1e-06
1421259913	1e-06
1421259974	1e-06
1421260034	1e-06
1421260095	1e-06
1421260155	1e-06
1421260216	1e-06
1421260276	1e-06
1421260337	1e-06
1421260397	1e-06
1421260458	1e-06
1421260519	1e-06
1421260579	9.99e-07
1421260640	9.99e-07
1421260700	9.99e-07
1421260761	9.98e-07
1421260821	9.99e-07
1421260882	9.98e-07
1421260942	9.98e-07
1421261003	9.98e-07
1421261063	9.98e-07
1421261124	9.97e-07
1421261184	9.97e-07
1421261245	9.97e-07
1421261305	9.97e-07
1421261365	9.96e-07
1421261426	9.96e-07
1421261487	9.96e-07
1421261547	9.96e-07
1421261608	9.95e-07
1421261668	9.95e-07
1421261729	9.95e-07
1421261789	9.95e-07
1421261850	9.94e-07
1421261910	9.94e-07
1421261971	9.94e-07
1421262032	9.94e-07
1421262092	9.93e-07
1421262152	9.93e-07
1421262213	9.93e-07
1421262273	9.93e-07
1421262334	9.92e-07
1421262394	9.93e-07
1421262455	9.92e-07
1421262516	9.92e-07
1421262576	9.92e-07
1421262637	9.91e-07
1421262697	9.91e-07
1421262758	9.91e-07
1421262818	9.91e-07
1421262879	9.9e-07
1421262939	9.9e-07
1421263000	9.9e-07
1421263060	9.9e-07
1421263121	9.9e-07
1421263181	9.9e-07
1421263242	9.89e-07
1421263302	9.89e-07
1421263363	9.89e-07
1421263423	9.88e-07
1421263484	9.88e-07
1421263545	9.88e-07
1421263605	9.88e-07
1421263666	9.88e-07
1421263726	9.87e-07
1421263787	9.87e-07
1421263847	9.87e-07
1421263908	9.87e-07
1421263968	9.87e-07
1421264029	9.86e-07
1421264089	9.86e-07
1421264150	9.86e-07
1421264211	9.85e-07
1421264271	9.85e-07
1421264332	9.85e-07
1421264392	9.85e-07
1421264453	9.85e-07
1421264513	9.84e-07
1421264574	9.84e-07
1421264634	9.84e-07
1421264695	9.84e-07
1421264755	9.84e-07
1421264816	9.83e-07
1421264876	9.83e-07
1421264937	9.83e-07
1421264997	9.82e-07
1421265058	9.82e-07
1421265118	9.82e-07
1421265179	9.81e-07
1421265239	9.81e-07
1421265299	9.81e-07
1421265360	9.81e-07
1421265420	9.81e-07
1421265481	9.8e-07
1421265541	9.8e-07
1421265602	9.8e-07
1421265662	9.8e-07
1421265723	9.8e-07
1421265783	9.79e-07
1421265844	9.79e-07
1421265904	9.79e-07
1421265965	9.79e-07
1421266025	4.57e-06
1421266086	1.59e-05
1421266147	1.69e-05
1421266208	1.69e-05
1421266268	1.68e-05
1421266329	1.68e-05
1421266389	1.68e-05
1421266450	1.68e-05
1421266510	1.68e-05
1421266571	1.68e-05
1421266631	1.68e-05
1421266692	1.68e-05
1421266752	1.68e-05
1421266813	1.68e-05
1421357503  0.0