1434940980	0.0
1434941040	0.0167
1434941100	5.7e-05
1434941160	2.86e-05
1434941220	1.78e-05
1434941280	1.22e-05
1434941340	8.88e-06
1434941400	6.7e-06
1434941460	5.16e-06
1434941520	3.96e-06
1434941580	3.21e-06
1434941640	2.62e-06
1434941700	2.2e-06
1434941759	1.88e-06
1434941819	1.62e-06
1434941879	1.39e-06
1434941939	1.21e-06
1434941999	1.07e-06
1434942059	9.51e-07
1434942119	8.5e-07
1434942179	7.62e-07
1434942239	6.91e-07
1434942299	6.3e-07
1434942359	5.77e-07
1434942419	5.29e-07
1434942479	4.92e-07
1434942539	4.6e-07
1434942599	4.33e-07
1434942659	4.12e-07
1434942719	4e-07
1434942779	3.79e-07
1434942839	3.59e-07
1434942899	3.42e-07
1434942959	4.29e-07
1434943018	4.26e-07
1434943078	4.14e-07
1434943138	4.02e-07
1434943198	3.9e-07
1434943258	3.79e-07
1434943318	3.69e-07
1434943378	3.59e-07
1434943438	3.49e-07
1434943498	3.4e-07
1434943558	3.31e-07
1434943618	3.23e-07
1434943678	3.16e-07
1434943738	3.09e-07
1434943798	3.02e-07
1434943858	2.96e-07
1434943918	2.9e-07
1434943978	2.85e-07
1434944038	2.8e-07
1434944098	2.74e-07
1434944158	2.69e-07
1434944218	2.63e-07
1434944278	2.59e-07
1434944337	2.53e-07
1434944397	2.49e-07
1434944457	2.44e-07
1434944517	2.4e-07
1434944577	2.37e-07
1434944637	2.33e-07
1434944697	2.29e-07
1434944757	2.26e-07
1434944817	2.22e-07
1434944877	2.19e-07
1434944937	2.16e-07
1434944997	2.12e-07
1434945057	2.09e-07
1434945117	2.06e-07
1434945177	2.03e-07
1434945237	2e-07
1434945297	1.98e-07
1434945357	1.94e-07
1434945417	1.92e-07
1434945477	1.9e-07
1434945537	1.88e-07
1434945597	1.85e-07
1434945656	1.83e-07
1434945716	1.81e-07
1434945776	1.79e-07
1434945836	1.77e-07
1434945896	1.75e-07
1434945956	1.72e-07
1434946016	1.7e-07
1434946076	1.68e-07
1434946136	1.66e-07
1434946196	1.65e-07
1434946256	1.63e-07
1434946316	1.61e-07
1434946376	1.6e-07
1434946436	1.58e-07
1434946496	1.56e-07
1434946556	1.55e-07
1434946616	1.54e-07
1434946676	1.52e-07
1434946736	1.51e-07
1434946796	1.49e-07
1434946856	1.47e-07
1434946916	1.46e-07
1434946975	1.44e-07
1434947035	1.43e-07
1434947095	1.42e-07
1434947155	1.4e-07
1434947215	1.39e-07
1434947275	1.38e-07
1434947335	1.37e-07
1434947395	1.36e-07
1434947455	1.35e-07
1434947515	1.34e-07
1434947575	1.33e-07
1434947635	1.32e-07
1434947695	1.31e-07
1434947755	1.3e-07
1434947815	1.29e-07
1434947875	1.27e-07
1434947935	1.26e-07
1434947995	1.25e-07
1434948055	1.25e-07
1434948115	1.24e-07
1434948175	1.23e-07
1434948235	1.22e-07
1434948294	1.21e-07
1434948354	1.21e-07
1434948414	1.2e-07
1434948474	1.19e-07
1434948534	1.18e-07
1434948594	1.17e-07
1434948654	1.17e-07
1434948714	1.16e-07
1434948774	1.15e-07
1434948834	1.14e-07
1434948894	1.13e-07
1434948954	1.13e-07
1434949014	1.12e-07
1434949074	1.12e-07
1434949134	1.11e-07
1434949194	1.1e-07
1434949254	1.1e-07
1434949314	1.09e-07
1434949374	1.09e-07
1434949434	1.08e-07
1434949494	1.07e-07
1434949554	1.06e-07
1434949613	1.06e-07
1434949673	1.05e-07
1434949733	1.05e-07
1434949793	1.04e-07
1434949853	1.04e-07
1434949913	1.03e-07
1434949973	1.03e-07
1434950033	1.02e-07
1434950093	1.02e-07
1434950153	1.01e-07
1434950213	1.01e-07
1434950273	1e-07
1434950333	9.96e-08
1434950393	9.9e-08
1434950453	9.85e-08
1434950513	9.79e-08
1434950573	9.75e-08
1434950633	9.69e-08
1434950693	9.66e-08
1434950753	9.63e-08
1434950813	9.58e-08
1434950873	9.55e-08
1434950932	9.51e-08
1434950992	9.48e-08
1434951052	9.43e-08
1434951112	9.38e-08
1434951172	9.33e-08
1434951232	9.26e-08
1434951292	9.23e-08
1434951352	9.18e-08
1434951412	9.17e-08
1434951472	9.12e-08
1434951532	9.07e-08
1434951592	9.04e-08
1434951652	9.02e-08
1434951712	8.99e-08
1434951772	8.97e-08
1434951832	8.92e-08
1434951892	8.88e-08
1434951952	8.83e-08
1434952012	8.78e-08
1434952072	8.76e-08
1434952132	8.69e-08
1434952192	8.64e-08
1434952251	8.63e-08
1434952311	8.61e-08
1434952371	8.57e-08
1434952431	8.52e-08
1434952491	8.5e-08
1434952551	8.47e-08
1434952611	8.47e-08
1434952671	8.43e-08
1434952731	8.42e-08
1434952791	8.37e-08
1434952851	8.35e-08
1434952911	8.29e-08
1434952971	8.25e-08
1434953031	8.22e-08
1434953091	8.15e-08
1434953151	8.14e-08
1434953211	8.16e-08
1434953271	8.13e-08
1434953331	8.08e-08
1434953391	8.07e-08
1434953451	8.02e-08
1434953511	8e-08
1434953570	8e-08
1434953630	7.95e-08
1434953690	7.93e-08
1434953750	7.92e-08
1434953810	7.85e-08
1434953870	7.82e-08
1434953930	7.81e-08
1434953990	7.76e-08
1434954050	7.75e-08
1434954110	7.73e-08
1434954170	7.69e-08
1434954230	7.7e-08
1434954290	7.68e-08
1434954350	7.65e-08
1434954410	7.58e-08
1434954470	7.59e-08
1434954530	7.55e-08
1434954590	7.54e-08
1434954650	7.52e-08
1434954710	7.48e-08
1434954770	7.46e-08
1434954830	7.42e-08
1434954890	7.4e-08
1434954950	7.4e-08
1434955009	7.38e-08
1434955069	7.35e-08
1434955129	7.36e-08
1434955189	7.3e-08
1434955249	7.29e-08
1434955309	7.27e-08
1434955369	7.26e-08
1434955429	7.22e-08
1434955489	7.23e-08
1434955549	7.19e-08
1434955609	7.18e-08
1434955669	7.15e-08
1434955729	7.12e-08
1434955789	7.12e-08
1434955849	7.08e-08
1434955909	7.07e-08
1434955969	7.07e-08
1434956029	7.05e-08
1434956089	7.06e-08
1434956149	6.94e-08
1434956209	7.02e-08
1434956269	6.99e-08
1434956328	6.97e-08
1434956388	6.95e-08
1434956448	6.91e-08
1434956508	6.89e-08
1434956568	6.87e-08
1434956628	6.87e-08
1434956688	6.84e-08
1434956748	6.82e-08
1434956808	6.84e-08
1434956868	6.8e-08
1434956928	6.81e-08
1434956988	6.8e-08
1434957048	6.77e-08
1434957108	6.77e-08
1434957168	6.72e-08
1434957228	6.74e-08
1434957288	6.71e-08
1434957348	6.69e-08
1434957408	6.68e-08
1434957468	6.65e-08
1434957528	6.62e-08
1434957588	6.62e-08
1434957647	6.61e-08
1434957707	6.61e-08
1434957767	6.57e-08
1434957827	6.6e-08
1434957887	6.57e-08
1434957947	6.57e-08
1434958007	6.54e-08
1434958067	6.52e-08
1434958127	6.51e-08
1434958187	6.47e-08
1434958247	6.48e-08
1434958307	6.46e-08
1434958367	6.43e-08
1434958427	6.44e-08
1434958487	6.41e-08
1434958547	6.41e-08
1434958607	6.4e-08
1434958667	6.39e-08
1434958727	6.38e-08
1434958787	6.38e-08
1434958847	6.37e-08
1434958906	6.36e-08
1434958966	6.34e-08
1434959026	6.31e-08
1434959086	6.31e-08
1434959146	6.29e-08
1434959206	6.28e-08
1434959266	6.25e-08
1434959326	6.26e-08
1434959386	6.23e-08
1434959446	6.23e-08
1434959506	6.23e-08
1434959566	6.2e-08
1434959626	6.19e-08
1434959686	6.19e-08
1434959746	6.18e-08
1434959806	6.17e-08
1434959866	6.18e-08
1434959926	6.15e-08
1434959986	6.12e-08
1434960046	6.11e-08
1434960106	6.1e-08
1434960166	6.1e-08
1434960225	6.09e-08
1434960285	6.08e-08
1434960345	6.07e-08
1434960405	6.05e-08
1434960465	6.05e-08
1434960525	6.05e-08
1434960585	6.03e-08
1434960645	6.03e-08
1434960705	6.02e-08
1434960765	6e-08
1434960825	5.99e-08
1434960885	5.98e-08
1434960945	5.97e-08
1434961005	5.94e-08
1434961065	5.94e-08
1434961125	5.94e-08
1434961185	5.93e-08
1434961245	5.92e-08
1434961305	5.91e-08
1434961365	5.91e-08
1434961425	5.89e-08
1434961485	5.89e-08
1434961545	5.88e-08
1434961605	5.89e-08
1434961665	5.86e-08
1434961724	5.86e-08
1434961784	5.83e-08
1434961844	5.83e-08
1434961904	5.83e-08
1434961964	5.81e-08
1434962024	5.81e-08
1434962084	5.8e-08
1434962144	5.78e-08
1434962204	5.79e-08
1434962264	5.78e-08
1434962324	5.78e-08
1434962384	5.76e-08
1434962444	5.77e-08
1434962504	5.75e-08
1434962564	5.75e-08
1434962624	5.72e-08
1434962684	5.71e-08
1434962744	5.69e-08
1434962804	5.7e-08
1434962864	5.67e-08
1434962924	5.67e-08
1434962984	5.66e-08
1434963043	5.66e-08
1434963103	5.67e-08
1434963163	5.65e-08
1434963223	5.64e-08
1434963283	5.66e-08
1434963343	5.65e-08
1434963403	5.63e-08
1434963463	5.62e-08
1434963523	5.59e-08
1434963583	5.59e-08
1434963643	5.59e-08
1434963703	5.57e-08
1434963763	5.58e-08
1434963823	5.57e-08
1434963883	5.56e-08
1434963943	5.55e-08
1434964003	5.54e-08
1434964063	5.55e-08
1434964123	5.55e-08
1434964183	5.53e-08
1434964243	5.53e-08
1434964302	5.52e-08
1434964362	5.52e-08
1434964422	5.49e-08
1434964482	5.48e-08
1434964542	5.47e-08
1434964602	5.47e-08
1434964662	5.45e-08
1434964722	5.44e-08
1434964782	5.46e-08
1434964842	5.46e-08
1434964902	5.44e-08
1434964962	5.45e-08
1434965022	5.43e-08
1434965082	5.45e-08
1434965142	5.43e-08
1434965202	5.42e-08
1434965262	5.41e-08
1434965322	5.4e-08
1434965382	5.39e-08
1434965442	5.38e-08
1434965502	5.39e-08
1434965562	5.37e-08
1434965621	5.37e-08
1434965681	5.36e-08
1434965741	5.35e-08
1434965801	5.35e-08
1434965861	5.34e-08
1434965921	5.34e-08
1434965981	5.34e-08
1434966041	5.34e-08
1434966101	5.32e-08
1434966161	5.32e-08
1434966221	5.3e-08
1434966281	5.29e-08
1434966341	5.3e-08
1434966401	5.28e-08
1434966461	5.28e-08
1434966521	5.28e-08
1434966581	5.28e-08
1434966641	5.27e-08
1434966701	5.28e-08
1434966761	5.26e-08
1434966821	5.27e-08
1434966881	5.26e-08
1434966940	5.26e-08
1434967000	5.24e-08
1434967060	5.24e-08
1434967120	5.22e-08
1434967180	5.23e-08
1434967240	5.22e-08
1434967300	5.2e-08
1434967360	5.21e-08
1434967420	5.19e-08
1434967480	5.2e-08
1434967540	5.18e-08
1434967600	5.2e-08
1434967660	5.19e-08
1434967720	5.18e-08
1434967780	5.18e-08
1434967840	5.19e-08
1434967900	5.17e-08
1434967960	5.16e-08
1434968020	5.14e-08
1434968080	5.13e-08
1434968140	5.15e-08
1434968200	5.13e-08
1434968259	5.12e-08
1434968319	5.12e-08
1434968379	5.13e-08
1434968439	5.12e-08
1434968499	5.12e-08
1434968559	5.11e-08
1434968619	5.11e-08
1434968679	5.11e-08
1434968739	5.1e-08
1434968799	5.09e-08
1434968859	5.09e-08
1434968919	5.06e-08
1434968979	5.06e-08
1434969039	5.06e-08
1434969099	5.05e-08
1434969159	5.05e-08
1434969219	5.06e-08
1434969279	5.05e-08
1434969339	5.06e-08
1434969399	5.05e-08
1434969459	5.05e-08
1434969519	5.04e-08
1434969578	5.03e-08
1434969638	5.03e-08
1434969698	5.03e-08
1434969758	5.02e-08
1434969818	5.01e-08
1434969878	4.98e-08
1434969938	4.99e-08
1434969998	4.98e-08
1434970058	4.98e-08
1434970118	4.99e-08
1434970178	5e-08
1434970238	4.97e-08
1434970298	4.98e-08
1434970358	4.99e-08
1434970418	4.98e-08
1434970478	4.97e-08
1434970538	4.97e-08
1434970598	4.96e-08
1434970658	4.95e-08
1434970718	4.94e-08
1434970778	4.95e-08
1434970838	4.94e-08
1434970897	4.94e-08
1434970957	4.91e-08
1434971017	4.92e-08
1434971077	4.92e-08
1434971137	4.92e-08
1434971197	4.91e-08
1434971257	4.93e-08
1434971317	4.91e-08
1434971377	4.91e-08
1434971437	4.91e-08
1434971497	4.9e-08
1434971557	4.89e-08
1434971617	4.88e-08
1434971677	4.87e-08
1434971737	4.88e-08
1434971797	4.87e-08
1434971857	4.87e-08
1434971917	4.86e-08
1434971977	4.88e-08
1434972037	4.86e-08
1434972097	4.87e-08
1434972157	4.87e-08
1434972216	4.86e-08
1434972276	4.85e-08
1434972336	4.85e-08
1434972396	4.84e-08
1434972456	4.85e-08
1434972516	4.84e-08
1434972576	4.82e-08
1434972636	4.83e-08
1434972696	4.83e-08
1434972756	4.82e-08
1434972816	4.83e-08
1434972876	4.81e-08
1434972936	4.82e-08
1434972996	4.82e-08
1434973056	4.81e-08
1434973116	4.81e-08
1434973176	4.8e-08
1434973236	4.82e-08
1434973296	4.8e-08
1434973356	4.78e-08
1434973416	4.77e-08
1434973476	4.78e-08
1434973535	4.77e-08
1434973595	4.77e-08
1434973655	4.76e-08
1434973715	4.77e-08
1434973775	4.77e-08
1434973835	4.78e-08
1434973895	4.77e-08
1434973955	4.76e-08
1434974015	4.76e-08
1434974075	4.76e-08
1434974135	4.76e-08
1434974195	4.76e-08
1434974255	4.75e-08
1434974315	4.74e-08
1434974375	4.72e-08
1434974435	4.73e-08
1434974495	4.72e-08
1434974555	4.72e-08
1434974615	4.72e-08
1434974675	4.72e-08
1434974735	4.73e-08
1434974795	4.72e-08
1434974854	4.72e-08
1434974914	4.71e-08
1434974974	4.71e-08
1434975034	4.73e-08
1434975094	4.72e-08
1434975154	4.7e-08
1434975214	4.7e-08
1434975274	4.7e-08
1434975334	4.69e-08
1434975394	4.69e-08
1434975454	4.68e-08
1434975514	4.69e-08
1434975574	4.69e-08
1434975634	4.68e-08
1434975694	4.69e-08
1434975754	4.68e-08
1434975814	4.67e-08
1434975874	4.67e-08
1434975934	4.67e-08
1434975994	4.66e-08
1434976054	4.67e-08
1434976113	4.65e-08
1434976173	4.65e-08
1434976233	4.64e-08
1434976293	4.64e-08
1434976353	4.65e-08
1434976413	4.64e-08
1434976473	4.65e-08
1434976533	4.64e-08
1434976593	4.65e-08
1434976653	4.64e-08
1434976713	4.64e-08
1434976773	4.64e-08
1434976833	4.63e-08
1434976893	4.63e-08
1434976953	4.65e-08
1434977013	4.63e-08
1434977073	4.61e-08
1434977133	4.61e-08
1434977193	4.6e-08
1434977253	4.6e-08
1434977313	4.61e-08
1434977373	4.61e-08
1434977432	4.6e-08
1434977492	4.61e-08
1434977552	4.6e-08
1434977612	4.6e-08
1434977672	4.61e-08
1434977732	4.6e-08
1434977792	4.6e-08
1434977852	4.59e-08
1434977912	4.58e-08
1434977972	4.59e-08
1434978032	4.57e-08
1434978092	4.57e-08
1434978152	4.56e-08
1434978212	4.57e-08
1434978272	4.56e-08
1434978332	4.56e-08
1434978392	4.57e-08
1434978452	4.56e-08
1434978512	4.57e-08
1434978572	4.57e-08
1434978632	4.57e-08
1434978692	4.57e-08
1434978751	4.56e-08
1434978811	4.55e-08
1434978871	4.54e-08
1434978931	4.54e-08
1434978991	4.55e-08
1434979051	4.54e-08
1434979111	4.53e-08
1434979171	4.54e-08
1434979231	4.54e-08
1434979291	4.53e-08
1434979351	4.54e-08
1434979411	4.53e-08
1434979471	4.54e-08
1434979531	4.53e-08
1434979591	4.54e-08
1434979651	4.53e-08
1434979711	4.53e-08
1434979771	4.51e-08
1434979831	4.5e-08
1434979891	4.5e-08
1434979951	4.5e-08
1434980011	4.51e-08
1434980070	4.51e-08
1434980130	4.5e-08
1434980190	4.5e-08
1434980250	4.49e-08
1434980310	4.51e-08
1434980370	4.51e-08
1434980430	4.51e-08
1434980490	4.51e-08
1434980550	4.5e-08
1434980610	4.51e-08
1434980670	4.5e-08
1434980730	4.51e-08
1434980790	4.49e-08
1434980850	4.49e-08
1434980910	4.5e-08
1434980970	4.5e-08
1434981030	4.5e-08
1434981090	4.5e-08
1434981150	4.49e-08
1434981210	4.5e-08
1434981270	4.51e-08
1434981330	4.49e-08
1434981389	4.5e-08
1434981449	4.5e-08
1434981509	4.5e-08
1434981569	4.47e-08
1434981629	4.48e-08
1434981689	4.48e-08
1434981749	4.48e-08
1434981809	4.48e-08
1434981869	4.47e-08
1434981929	4.48e-08
1434981989	4.48e-08
1434982049	4.48e-08
1434982109	4.48e-08
1434982169	4.47e-08
1434982229	4.48e-08
1434982289	4.48e-08
1434982349	4.47e-08
1434982409	4.47e-08
1434982469	4.48e-08
1434982529	4.46e-08
1434982589	4.47e-08
1434982649	4.46e-08
1434982708	4.45e-08
1434982768	4.46e-08
1434982828	4.47e-08
1434982888	4.47e-08
1434982948	4.46e-08
1434983008	4.47e-08
1434983068	4.47e-08
1434983128	4.48e-08
1434983188	4.47e-08
1434983248	4.47e-08
1434983308	4.48e-08
1434983368	4.47e-08
1434983428	4.47e-08
1434983488	4.46e-08
1434983548	4.46e-08
1434983608	4.45e-08
1434983668	4.45e-08
1434983728	4.46e-08
1434983788	4.45e-08
1434983848	4.46e-08
1434983908	4.45e-08
1434983968	4.47e-08
1434984027	4.46e-08
1434984087	4.45e-08
1434984147	4.45e-08
1434984207	4.46e-08
1434984267	4.44e-08
1434984327	4.45e-08
1434984387	4.44e-08
1434984447	4.43e-08
1434984507	4.44e-08
1434984567	4.44e-08
1434984627	4.44e-08
1434984687	4.44e-08
1434984747	4.44e-08
1434984807	4.44e-08
1434984867	4.44e-08
1434984927	4.43e-08
1434984987	4.44e-08
1434985047	4.45e-08
1434985107	4.44e-08
1434985167	4.44e-08
1434985227	4.43e-08
1434985287	4.44e-08
1434985346	4.44e-08
1434985406	4.43e-08
1434985466	4.43e-08
1434985526	4.42e-08
1434985586	4.43e-08
1434985646	4.42e-08
1434985706	4.43e-08
1434985766	4.43e-08
1434985826	4.43e-08
1434985886	4.43e-08
1434985946	4.43e-08
1434986006	4.43e-08
1434986066	4.43e-08
1434986126	4.44e-08
1434986186	4.42e-08
1434986246	4.42e-08
1434986306	4.42e-08
1434986366	4.41e-08
1434986426	4.42e-08
1434986486	4.42e-08
1434986546	4.42e-08
1434986606	4.43e-08
1434986665	4.42e-08
1434986725	4.43e-08
1434986785	4.43e-08
1434986845	4.43e-08
1434986905	4.42e-08
1434986965	5.83e-08
1434987025	9.34e-08
1434987085	1.04e-07
1434987145	1.12e-07
1434987205	1.19e-07
1434987265	1.25e-07
1434987325	1.31e-07
1434987385	1.36e-07
1434987445	1.41e-07
1434987505	1.46e-07
1434987565	1.51e-07
1434987625	1.55e-07
1434987685	1.59e-07
1434987745	1.64e-07
1434987805	1.68e-07
1434987865	1.71e-07
1434987925	1.75e-07
1434988900	0.0
1434988960	1.16e-07
1434989019	9.75e-08
1434989079	8.76e-08
1434989139	8.03e-08
1434989199	7.55e-08
1434989259	7.18e-08
1434989319	6.89e-08
1434989379	6.65e-08
1434989439	6.46e-08
1434989499	6.28e-08
1434989559	6.16e-08
1434989619	6.03e-08
1434989679	5.92e-08
1434989739	5.83e-08
1434989799	5.74e-08
1434989859	5.67e-08
1434989919	5.58e-08
1434989979	5.54e-08
1434990039	5.46e-08
1434990099	5.41e-08
1434990159	5.37e-08
1434990219	5.31e-08
1434990279	5.26e-08
1434990338	5.23e-08
1434990398	5.2e-08
1434990458	5.15e-08
1434990518	5.13e-08
1434990578	5.11e-08
1434990638	5.07e-08
1434990698	5.06e-08
1434990758	5.02e-08
1434990818	5.01e-08
1434990878	4.98e-08
1434990938	4.97e-08
1434990998	4.94e-08
1434991058	4.93e-08
1434991118	4.91e-08
1434991178	4.88e-08
1434991238	4.87e-08
1434991298	4.86e-08
1434991358	4.84e-08
1434991418	4.83e-08
1434991478	4.82e-08
1434991538	4.8e-08
1434991598	4.8e-08
1434991657	4.8e-08
1434991717	4.77e-08
1434991777	4.78e-08
1434991837	4.77e-08
1434991897	4.75e-08
1434991957	4.74e-08
1434992017	4.73e-08
1434992077	4.72e-08
1434992137	4.72e-08
1434992197	4.7e-08
1434992257	4.68e-08
1434992317	4.69e-08
1434992377	4.67e-08
1434992437	4.67e-08
1434992497	4.66e-08
1434992557	4.67e-08
1434992617	4.66e-08
1434992677	4.66e-08
1434992737	4.67e-08
1434992797	4.65e-08
1434992857	4.65e-08
1434992917	4.63e-08
1434992976	4.63e-08
1434993036	4.63e-08
1434993096	4.62e-08
1434993156	4.63e-08
1434993216	4.61e-08
1434993276	4.61e-08
1434993336	4.6e-08
1434993396	4.6e-08
1434993456	4.6e-08
1434993516	4.6e-08
1434993576	4.59e-08
1434993636	4.59e-08
1434993696	4.6e-08
1434993756	4.59e-08
1434993816	4.59e-08
1434993876	4.57e-08
1434993936	4.59e-08
1434993996	4.57e-08
1434994056	4.58e-08
1434994116	4.57e-08
1434994176	4.57e-08
1434994236	4.55e-08
1434994295	4.55e-08
1434994355	4.55e-08
1434994415	4.55e-08
1434994475	4.54e-08
1434994535	4.53e-08
1434994595	4.55e-08
1434994655	4.55e-08
1434994715	4.54e-08
1434994775	4.54e-08
1434994835	4.55e-08
1434994895	4.54e-08
1434994955	4.55e-08
1434995015	4.53e-08
1434995075	4.53e-08
1434995135	4.53e-08
1434995195	4.53e-08
1434995255	4.53e-08
1434995315	4.52e-08
1434995375	4.51e-08
1434995435	4.51e-08
1434995495	4.51e-08
1434995554	4.51e-08
1434995614	4.51e-08
1434995674	4.51e-08
1434995734	4.51e-08
1434995794	4.52e-08
1434995854	4.52e-08
1434995914	4.52e-08
1434995974	4.51e-08
1434996034	4.52e-08
1434996094	4.52e-08
1434996154	4.5e-08
1434996214	4.51e-08
1434996274	4.5e-08
1434996334	4.5e-08
1434996394	4.5e-08
1434996454	4.5e-08
1434996514	4.49e-08
1434996574	4.49e-08
1434996634	4.5e-08
1434996694	4.49e-08
1434996754	4.49e-08
1434996814	4.48e-08
1434996873	4.48e-08
1434996933	4.5e-08
1434996993	4.5e-08
1434997053	4.5e-08
1434997113	4.49e-08
1434997173	4.5e-08
1434997233	4.5e-08
1434997293	4.5e-08
1434997353	4.48e-08
1434997413	4.49e-08
1434997473	4.48e-08
1434997533	4.49e-08
1434997593	4.48e-08
1434997653	4.48e-08
1434997713	4.47e-08
1434997773	4.48e-08
1434997833	4.48e-08
1434997893	4.48e-08
1434997953	4.47e-08
1434998013	4.47e-08
1434998073	4.47e-08
1434998133	4.47e-08
1434998192	4.48e-08
1434998252	4.48e-08
1434998312	4.48e-08
1434998372	4.48e-08
1434998432	4.48e-08
1434998492	4.47e-08
1434998552	4.47e-08
1434998612	4.47e-08
1434998672	4.47e-08
1434998732	4.46e-08
1434998792	4.47e-08
1434998852	4.48e-08
1434998912	4.47e-08
1434998972	4.47e-08
1434999032	4.46e-08
1434999092	4.47e-08
1434999152	4.47e-08
1434999212	4.46e-08
1434999272	4.47e-08
1434999332	4.47e-08
1434999392	4.47e-08
1434999452	4.45e-08
1434999511	4.45e-08
1434999571	4.48e-08
1434999631	4.47e-08
1434999691	4.47e-08
1434999751	4.48e-08
1434999811	4.49e-08
1434999871	4.47e-08
1434999931	4.47e-08
1434999991	4.48e-08
1435000051	4.47e-08
1435000111	4.48e-08
1435000171	4.47e-08
1435000231	4.48e-08
1435000291	4.47e-08
1435000351	4.46e-08
1435000411	4.46e-08
1435000471	4.47e-08
1435000531	4.47e-08
1435000591	4.47e-08
1435000651	4.47e-08
1435000711	4.46e-08
1435000771	4.47e-08
1435000830	4.47e-08
1435000890	4.46e-08
1435000950	4.47e-08
1435001010	4.47e-08
1435001070	4.47e-08
1435001130	4.46e-08
1435001190	4.46e-08
1435001250	4.46e-08
1435001310	4.46e-08
1435001370	4.45e-08
1435001430	4.46e-08
1435001490	4.46e-08
1435001550	4.47e-08
1435001610	4.46e-08
1435001670	4.46e-08
1435001730	4.47e-08
1435001790	4.46e-08
1435001850	4.45e-08
1435001910	4.47e-08
1435001970	4.46e-08
1435002030	4.46e-08
1435002090	4.45e-08
1435002149	4.46e-08
1435002209	4.46e-08
1435002269	4.46e-08
1435002329	4.45e-08
1435002389	4.47e-08
1435002449	4.46e-08
1435002509	4.45e-08
1435002569	4.47e-08
1435002629	4.45e-08
1435002689	4.46e-08
1435002749	4.46e-08
1435002809	4.46e-08
1435002869	4.45e-08
1435002929	4.46e-08
1435002989	4.45e-08
1435003049	4.45e-08
1435003109	4.45e-08
1435003169	4.46e-08
1435003229	4.46e-08
1435003289	4.46e-08
1435003349	4.46e-08
1435003409	4.47e-08
1435003468	4.45e-08
1435003528	4.46e-08
1435003588	4.46e-08
1435003648	4.47e-08
1435003708	4.46e-08
1435003768	4.45e-08
1435003828	4.46e-08
1435003888	4.46e-08
1435003948	4.45e-08
1435004008	4.46e-08
1435004068	4.45e-08
1435004128	4.46e-08
1435004188	4.45e-08
1435004248	4.46e-08
1435004308	4.45e-08
1435004368	4.45e-08
1435004428	4.45e-08
1435004488	4.45e-08
1435004548	4.45e-08
1435004608	4.46e-08
1435004668	4.46e-08
1435004728	4.46e-08
1435004787	4.46e-08
1435004847	4.46e-08
1435004907	4.47e-08
1435004967	4.47e-08
1435005027	4.45e-08
1435005087	4.45e-08
1435005147	4.47e-08
1435005207	4.46e-08
1435005267	4.46e-08
1435005327	4.45e-08
1435005387	4.46e-08
1435005447	4.46e-08
1435005507	4.45e-08
1435005567	4.44e-08
1435005627	4.44e-08
1435005687	4.46e-08
1435005747	4.45e-08
1435005807	4.47e-08
1435005867	4.45e-08
1435005927	4.44e-08
1435005987	4.46e-08
1435006047	4.45e-08
1435006106	4.46e-08
1435006166	4.45e-08
1435006226	4.45e-08
1435006286	4.46e-08
1435006346	4.44e-08
1435006406	4.46e-08
1435006466	4.45e-08
1435006526	4.45e-08
1435006586	4.45e-08
1435006646	4.44e-08
1435006706	4.44e-08
1435006766	4.45e-08
1435006826	4.45e-08
1435006886	4.45e-08
1435006946	4.44e-08
1435007006	4.44e-08
1435007066	4.44e-08
1435007126	4.44e-08
1435007186	4.46e-08
1435007246	4.44e-08
1435007306	4.44e-08
1435007366	4.45e-08
1435007425	4.44e-08
1435007485	4.44e-08
1435007545	4.44e-08
1435007605	4.44e-08
1435007665	4.45e-08
1435007725	4.45e-08
1435007785	4.45e-08
1435007845	4.46e-08
1435007905	4.45e-08
1435007965	4.45e-08
1435008025	4.45e-08
1435008085	4.44e-08
1435008145	4.45e-08
1435008205	4.44e-08
1435008265	4.43e-08
1435008325	4.45e-08
1435008385	4.44e-08
1435008445	4.44e-08
1435008505	4.44e-08
1435008565	4.44e-08
1435008625	4.43e-08
1435008685	4.44e-08
1435008744	4.43e-08
1435008804	4.43e-08
1435008864	4.43e-08
1435008924	4.43e-08
1435008984	4.43e-08
1435009044	4.43e-08
1435009104	4.44e-08
1435009164	4.44e-08
1435009224	4.43e-08
1435009284	4.43e-08
1435009344	4.44e-08
1435009404	4.44e-08
1435009464	4.44e-08
1435009524	4.43e-08
1435009584	4.42e-08
1435009644	4.44e-08
1435009704	4.43e-08
1435009764	4.44e-08
1435009824	4.44e-08
1435009884	4.43e-08
1435009944	4.42e-08
1435010004	4.44e-08
1435010063	4.43e-08
1435010123	4.42e-08
1435010183	4.43e-08
1435010243	4.43e-08
1435010303	4.44e-08
1435010363	4.44e-08
1435010423	4.44e-08
1435010483	4.43e-08
1435010543	4.44e-08
1435010603	4.44e-08
1435010663	4.43e-08
1435010723	4.43e-08
1435010783	4.43e-08
1435010843	4.43e-08
1435010903	4.45e-08
1435010963	4.44e-08
1435011023	4.44e-08
1435011083	4.44e-08
1435011143	4.44e-08
1435011203	4.43e-08
1435011263	4.44e-08
1435011323	4.45e-08
1435011382	4.43e-08
1435011442	4.43e-08
1435011502	4.42e-08
1435011562	4.43e-08
1435011622	4.42e-08
1435011682	4.42e-08
1435011742	4.44e-08
1435011802	4.43e-08
1435011862	4.43e-08
1435011922	4.43e-08
1435011982	4.43e-08
1435012042	4.42e-08
1435012102	4.43e-08
1435012162	4.44e-08
1435012222	4.43e-08
1435012282	4.45e-08
1435012342	4.44e-08
1435012402	4.44e-08
1435012462	4.45e-08
1435012522	4.45e-08
1435012582	4.45e-08
1435012642	4.44e-08
1435012701	4.44e-08
1435012761	4.44e-08
1435012821	4.44e-08
1435012881	4.45e-08
1435012941	4.43e-08
1435013001	4.44e-08
1435013061	4.43e-08
1435013121	4.44e-08
1435013181	4.44e-08
1435013241	4.43e-08
1435013301	4.43e-08
1435013361	4.42e-08
1435013421	4.43e-08
1435013481	4.43e-08
1435013541	4.42e-08
1435013601	4.43e-08
1435013661	4.42e-08
1435013721	4.42e-08
1435013781	4.43e-08
1435013841	4.43e-08
1435013901	4.42e-08
1435013961	4.43e-08
1435014020	4.42e-08
1435014080	4.43e-08
1435014140	4.42e-08
1435014200	4.43e-08
1435014260	4.42e-08
1435014320	4.42e-08
1435014380	4.42e-08
1435014440	4.42e-08
1435014500	4.42e-08
1435014560	4.42e-08
1435014620	4.44e-08
1435014680	4.42e-08
1435014740	4.42e-08
1435014800	4.42e-08
1435014860	4.43e-08
1435014920	4.42e-08
1435014980	4.42e-08
1435015040	4.44e-08
1435015100	4.44e-08
1435015160	4.42e-08
1435015220	4.43e-08
1435015280	4.43e-08
1435015339	4.42e-08
1435015399	4.42e-08
1435015459	4.43e-08
1435015519	4.42e-08
1435015579	4.42e-08
1435015639	4.43e-08
1435015699	4.41e-08
1435015759	4.42e-08
1435015819	4.42e-08
1435015879	4.42e-08
1435015939	4.42e-08
1435015999	4.41e-08
1435016059	4.42e-08
1435016119	4.41e-08
1435016179	4.42e-08
1435016239	4.42e-08
1435016299	4.42e-08
1435016359	4.41e-08
1435016419	4.41e-08
1435016479	4.41e-08
1435016539	4.41e-08
1435016599	4.41e-08
1435016658	4.4e-08
1435016718	4.42e-08
1435016778	4.4e-08
1435016838	4.4e-08
1435016898	4.41e-08
1435016958	4.41e-08
1435017018	4.41e-08
1435017078	4.4e-08
1435017138	4.41e-08
1435017198	4.41e-08
1435017258	4.41e-08
1435017318	4.41e-08
1435017378	4.41e-08
1435017438	4.42e-08
1435017498	4.43e-08
1435017558	4.43e-08
1435017618	4.43e-08
1435017678	4.42e-08
1435017738	4.42e-08
1435017798	4.42e-08
1435017858	4.42e-08
1435017918	4.42e-08
1435017977	4.41e-08
1435018037	4.4e-08
1435018097	4.41e-08
1435018157	4.4e-08
1435018217	4.4e-08
1435018277	4.42e-08
1435018337	4.42e-08
1435018397	4.41e-08
1435018457	4.4e-08
1435018517	4.41e-08
1435018577	4.4e-08
1435018637	4.41e-08
1435018697	4.4e-08
1435018757	4.4e-08
1435018817	4.39e-08
1435018877	4.41e-08
1435018937	4.4e-08
1435018997	4.4e-08
1435019057	4.4e-08
1435019117	4.39e-08
1435019177	4.39e-08
1435019237	4.38e-08
1435019296	4.39e-08
1435019356	4.39e-08
1435019416	4.4e-08
1435019476	4.39e-08
1435019536	4.4e-08
1435019596	4.4e-08
1435019656	4.4e-08
1435019716	4.41e-08
1435019776	4.38e-08
1435019836	4.39e-08
1435019896	4.38e-08
1435019956	4.38e-08
1435020016	4.38e-08
1435020076	4.38e-08
1435020136	4.38e-08
1435020196	4.38e-08
1435020256	4.37e-08
1435020316	4.38e-08
1435020376	4.38e-08
1435020436	4.37e-08
1435020496	4.37e-08
1435020555	4.37e-08
1435020615	4.38e-08
1435020675	4.38e-08
1435020735	4.37e-08
1435020795	4.37e-08
1435020855	4.37e-08
1435020915	4.36e-08
1435020975	4.38e-08
1435021035	4.37e-08
1435021095	4.35e-08
1435021155	4.36e-08
1435021215	4.36e-08
1435021275	4.36e-08
1435021335	4.36e-08
1435021395	4.34e-08
1435021455	4.35e-08
1435021515	4.35e-08
1435021575	4.36e-08
1435021635	4.38e-08
1435021695	4.37e-08
1435021755	4.36e-08
1435021815	4.36e-08
1435021874	4.35e-08
1435021934	4.35e-08
1435021994	4.34e-08
1435022054	4.33e-08
1435022114	4.33e-08
1435022174	4.33e-08
1435022234	4.34e-08
1435022294	4.34e-08
1435022354	4.34e-08
1435022414	4.33e-08
1435022474	4.34e-08
1435022534	4.35e-08
1435022594	4.35e-08
1435022654	4.33e-08
1435022714	4.32e-08
1435022774	4.32e-08
1435022834	4.33e-08
1435022894	4.32e-08
1435022954	4.31e-08
1435023014	4.32e-08
1435023074	4.32e-08
1435023134	4.32e-08
1435023193	4.32e-08
1435023253	4.31e-08
1435023313	4.32e-08
1435023373	4.32e-08
1435023433	4.32e-08
1435023493	4.32e-08
1435023553	4.31e-08
1435023613	4.3e-08
1435023673	4.31e-08
1435023733	4.31e-08
1435023793	4.31e-08
1435023853	4.3e-08
1435023913	4.3e-08
1435023973	4.29e-08
1435024033	4.29e-08
1435024093	4.3e-08
1435024153	4.29e-08
1435024213	4.3e-08
1435024273	4.3e-08
1435024333	4.3e-08
1435024393	4.3e-08
1435024453	4.3e-08
1435024512	4.3e-08
1435024572	4.29e-08
1435024632	4.29e-08
1435024692	4.29e-08
1435024752	4.29e-08
1435024812	4.28e-08
1435024872	4.29e-08
1435024932	4.27e-08
1435024992	4.28e-08
1435025052	4.29e-08
1435025112	4.28e-08
1435025172	4.28e-08
1435025232	4.28e-08
1435025292	4.3e-08
1435025352	4.29e-08
1435025412	4.29e-08
1435025472	4.28e-08
1435025532	4.28e-08
1435025592	4.28e-08
1435025652	4.27e-08
1435025712	4.27e-08
1435025772	4.27e-08
1435025831	4.26e-08
1435025891	4.27e-08
1435025951	4.26e-08
1435026011	4.26e-08
1435026071	4.27e-08
1435026131	4.28e-08
1435026191	4.27e-08
1435026251	4.27e-08
1435026311	4.27e-08
1435026371	4.25e-08
1435026431	4.27e-08
1435026491	4.26e-08
1435026551	4.26e-08
1435026611	4.25e-08
1435026671	4.26e-08
1435026731	4.25e-08
1435026791	4.25e-08
1435026851	4.26e-08
1435026911	4.26e-08
1435026971	4.25e-08
1435027031	4.26e-08
1435027091	4.25e-08
1435027150	4.26e-08
1435027210	4.25e-08
1435027270	4.26e-08
1435027330	4.26e-08
1435027390	4.24e-08
1435027450	4.25e-08
1435027510	4.24e-08
1435027570	4.25e-08
1435027630	4.24e-08
1435027690	4.23e-08
1435027750	4.24e-08
1435027810	4.24e-08
1435027870	4.25e-08
1435027930	4.25e-08
1435027990	4.24e-08
1435028050	4.24e-08
1435028110	4.25e-08
1435028170	4.23e-08
1435028230	4.23e-08
1435028290	4.22e-08
1435028350	4.23e-08
1435028410	4.23e-08
1435028469	4.22e-08
1435028529	4.24e-08
1435028589	4.23e-08
1435028649	4.23e-08
1435028709	4.23e-08
1435028769	4.22e-08
1435028829	4.23e-08
1435028889	4.25e-08
1435028949	4.22e-08
1435029009	4.22e-08
1435029069	4.23e-08
1435029129	4.22e-08
1435029189	4.21e-08
1435029249	4.21e-08
1435029309	4.22e-08
1435029369	4.22e-08
1435029429	4.21e-08
1435029489	4.22e-08
1435029549	4.21e-08
1435029609	4.23e-08
1435029669	4.21e-08
1435029729	4.22e-08
1435029788	4.22e-08
1435029848	4.22e-08
1435029908	4.22e-08
1435029968	4.21e-08
1435030028	4.21e-08
1435030088	4.2e-08
1435030148	4.2e-08
1435030208	4.2e-08
1435030268	4.21e-08
1435030328	4.2e-08
1435030388	4.2e-08
1435030448	4.2e-08
1435030508	4.21e-08
1435030568	4.21e-08
1435030628	4.22e-08
1435030688	4.2e-08
1435030748	4.21e-08
1435030808	4.2e-08
1435030868	4.2e-08
1435030928	4.2e-08
1435030988	4.19e-08
1435031048	4.2e-08
1435031107	4.2e-08
1435031167	4.18e-08
1435031227	4.2e-08
1435031287	4.19e-08
1435031347	4.19e-08
1435031407	4.19e-08
1435031467	4.2e-08
1435031527	4.2e-08
1435031587	4.19e-08
1435031647	4.19e-08
1435031707	4.19e-08
1435031767	4.19e-08
1435031827	4.18e-08
1435031887	4.18e-08
1435031947	4.18e-08
1435032007	4.18e-08
1435032067	4.17e-08
1435032127	4.17e-08
1435032187	4.19e-08
1435032247	4.18e-08
1435032307	4.19e-08
1435032367	4.19e-08
1435032426	4.18e-08
1435032486	4.18e-08
1435032546	4.18e-08
1435032606	4.19e-08
1435032666	4.17e-08
1435032726	4.18e-08
1435032786	4.17e-08
1435032846	4.17e-08
1435032906	4.16e-08
1435032966	4.17e-08
1435033026	4.16e-08
1435033086	4.18e-08
1435033146	4.18e-08
1435033206	4.17e-08
1435033266	4.17e-08
1435033326	4.18e-08
1435033386	4.17e-08
1435033446	4.17e-08
1435033506	4.18e-08
1435033566	4.17e-08
1435033626	4.16e-08
1435033686	4.18e-08
1435033745	4.16e-08
1435033805	4.16e-08
1435033865	4.16e-08
1435033925	4.16e-08
1435033985	4.17e-08
1435034045	4.17e-08
1435034105	4.17e-08
1435034165	4.17e-08
1435034225	4.17e-08
1435034285	4.16e-08
1435034345	4.16e-08
1435034405	4.15e-08
1435034465	4.16e-08
1435034525	4.16e-08
1435034585	4.16e-08
1435034645	4.15e-08
1435034705	4.15e-08
1435034765	4.15e-08
1435034825	4.16e-08
1435034885	4.16e-08
1435034945	4.15e-08
1435035004	4.16e-08
1435035064	4.16e-08
1435035124	4.15e-08
1435035184	4.15e-08
1435035244	4.15e-08
1435035304	4.14e-08
1435035364	4.15e-08
1435035424	4.16e-08
1435035484	4.15e-08
1435035544	4.14e-08
1435035604	4.15e-08
1435035664	4.15e-08
1435035724	4.15e-08
1435035784	4.16e-08
1435035844	4.14e-08
1435035904	4.15e-08
1435035964	4.15e-08
1435036024	4.15e-08
1435036084	4.14e-08
1435036144	4.15e-08
1435036204	4.14e-08
1435036264	4.13e-08
1435036323	4.14e-08
1435036383	4.13e-08
1435036443	4.15e-08
1435036503	4.13e-08
1435036563	4.15e-08
1435036623	4.14e-08
1435036683	4.15e-08
1435036743	4.13e-08
1435036803	4.14e-08
1435036863	4.14e-08
1435036923	4.15e-08
1435036983	4.15e-08
1435037043	4.13e-08
1435037103	4.12e-08
1435037163	4.13e-08
1435037223	4.13e-08
1435037283	4.12e-08
1435037343	4.13e-08
1435037403	4.13e-08
1435037463	4.14e-08
1435037523	4.14e-08
1435037583	4.14e-08
1435037642	4.14e-08
1435037702	4.12e-08
1435037762	4.13e-08
1435037822	4.13e-08
1435037882	4.13e-08
1435037942	4.12e-08
1435038002	4.12e-08
1435038062	4.12e-08
1435038122	4.12e-08
1435038182	4.12e-08
1435038242	4.13e-08
1435038302	4.13e-08
1435038362	4.13e-08
1435038422	4.14e-08
1435038482	4.12e-08
1435038542	4.13e-08
1435038602	4.12e-08
1435038662	4.12e-08
1435038722	4.12e-08
1435038782	4.11e-08
1435038842	4.12e-08
1435038902	4.11e-08
1435038961	4.11e-08
1435039021	4.11e-08
1435039081	4.12e-08
1435039141	4.1e-08
1435039201	4.12e-08
1435039261	4.13e-08
1435039321	4.12e-08
1435039381	4.12e-08
1435039441	4.11e-08
1435039501	4.13e-08
1435039561	4.11e-08
1435039621	4.11e-08
1435039681	4.11e-08
1435039741	4.11e-08
1435039801	4.11e-08
1435039861	4.11e-08
1435039921	4.1e-08
1435039981	4.11e-08
1435040041	4.11e-08
1435040101	4.12e-08
1435040161	4.1e-08
1435040221	4.1e-08
1435040280	4.11e-08
1435040340	4.11e-08
1435040400	4.1e-08
1435040460	4.1e-08
1435040520	4.1e-08
1435040580	4.1e-08
1435040640	4.11e-08
1435040700	4.09e-08
1435040760	4.11e-08
1435040820	4.09e-08
1435040880	4.1e-08
1435040940	4.09e-08
1435041000	4.1e-08
1435041060	4.1e-08
1435041120	4.11e-08
1435041180	4.09e-08
1435041240	4.09e-08
1435041300	4.1e-08
1435041360	4.09e-08
1435041420	4.09e-08
1435041480	4.09e-08
1435041540	4.09e-08
1435041599	4.1e-08
1435041659	4.09e-08
1435041719	4.09e-08
1435041779	4.09e-08
1435041839	4.1e-08
1435041899	4.1e-08
1435041959	4.09e-08
1435042019	4.09e-08
1435042079	4.09e-08
1435042139	4.08e-08
1435042199	4.08e-08
1435042259	4.09e-08
1435042319	4.08e-08
1435042379	4.07e-08
1435042439	4.08e-08
1435042499	4.08e-08
1435042559	4.08e-08
1435042619	4.08e-08
1435042679	4.09e-08
1435042739	4.08e-08
1435042799	4.08e-08
1435042859	4.09e-08
1435042918	4.1e-08
1435042978	4.07e-08
1435043038	4.08e-08
1435043098	4.08e-08
1435043158	4.08e-08
1435043218	4.08e-08
1435043278	4.07e-08
1435043338	4.06e-08
1435043398	4.07e-08
1435043458	4.09e-08
1435043518	4.06e-08
1435043578	4.07e-08
1435043638	4.07e-08
1435043698	4.07e-08
1435043758	4.08e-08
1435043818	4.07e-08
1435043878	4.06e-08
1435043938	4.07e-08
1435043998	4.07e-08
1435044058	4.06e-08
1435044118	4.06e-08
1435044178	4.07e-08
1435044237	4.06e-08
1435044297	4.06e-08
1435044357	4.08e-08
1435044417	4.07e-08
1435044477	4.07e-08
1435044537	4.05e-08
1435044597	4.07e-08
1435044657	4.07e-08
1435044717	4.06e-08
1435044777	4.07e-08
1435044837	4.06e-08
1435044897	4.05e-08
1435044957	4.06e-08
1435045017	4.05e-08
1435045077	4.06e-08
1435045137	4.06e-08
1435045197	4.06e-08
1435045257	4.07e-08
1435045317	4.06e-08
1435045377	4.06e-08
1435045437	4.05e-08
1435045497	4.05e-08
1435045556	4.05e-08
1435045616	4.06e-08
1435045676	4.05e-08
1435045736	4.05e-08
1435045796	4.05e-08
1435045856	4.05e-08
1435045916	4.05e-08
1435045976	4.04e-08
1435046036	4.06e-08
1435046096	4.05e-08
1435046156	4.05e-08
1435046216	4.05e-08
1435046276	4.06e-08
1435046336	4.05e-08
1435046396	4.06e-08
1435046456	4.05e-08
1435046516	4.04e-08
1435046576	4.05e-08
1435046636	4.05e-08
1435046696	4.05e-08
1435046756	4.04e-08
1435046815	4.05e-08
1435046875	4.04e-08
1435046935	4.05e-08
1435046995	4.05e-08
1435047055	4.05e-08
1435047115	4.05e-08
1435047175	4.04e-08
1435047235	4.05e-08
1435047295	4.05e-08
1435047355	4.03e-08
1435047415	4.04e-08
1435047475	4.04e-08
1435047535	4.04e-08
1435047595	4.04e-08
1435047655	4.03e-08
1435047715	4.03e-08
1435047775	4.04e-08
1435047835	4.04e-08
1435047895	4.04e-08
1435047955	4.04e-08
1435048015	4.04e-08
1435048075	4.04e-08
1435048134	4.04e-08
1435048194	4.03e-08
1435048254	4.03e-08
1435048314	4.03e-08
1435048374	4.03e-08
1435048434	4.03e-08
1435048494	4.02e-08
1435048554	4.03e-08
1435048614	4.03e-08
1435048674	4.04e-08
1435048734	4.03e-08
1435048794	4.04e-08
1435048854	4.04e-08
1435048914	4.03e-08
1435048974	4.04e-08
1435049034	4.04e-08
1435049094	4.02e-08
1435049154	4.03e-08
1435049214	4.02e-08
1435049274	4.01e-08
1435049334	4.02e-08
1435049394	4.03e-08
1435049453	4.03e-08
1435049513	4.04e-08
1435049573	4.01e-08
1435049633	4.03e-08
1435049693	4.03e-08
1435049753	4.02e-08
1435049813	4.03e-08
1435049873	4.03e-08
1435049933	4.03e-08
1435049993	4.03e-08
1435050053	4e-08
1435050113	4.02e-08
1435050173	4.01e-08
1435050233	4.01e-08
1435050293	4.02e-08
1435050353	4.02e-08
1435050413	4.03e-08
1435050473	4.03e-08
1435050533	4.02e-08
1435050593	4.02e-08
1435050653	4.02e-08
1435050713	4.02e-08
1435050772	4.01e-08
1435050832	4.01e-08
1435050892	4.02e-08
1435050952	4.02e-08
1435051012	4.01e-08
1435051072	4.01e-08
1435051132	4.01e-08
1435051192	4.02e-08
1435051252	4.02e-08
1435051312	4.02e-08
1435051372	4.02e-08
1435051432	4.02e-08
1435051492	4.03e-08
1435051552	4.02e-08
1435051612	4.02e-08
1435051672	4e-08
1435051732	4.01e-08
1435051792	4.01e-08
1435051852	4.01e-08
1435051912	4e-08
1435051972	4.01e-08
1435052032	4.01e-08
1435052091	4.01e-08
1435052151	4.01e-08
1435052211	4.01e-08
1435052271	4.03e-08
1435052331	4.02e-08
1435052391	4e-08
1435052451	4.01e-08
1435052511	4.01e-08
1435052571	4e-08
1435052631	4.01e-08
1435052691	4.02e-08
1435052751	4.01e-08
1435052811	4.01e-08
1435052871	4.01e-08
1435052931	4.01e-08
1435052991	4.01e-08
1435053051	4.02e-08
1435053111	4.01e-08
1435053171	4e-08
1435053231	4.01e-08
1435053291	4.01e-08
1435053351	4.01e-08
1435053410	4.01e-08
1435053470	4e-08
1435053530	4e-08
1435053590	4.01e-08
1435053650	4e-08
1435053710	4.01e-08
1435053770	4e-08
1435053830	4e-08
1435053890	4.01e-08
1435053950	4.01e-08
1435054010	4.02e-08
1435054070	4.01e-08
1435054130	4e-08
1435054190	4.01e-08
1435054250	4e-08
1435054310	3.98e-08
1435054370	4e-08
1435054430	4.01e-08
1435054490	4e-08
1435054550	4e-08
1435054610	4e-08
1435054670	4e-08
1435054729	4.01e-08
1435054789	4.02e-08
1435054849	4.01e-08
1435054909	4.01e-08
1435054969	4e-08
1435055029	4.01e-08
1435055089	3.99e-08
1435055149	4e-08
1435055209	3.99e-08
1435055269	3.99e-08
1435055329	4e-08
1435055389	3.99e-08
1435055449	4.01e-08
1435055509	3.99e-08
1435055569	4e-08
1435055629	4.01e-08
1435055689	4e-08
1435055749	4e-08
1435055809	4.01e-08
1435055869	4e-08
1435055929	4e-08
1435055989	3.99e-08
1435056048	3.99e-08
1435056108	3.99e-08
1435056168	3.99e-08
1435056228	3.99e-08
1435056288	3.99e-08
1435056348	3.99e-08
1435056408	4e-08
1435056468	4e-08
1435056528	4e-08
1435056588	4e-08
1435056648	4e-08
1435056708	4e-08
1435056768	3.98e-08
1435056828	3.99e-08
1435056888	3.99e-08
1435056948	3.98e-08
1435057008	3.99e-08
1435057068	3.99e-08
1435057128	3.98e-08
1435057188	3.99e-08
1435057248	3.99e-08
1435057308	3.99e-08
1435057367	4e-08
1435057427	3.99e-08
1435057487	3.99e-08
1435057547	3.99e-08
1435057607	3.97e-08
1435057667	3.98e-08
1435057727	3.99e-08
1435057787	3.98e-08
1435057847	3.98e-08
1435057907	3.97e-08
1435057967	3.99e-08
1435058027	3.99e-08
1435058087	3.99e-08
1435058147	3.99e-08
1435058207	3.98e-08
1435058267	3.98e-08
1435058327	3.99e-08
1435058387	3.99e-08
1435058447	3.99e-08
1435058507	3.98e-08
1435058567	3.98e-08
1435058627	3.98e-08
1435058686	3.98e-08
1435058746	3.98e-08
1435058806	3.99e-08
1435058866	3.97e-08
1435058926	3.99e-08
1435058986	3.99e-08
1435059046	3.98e-08
1435059106	3.99e-08
1435059166	3.98e-08
1435059226	3.99e-08
1435059286	3.98e-08
1435059346	4e-08
1435059406	3.99e-08
1435059466	3.98e-08
1435059526	3.97e-08
1435059586	3.97e-08
1435059646	3.98e-08
1435059706	3.97e-08
1435059766	3.98e-08
1435059826	3.98e-08
1435059886	3.99e-08
1435059946	3.98e-08
1435060005	3.98e-08
1435060065	3.99e-08
1435060125	3.98e-08
1435060185	3.98e-08
1435060245	3.97e-08
1435060305	3.98e-08
1435060365	3.98e-08
1435060425	3.97e-08
1435060485	3.98e-08
1435060545	3.97e-08
1435060605	3.97e-08
1435060665	3.97e-08
1435060725	3.99e-08
1435060785	3.99e-08
1435060845	3.97e-08
1435060905	3.97e-08
1435060965	3.99e-08
1435061025	3.97e-08
1435061085	3.99e-08
1435061145	3.97e-08
1435061205	3.97e-08
1435061265	3.98e-08
1435061324	3.96e-08
1435061384	3.96e-08
1435061444	3.97e-08
1435061504	3.97e-08
1435061564	3.97e-08
1435061624	3.98e-08
1435061684	3.99e-08
1435061744	3.98e-08
1435061804	3.98e-08
1435061864	3.98e-08
1435061924	3.96e-08
1435061984	3.97e-08
1435062044	3.97e-08
1435062104	3.97e-08
1435062164	3.96e-08
1435062224	3.97e-08
1435062284	3.97e-08
1435062344	3.97e-08
1435062404	3.97e-08
1435062464	3.97e-08
1435062524	3.97e-08
1435062584	3.98e-08
1435062643	3.96e-08
1435062703	3.96e-08
1435062763	3.97e-08
1435062823	3.96e-08
1435062883	3.97e-08
1435062943	3.96e-08
1435063003	3.96e-08
1435063063	3.97e-08
1435063123	3.97e-08
1435063183	3.97e-08
1435063243	3.98e-08
1435063303	3.97e-08
1435063363	3.97e-08
1435063423	3.98e-08
1435063483	3.97e-08
1435063543	3.98e-08
1435063603	3.97e-08
1435063663	3.96e-08
1435063723	3.96e-08
1435063783	3.96e-08
1435063843	3.96e-08
1435063902	3.96e-08
1435063962	3.96e-08
1435064022	3.96e-08
1435064082	3.97e-08
1435064142	3.97e-08
1435064202	3.97e-08
1435064262	3.97e-08
1435064322	3.96e-08
1435064382	3.96e-08
1435064442	3.97e-08
1435064502	3.97e-08
1435064562	3.96e-08
1435064622	3.96e-08
1435064682	3.96e-08
1435064742	3.96e-08
1435064802	3.96e-08
1435064862	3.96e-08
1435064922	3.96e-08
1435064982	3.95e-08
1435065042	3.97e-08
1435065102	3.96e-08
1435065162	3.96e-08
1435065221	3.98e-08
1435065281	3.97e-08
1435065341	3.96e-08
1435065401	3.95e-08
1435065461	3.96e-08
1435065521	3.96e-08
1435065581	3.96e-08
1435065641	3.95e-08
1435065701	3.95e-08
1435065761	3.96e-08
1435065821	3.96e-08
1435065881	3.96e-08
1435065941	3.96e-08
1435066001	3.96e-08
1435066061	3.95e-08
1435066121	3.95e-08
1435066181	3.97e-08
1435066241	3.95e-08
1435066301	3.95e-08
1435066361	3.96e-08
1435066421	3.94e-08
1435066481	3.94e-08
1435066540	3.95e-08
1435066600	3.96e-08
1435066660	3.96e-08
1435066720	3.96e-08
1435066780	3.96e-08
1435066840	3.97e-08
1435066900	3.95e-08
1435066960	3.96e-08
1435067020	3.95e-08
1435067080	3.95e-08
1435067140	3.96e-08
1435067200	3.95e-08
1435067260	3.95e-08
1435067320	3.95e-08
1435067380	3.95e-08
1435067440	3.95e-08
1435067500	3.95e-08
1435067560	3.95e-08
1435067620	3.94e-08
1435067680	3.95e-08
1435067740	3.95e-08
1435067800	3.96e-08
1435067859	3.95e-08
1435067919	3.95e-08
1435067979	3.95e-08
1435068039	3.94e-08
1435068099	3.95e-08
1435068159	3.95e-08
1435068219	3.95e-08
1435068279	3.94e-08
1435068339	3.95e-08
1435068399	3.95e-08
1435068459	3.96e-08
1435068519	3.97e-08
1435068579	3.96e-08
1435068639	3.97e-08
1435068699	3.97e-08
1435068759	3.97e-08
1435068819	3.97e-08
1435068879	3.96e-08
1435068939	3.96e-08
1435068999	3.96e-08
1435069059	3.96e-08
1435069119	3.96e-08
1435069178	3.96e-08
1435069238	3.95e-08
1435069298	3.96e-08
1435069358	3.96e-08
1435069418	3.98e-08
1435069478	3.97e-08
1435069538	3.96e-08
1435069598	3.98e-08
1435069658	3.98e-08
1435069718	3.97e-08
1435069778	3.97e-08
1435069838	3.98e-08
1435069898	3.97e-08
1435069958	3.98e-08
1435070018	3.97e-08
1435070078	3.97e-08
1435070138	3.98e-08
1435070198	3.97e-08
1435070258	3.97e-08
1435070318	3.98e-08
1435070378	3.98e-08
1435070438	6.18e-08
1435070497	8.81e-08
1435070557	9.78e-08
1435070617	1.05e-07
1435070677	1.12e-07
1435070737	1.17e-07
1435070797	1.22e-07
1435070857	1.27e-07
1435070917	1.32e-07
1435070977	1.36e-07
1435071037	1.4e-07
1435071097	1.44e-07
1435071996	0.0
1435072056	8.31e-08
1435072116	7.13e-08
1435072176	6.51e-08
1435072236	6.14e-08
1435072296	5.87e-08
1435072356	5.65e-08
1435072416	5.48e-08
1435072476	5.35e-08
1435072536	5.22e-08
1435072596	5.14e-08
1435072656	5.06e-08
1435072716	4.99e-08
1435072776	4.93e-08
1435072836	4.86e-08
1435072896	4.82e-08
1435072956	4.79e-08
1435073016	4.74e-08
1435073076	4.7e-08
1435073136	4.66e-08
1435073196	4.63e-08
1435073256	4.59e-08
1435073315	4.57e-08
1435073375	4.55e-08
1435073435	4.53e-08
1435073495	4.51e-08
1435073555	4.49e-08
1435073615	4.47e-08
1435073675	4.45e-08
1435073735	4.43e-08
1435073795	4.43e-08
1435073855	4.41e-08
1435073915	4.41e-08
1435073975	4.38e-08
1435074035	4.36e-08
1435074095	4.36e-08
1435074155	4.34e-08
1435074215	4.34e-08
1435074275	4.33e-08
1435074335	4.31e-08
1435074395	4.3e-08
1435074455	4.3e-08
1435074515	4.28e-08
1435074574	4.29e-08
1435074634	4.28e-08
1435074694	4.27e-08
1435074754	4.27e-08
1435074814	4.26e-08
1435074874	4.25e-08
1435074934	4.24e-08
1435074994	4.25e-08
1435075054	4.23e-08
1435075114	4.23e-08
1435075174	4.23e-08
1435075234	4.22e-08
1435075294	4.22e-08
1435075354	4.22e-08
1435075414	4.2e-08
1435075474	4.21e-08
1435075534	4.2e-08
1435075594	4.2e-08
1435075654	4.21e-08
1435075714	4.19e-08
1435075774	4.19e-08
1435075834	4.18e-08
1435075893	4.2e-08
1435075953	4.18e-08
1435076013	4.18e-08
1435076073	4.18e-08
1435076133	4.17e-08
1435076193	4.17e-08
1435076253	4.17e-08
1435076313	4.16e-08
1435076373	4.15e-08
1435076433	4.16e-08
1435076493	4.17e-08
1435076553	4.15e-08
1435076613	4.16e-08
1435076673	4.15e-08
1435076733	4.15e-08
1435076793	4.15e-08
1435076853	4.16e-08
1435076913	4.15e-08
1435076973	4.16e-08
1435077033	4.14e-08
1435077093	4.15e-08
1435077153	4.16e-08
1435077212	4.15e-08
1435077272	4.17e-08
1435077332	4.15e-08
1435077392	4.15e-08
1435077452	4.15e-08
1435077512	4.14e-08
1435077572	4.15e-08
1435077632	4.14e-08
1435077692	4.13e-08
1435077752	4.14e-08
1435077812	4.14e-08
1435077872	4.14e-08
1435077932	4.13e-08
1435077992	4.14e-08
1435078052	4.13e-08
1435078112	4.14e-08
1435078172	4.14e-08
1435078232	4.13e-08
1435078292	4.12e-08
1435078352	4.13e-08
1435078412	4.12e-08
1435078472	4.13e-08
1435078531	4.13e-08
1435078591	4.13e-08
1435078651	4.13e-08
1435078711	4.12e-08
1435078771	4.13e-08
1435078831	4.13e-08
1435078891	4.14e-08
1435078951	4.13e-08
1435079011	4.12e-08
1435079071	4.12e-08
1435079131	4.11e-08
1435079191	4.13e-08
1435079251	4.11e-08
1435079311	4.11e-08
1435079371	4.12e-08
1435079431	4.12e-08
1435079491	4.13e-08
1435079551	4.13e-08
1435079611	4.11e-08
1435079671	4.12e-08
1435079731	4.12e-08
1435079791	4.11e-08
1435079850	4.11e-08
1435079910	4.12e-08
1435079970	4.13e-08
1435080030	4.12e-08
1435080090	4.13e-08
1435080150	4.12e-08
1435080210	4.12e-08
1435080270	4.13e-08
1435080330	4.11e-08
1435080390	4.12e-08
1435080450	4.12e-08
1435080510	4.11e-08
1435080570	4.11e-08
1435080630	4.11e-08
1435080690	4.11e-08
1435080750	4.13e-08
1435080810	4.12e-08
1435080870	4.12e-08
1435080930	4.12e-08
1435080990	4.13e-08
1435081050	4.12e-08
1435081110	4.11e-08
1435081169	4.12e-08
1435081229	4.12e-08
1435081289	4.11e-08
1435081349	4.12e-08
1435081409	4.11e-08
1435081469	4.13e-08
1435081529	4.11e-08
1435081589	4.11e-08
1435081649	4.11e-08
1435081709	4.12e-08
1435081769	4.11e-08
1435081829	4.11e-08
1435081889	4.11e-08
1435081949	4.12e-08
1435082009	4.11e-08
1435082069	4.12e-08
1435082129	4.12e-08
1435082189	4.11e-08
1435082249	4.12e-08
1435082309	4.11e-08
1435082369	4.12e-08
1435082429	4.11e-08
1435082488	4.11e-08
1435082548	4.11e-08
1435082608	4.12e-08
1435082668	4.11e-08
1435082728	4.11e-08
1435082788	4.12e-08
1435082848	4.13e-08
1435082908	4.11e-08
1435082968	4.12e-08
1435083028	4.12e-08
1435083088	4.11e-08
1435083148	4.11e-08
1435083208	4.11e-08
1435083268	4.12e-08
1435083328	4.12e-08
1435083388	4.11e-08
1435083448	4.11e-08
1435083508	4.11e-08
1435083568	4.11e-08
1435083628	4.11e-08
1435083688	4.12e-08
1435083748	4.11e-08
1435083807	4.11e-08
1435083867	4.11e-08
1435083927	4.1e-08
1435083987	4.12e-08
1435084047	4.11e-08
1435084107	4.1e-08
1435084167	4.11e-08
1435084227	4.11e-08
1435084287	4.12e-08
1435084347	4.11e-08
1435084407	4.11e-08
1435084467	4.11e-08
1435084527	4.1e-08
1435084587	4.11e-08
1435084647	4.11e-08
1435084707	4.11e-08
1435084767	4.11e-08
1435084827	4.11e-08
1435084887	4.1e-08
1435084947	4.1e-08
1435085007	4.12e-08
1435085067	4.11e-08
1435085126	4.11e-08
1435085186	4.11e-08
1435085246	4.11e-08
1435085306	4.12e-08
1435085366	4.12e-08
1435085426	4.11e-08
1435085486	4.12e-08
1435085546	4.12e-08
1435085606	4.12e-08
1435085666	4.11e-08
1435085726	4.12e-08
1435085786	4.11e-08
1435085846	4.12e-08
1435085906	4.11e-08
1435085966	4.11e-08
1435086026	4.11e-08
1435086086	4.12e-08
1435086146	4.12e-08
1435086206	4.11e-08
1435086266	4.11e-08
1435086326	4.12e-08
1435086386	4.12e-08
1435086445	4.11e-08
1435086505	4.12e-08
1435086565	4.11e-08
1435086625	4.12e-08
1435086685	4.12e-08
1435086745	4.11e-08
1435086805	4.12e-08
1435086865	4.12e-08
1435086925	4.12e-08
1435086985	4.12e-08
1435087045	4.12e-08
1435087105	4.12e-08
1435087165	4.11e-08
1435087225	4.12e-08
Pfeiffer read started at 2015-06-24 10:40:21 (EDT)
Time (s)	Pressure (Torr)
1435156823	3.7e-08
1435156883	3.7e-08
1435156943	3.72e-08
1435157003	3.71e-08
1435157063	3.71e-08
1435157123	3.71e-08
1435157183	3.71e-08
1435157243	3.7e-08
1435157302	3.71e-08
1435157362	3.7e-08
1435157422	3.72e-08
1435157482	3.71e-08
1435157542	3.71e-08
1435157602	3.72e-08
1435157662	3.72e-08
1435157722	3.72e-08
1435157782	3.73e-08
1435157842	3.73e-08
1435157902	3.72e-08
1435157962	3.74e-08
1435158022	3.72e-08
1435158082	3.73e-08
1435158142	3.74e-08
1435158202	7.68e-08
1435158262	8.88e-08
1435158322	9.57e-08
1435158382	1.02e-07
1435158442	1.08e-07
1435158502	1.13e-07
1435158562	1.18e-07
1435158621	1.22e-07
1435158681	1.26e-07
1435158741	1.3e-07
1435158801	1.33e-07
1435158861	1.37e-07
1435158921	1.4e-07
1435158981	1.43e-07
1435159041	1.47e-07
1435159101	1.5e-07
1435159161	1.53e-07
1435159221	1.56e-07
1435159281	1.59e-07
1435159341	1.61e-07
1435159401	1.64e-07
1435159461	1.67e-07
1435160525	0.0
1435160585	8.58e-08
1435160645	7.22e-08
1435160705	6.56e-08
1435160765	6.15e-08
1435160825	5.85e-08
1435160885	5.63e-08
1435160945	5.46e-08
1435161005	5.29e-08
1435161065	5.17e-08
1435161125	5.07e-08
1435161185	4.97e-08
1435161245	4.89e-08
1435161304	4.83e-08
1435161364	4.77e-08
1435161424	4.71e-08
1435161484	4.66e-08
1435161544	4.62e-08
1435161604	4.59e-08
1435161664	4.55e-08
1435161724	4.52e-08
1435161784	4.49e-08
1435161844	4.47e-08
1435161904	4.43e-08
1435161964	4.4e-08
1435162024	4.38e-08
1435162084	4.36e-08
1435162144	4.34e-08
1435162204	4.31e-08
1435162264	4.31e-08
1435162324	4.29e-08
1435162384	4.26e-08
1435162444	4.25e-08
1435162504	4.24e-08
1435162564	4.22e-08
1435162623	4.21e-08
1435162683	4.2e-08
1435162743	4.19e-08
1435162803	4.18e-08
1435162863	4.17e-08
1435162923	4.17e-08
1435162983	4.15e-08
1435163043	4.15e-08
1435163103	4.14e-08
1435163163	4.14e-08
1435163223	4.13e-08
1435163283	4.14e-08
1435163343	4.13e-08
1435163403	4.12e-08
1435163463	4.11e-08
1435163523	4.1e-08
1435163583	4.1e-08
1435163643	4.09e-08
1435163703	4.09e-08
1435163763	4.07e-08
