1434667451	0.0
1434667511	0.00305
1434667571	5.4e-05
1434667631	3.24e-05
1434667691	2.32e-05
1434667751	1.79e-05
1434667811	1.45e-05
1434667871	1.22e-05
1434667931	1.04e-05
1434667991	9.12e-06
1434668051	8.09e-06
1434668111	7.24e-06
1434668171	6.57e-06
1434668231	6.01e-06
1434668291	5.52e-06
1434668351	5e-06
1434668411	4.69e-06
1434668471	4.42e-06
1434668530	4.21e-06
1434668590	3.97e-06
1434668650	3.77e-06
1434668710	3.6e-06
1434668770	3.45e-06
1434668830	3.31e-06
1434668890	3.19e-06
1434668950	3.07e-06
1434669010	2.97e-06
1434669070	2.88e-06
1434669130	2.79e-06
1434669190	2.71e-06
1434669250	2.65e-06
1434669310	2.57e-06
1434669370	2.51e-06
1434669430	2.45e-06
1434669490	2.39e-06
1434669550	2.33e-06
1434669610	2.28e-06
1434669670	2.23e-06
1434669730	2.17e-06
1434669790	2.13e-06
1434669849	2.09e-06
1434669909	2.06e-06
1434669969	2.04e-06
1434670029	2.02e-06
1434670089	1.99e-06
1434670149	1.96e-06
1434670209	1.92e-06
1434670269	1.89e-06
1434670329	1.86e-06
1434670389	1.83e-06
1434670449	1.81e-06
1434670509	1.78e-06
1434670569	1.75e-06
1434670629	1.73e-06
1434670689	1.71e-06
1434670749	1.68e-06
1434670809	1.66e-06
1434670869	1.63e-06
1434670929	1.61e-06
1434670989	1.6e-06
1434671049	1.57e-06
1434671109	1.55e-06
1434671168	1.54e-06
1434671228	1.51e-06
1434671288	1.5e-06
1434671348	1.47e-06
1434671408	1.46e-06
1434671468	1.44e-06
1434671528	1.42e-06
1434671588	1.41e-06
1434671648	1.39e-06
1434671708	1.37e-06
1434671768	1.36e-06
1434671828	1.35e-06
1434671888	1.33e-06
1434671948	1.32e-06
1434672008	1.31e-06
1434672068	1.29e-06
1434672128	1.28e-06
1434672188	1.26e-06
1434672248	1.25e-06
1434672308	1.24e-06
1434672368	1.23e-06
1434672428	1.21e-06
1434672487	1.21e-06
1434672547	1.21e-06
1434672607	1.19e-06
1434672667	1.18e-06
1434672727	1.16e-06
1434672787	1.15e-06
1434672847	1.14e-06
1434672907	1.13e-06
1434672967	1.12e-06
1434673027	1.11e-06
1434673087	1.11e-06
1434673147	1.09e-06
1434673207	1.09e-06
1434673267	1.08e-06
1434673327	1.07e-06
1434673387	1.06e-06
1434673447	1.05e-06
1434673507	1.04e-06
1434673567	1.03e-06
1434673627	1.02e-06
1434673687	1.01e-06
1434673747	1.01e-06
1434673806	9.97e-07
1434673866	9.86e-07
1434673926	9.79e-07
1434673986	9.76e-07
1434674046	9.66e-07
1434674106	9.58e-07
1434674166	9.52e-07
1434674226	9.44e-07
1434674286	9.39e-07
1434674346	9.3e-07
1434674406	9.25e-07
1434674466	9.17e-07
1434674526	9.12e-07
1434674586	9.05e-07
1434674646	9e-07
1434674706	8.93e-07
1434674766	8.88e-07
1434674826	8.81e-07
1434674886	8.76e-07
1434674946	8.71e-07
1434675006	8.66e-07
1434675065	8.6e-07
1434675125	8.55e-07
1434675185	8.49e-07
1434675245	8.45e-07
1434675305	8.4e-07
1434675365	8.34e-07
1434675425	8.3e-07
1434675485	8.26e-07
1434675545	8.21e-07
1434675605	8.15e-07
1434675665	8.11e-07
1434675725	8.06e-07
1434675785	8.01e-07
1434675845	7.96e-07
1434675905	7.92e-07
1434675965	7.88e-07
1434676025	7.86e-07
1434676085	7.8e-07
1434676145	7.76e-07
1434676205	7.7e-07
1434676265	7.69e-07
1434676325	7.63e-07
1434676384	7.58e-07
1434676444	7.54e-07
1434676504	7.51e-07
1434676564	7.46e-07
1434676624	7.42e-07
1434676684	7.38e-07
1434676744	7.34e-07
1434676804	7.3e-07
1434676864	7.26e-07
1434676924	7.24e-07
1434676984	7.18e-07
1434677044	7.14e-07
1434677104	7.11e-07
1434677164	7.08e-07
1434677224	7.04e-07
1434677284	7.01e-07
1434677344	6.99e-07
1434677404	6.94e-07
1434677464	6.89e-07
1434677524	6.87e-07
1434677584	6.82e-07
1434677644	6.79e-07
1434677703	6.75e-07
1434677763	6.73e-07
1434677823	6.69e-07
1434677883	6.67e-07
1434677943	6.62e-07
1434678003	6.6e-07
1434678063	6.57e-07
1434678123	6.53e-07
1434678183	6.5e-07
1434678243	6.46e-07
1434678303	6.43e-07
1434678363	6.39e-07
1434678423	6.37e-07
1434678483	6.33e-07
1434678543	6.3e-07
1434678603	6.27e-07
1434678663	6.25e-07
1434678723	6.2e-07
1434678783	6.19e-07
1434678843	6.14e-07
1434678903	6.11e-07
1434678963	6.1e-07
1434679022	6.05e-07
1434679082	6.02e-07
1434679142	5.98e-07
1434679202	5.95e-07
1434679262	5.93e-07
1434679322	5.9e-07
1434679382	5.86e-07
1434679442	5.84e-07
1434679502	5.82e-07
1434679562	5.79e-07
1434679622	5.76e-07
1434679682	5.72e-07
1434679742	5.7e-07
1434679802	5.68e-07
1434679862	5.66e-07
1434679922	5.62e-07
1434679982	5.58e-07
1434680042	5.56e-07
1434680102	5.55e-07
1434680162	5.52e-07
1434680222	5.48e-07
1434680282	5.45e-07
1434680341	5.44e-07
1434680401	5.41e-07
1434680461	5.39e-07
1434680521	5.35e-07
1434680581	5.33e-07
1434680641	5.31e-07
1434680701	5.27e-07
1434680761	5.25e-07
1434680821	5.22e-07
1434680881	5.22e-07
1434680941	5.18e-07
1434681001	5.15e-07
1434681061	5.13e-07
1434681121	5.1e-07
1434681181	5.08e-07
1434681241	5.06e-07
1434681301	5.03e-07
1434681361	5.01e-07
1434681421	5e-07
1434681481	4.97e-07
1434681541	4.95e-07
1434681600	4.94e-07
1434681660	4.9e-07
1434681720	4.89e-07
1434681780	4.87e-07
1434681840	4.85e-07
1434681900	4.84e-07
1434681960	4.81e-07
1434682020	4.8e-07
1434682080	4.81e-07
1434682140	4.77e-07
1434682200	4.75e-07
1434682260	4.73e-07
1434682320	4.72e-07
1434682380	4.69e-07
1434682440	4.67e-07
1434682500	4.66e-07
1434682560	4.64e-07
1434682620	4.61e-07
1434682680	4.6e-07
1434682740	4.58e-07
1434682800	4.58e-07
1434682860	4.56e-07
1434682919	4.54e-07
1434682979	4.51e-07
1434683039	4.5e-07
1434683099	4.49e-07
1434683159	4.46e-07
1434683219	4.45e-07
1434683279	4.44e-07
1434683339	4.42e-07
1434683399	4.4e-07
1434683459	4.39e-07
1434683519	4.38e-07
1434683579	4.36e-07
1434683639	4.35e-07
1434683699	4.33e-07
1434683759	4.31e-07
1434683819	4.29e-07
1434683879	4.28e-07
1434683939	4.25e-07
1434683999	4.24e-07
1434684059	4.22e-07
1434684119	4.21e-07
1434684179	4.21e-07
1434684238	4.17e-07
1434684298	4.16e-07
1434684358	4.15e-07
1434684418	4.13e-07
1434684478	4.11e-07
1434684538	4.1e-07
1434684598	4.09e-07
1434684658	4.07e-07
1434684718	4.05e-07
1434684778	4.04e-07
1434684838	4.01e-07
1434684898	4.02e-07
1434684958	4.01e-07
1434685018	3.98e-07
1434685078	3.96e-07
1434685138	3.95e-07
1434685198	3.93e-07
1434685258	3.91e-07
1434685318	3.9e-07
1434685378	3.89e-07
1434685438	3.88e-07
1434685498	3.87e-07
1434685557	3.86e-07
1434685617	3.85e-07
1434685677	3.82e-07
1434685737	3.8e-07
1434685797	3.79e-07
1434685857	3.77e-07
1434685917	3.76e-07
1434685977	3.74e-07
1434686037	3.72e-07
1434686097	3.7e-07
1434686157	3.69e-07
1434686217	3.66e-07
1434686277	3.65e-07
1434686337	3.64e-07
1434686397	3.62e-07
1434686457	3.61e-07
1434686517	3.6e-07
1434686577	3.58e-07
1434686637	3.58e-07
1434686697	3.57e-07
1434686757	3.53e-07
1434686817	3.52e-07
1434686876	3.51e-07
1434686936	3.5e-07
1434686996	3.49e-07
1434687056	3.47e-07
1434687116	3.46e-07
1434687176	3.45e-07
1434687236	3.44e-07
1434687296	3.43e-07
1434687356	3.42e-07
1434687416	3.42e-07
1434687476	3.39e-07
1434687536	3.38e-07
1434687596	3.36e-07
1434687656	3.36e-07
1434687716	3.34e-07
1434687776	3.32e-07
1434687836	3.31e-07
1434687896	3.3e-07
1434687956	3.28e-07
1434688016	3.28e-07
1434688076	3.26e-07
1434688135	3.25e-07
1434688195	3.25e-07
1434688255	3.23e-07
1434688315	3.23e-07
1434688375	3.2e-07
1434688435	3.19e-07
1434688495	3.19e-07
1434688555	3.17e-07
1434688615	3.17e-07
1434688675	3.15e-07
1434688735	3.13e-07
1434688795	3.12e-07
1434688855	3.13e-07
1434688915	3.1e-07
1434688975	3.09e-07
1434689035	3.1e-07
1434689095	3.08e-07
1434689155	3.06e-07
1434689215	3.05e-07
1434689275	3.05e-07
1434689335	3.04e-07
1434689395	3.02e-07
1434689454	3.01e-07
1434689514	3.01e-07
1434689574	2.99e-07
1434689634	2.99e-07
1434689694	2.96e-07
1434689754	2.96e-07
1434689814	2.95e-07
1434689874	2.93e-07
1434689934	2.93e-07
1434689994	2.92e-07
1434690054	2.91e-07
1434690114	2.9e-07
1434690174	2.89e-07
1434690234	2.88e-07
1434690294	2.9e-07
1434690354	2.9e-07
1434690414	2.88e-07
1434690474	2.87e-07
1434690534	2.87e-07
1434690594	2.85e-07
1434690654	2.85e-07
1434690714	2.84e-07
1434690773	2.83e-07
1434690833	2.84e-07
1434690893	2.81e-07
1434690953	2.8e-07
1434691013	2.79e-07
1434691073	2.79e-07
1434691133	2.78e-07
1434691193	2.77e-07
1434691253	2.77e-07
1434691313	2.75e-07
1434691373	2.76e-07
1434691433	2.75e-07
1434691493	2.73e-07
1434691553	2.74e-07
1434691613	2.71e-07
1434691673	2.7e-07
1434691733	2.7e-07
1434691793	2.69e-07
1434691853	2.69e-07
1434691913	2.68e-07
1434691973	2.67e-07
1434692033	2.66e-07
1434692092	2.65e-07
1434692152	2.64e-07
1434692212	2.64e-07
1434692272	2.63e-07
1434692332	2.61e-07
1434692392	2.61e-07
1434692452	2.61e-07
1434692512	2.6e-07
1434692572	2.58e-07
1434692632	2.57e-07
1434692692	2.57e-07
1434692752	2.57e-07
1434692812	2.55e-07
1434692872	2.55e-07
1434692932	2.56e-07
1434692992	2.53e-07
1434693052	2.53e-07
1434693112	2.52e-07
1434693172	2.51e-07
1434693232	2.5e-07
1434693292	2.51e-07
1434693352	2.49e-07
1434693411	2.49e-07
1434693471	2.48e-07
1434693531	2.48e-07
1434693591	2.46e-07
1434693651	2.46e-07
1434693711	2.45e-07
1434693771	2.44e-07
1434693831	2.44e-07
1434693891	2.44e-07
1434693951	2.42e-07
1434694011	2.42e-07
1434694071	2.41e-07
1434694131	2.4e-07
1434694191	2.39e-07
1434694251	2.39e-07
1434694311	2.38e-07
1434694371	2.37e-07
1434694431	2.36e-07
1434694491	2.36e-07
1434694551	2.35e-07
1434694611	2.34e-07
1434694670	2.34e-07
1434694730	2.33e-07
1434694790	2.33e-07
1434694850	2.33e-07
1434694910	2.31e-07
1434694970	2.3e-07
1434695030	2.3e-07
1434695090	2.29e-07
1434695150	2.29e-07
1434695210	2.28e-07
1434695270	2.27e-07
1434695330	2.27e-07
1434695390	2.27e-07
1434695450	2.25e-07
1434695510	2.25e-07
1434695570	2.24e-07
1434695630	2.24e-07
1434695690	2.23e-07
1434695750	2.23e-07
1434695810	2.23e-07
1434695870	2.21e-07
1434695930	2.21e-07
1434695989	2.2e-07
1434696049	2.2e-07
1434696109	2.19e-07
1434696169	2.19e-07
1434696229	2.18e-07
1434696289	2.17e-07
1434696349	2.18e-07
1434696409	2.16e-07
1434696469	2.16e-07
1434696529	2.16e-07
1434696589	2.16e-07
1434696649	2.14e-07
1434696709	2.13e-07
1434696769	2.14e-07
1434696829	2.12e-07
1434696889	2.12e-07
1434696949	2.11e-07
1434697009	2.1e-07
1434697069	2.11e-07
1434697129	2.09e-07
1434697189	2.08e-07
1434697249	2.08e-07
1434697308	2.08e-07
1434697368	2.07e-07
1434697428	2.07e-07
1434697488	2.06e-07
1434697548	2.05e-07
1434697608	2.05e-07
1434697668	2.04e-07
1434697728	2.04e-07
1434697788	2.03e-07
1434697848	2.03e-07
1434697908	2.02e-07
1434697968	2.02e-07
1434698028	2.02e-07
1434698088	2e-07
1434698148	2e-07
1434698208	2e-07
1434698268	1.99e-07
1434698328	1.99e-07
1434698388	1.98e-07
1434698448	1.98e-07
1434698508	1.98e-07
1434698568	1.97e-07
1434698627	1.97e-07
1434698687	1.96e-07
1434698747	1.95e-07
1434698807	1.95e-07
1434698867	1.94e-07
1434698927	1.95e-07
1434698987	1.93e-07
1434699047	1.93e-07
1434699107	1.93e-07
1434699167	1.92e-07
1434699227	1.92e-07
1434699287	1.92e-07
1434699347	1.91e-07
1434699407	1.9e-07
1434699467	1.9e-07
1434699527	1.89e-07
1434699587	1.89e-07
1434699647	1.89e-07
1434699707	1.89e-07
1434699767	1.88e-07
1434699827	1.88e-07
1434699887	1.86e-07
1434699946	1.86e-07
1434700006	1.86e-07
1434700066	1.85e-07
1434700126	1.85e-07
1434700186	1.84e-07
1434700246	1.84e-07
1434700306	1.83e-07
1434700366	1.83e-07
1434700426	1.83e-07
1434700486	1.82e-07
1434700546	1.82e-07
1434700606	1.82e-07
1434700666	1.81e-07
1434700726	1.8e-07
1434700786	1.8e-07
1434700846	1.79e-07
1434700906	1.79e-07
1434700966	1.78e-07
1434701026	1.79e-07
1434701086	1.78e-07
1434701146	1.77e-07
1434701205	1.78e-07
1434701265	1.76e-07
1434701325	1.76e-07
1434701385	1.75e-07
1434701445	1.75e-07
1434701505	1.75e-07
1434701565	1.74e-07
1434701625	1.74e-07
1434701685	1.73e-07
1434701745	1.73e-07
1434701805	1.73e-07
1434701865	1.72e-07
1434701925	1.71e-07
1434701985	1.71e-07
1434702045	1.71e-07
1434702105	1.71e-07
1434702165	1.7e-07
1434702225	1.69e-07
1434702285	1.69e-07
1434702345	1.68e-07
1434702405	1.68e-07
1434702465	1.68e-07
1434702524	1.67e-07
1434702584	1.67e-07
1434702644	1.67e-07
1434702704	1.66e-07
1434702764	1.66e-07
1434702824	1.65e-07
1434702884	1.65e-07
1434702944	1.65e-07
1434703004	1.64e-07
1434703064	1.64e-07
1434703124	1.63e-07
1434703184	1.63e-07
1434703244	1.63e-07
1434703304	1.62e-07
1434703364	1.62e-07
1434703424	1.56e-07
1434703484	1.56e-07
1434703544	1.56e-07
1434703604	1.56e-07
1434703664	1.55e-07
1434703724	1.55e-07
1434703784	1.54e-07
1434703843	1.54e-07
1434703903	1.53e-07
1434703963	1.53e-07
1434704023	1.52e-07
1434704083	1.52e-07
1434704143	1.51e-07
1434704203	1.51e-07
1434704263	1.51e-07
1434704323	1.51e-07
1434704383	1.51e-07
1434704443	1.5e-07
1434704503	1.5e-07
1434704563	1.48e-07
1434704623	1.49e-07
1434704683	1.47e-07
1434704743	1.47e-07
1434704803	1.48e-07
1434704863	1.46e-07
1434704923	1.46e-07
1434704983	1.45e-07
1434705043	1.45e-07
1434705103	1.45e-07
1434705162	1.44e-07
1434705222	1.44e-07
1434705282	1.44e-07
1434705342	1.43e-07
1434705402	1.43e-07
1434705462	1.43e-07
1434705522	1.42e-07
1434705582	1.42e-07
1434705642	1.42e-07
1434705702	1.41e-07
1434705762	1.41e-07
1434705822	1.42e-07
1434705882	1.4e-07
1434705942	1.4e-07
1434706002	1.4e-07
1434706062	2.28e-07
1434706122	2.65e-07
1434706182	2.65e-07
1434706242	2.63e-07
1434706302	2.63e-07
1434706362	2.62e-07
1434706421	2.63e-07
1434706481	2.63e-07
1434706541	2.62e-07
1434706601	2.61e-07
1434706661	2.6e-07
1434706721	2.6e-07
1434706781	2.6e-07
1434706841	2.59e-07
1434706901	2.59e-07
1434706961	2.58e-07
1434707021	2.58e-07
1434707081	2.57e-07
1434707141	2.57e-07
1434707201	2.57e-07
1434707261	2.56e-07
1434707321	2.56e-07
1434707381	2.55e-07
1434707441	2.55e-07
1434707501	2.54e-07
1434707561	2.53e-07
1434707621	2.54e-07
1434707681	2.53e-07
1434707740	2.53e-07
1434707800	2.53e-07
1434707860	2.52e-07
1434707920	2.51e-07
1434707980	2.51e-07
1434708040	2.5e-07
1434708100	2.5e-07
1434708160	2.5e-07
1434708220	2.5e-07
1434708280	2.49e-07
1434708340	2.48e-07
1434708400	2.48e-07
1434708460	2.48e-07
1434708520	2.47e-07
1434708580	2.47e-07
1434708640	2.46e-07
1434708700	2.47e-07
1434708760	2.46e-07
1434708820	2.45e-07
1434708880	2.46e-07
1434708940	2.45e-07
1434709000	2.44e-07
1434709059	2.44e-07
1434709119	2.43e-07
1434709179	2.43e-07
1434709239	2.43e-07
1434709299	2.43e-07
1434709359	2.42e-07
1434709419	2.41e-07
1434709479	2.41e-07
1434709539	2.41e-07
1434709599	2.4e-07
1434709659	2.41e-07
1434709719	2.39e-07
1434709779	2.39e-07
1434709839	2.38e-07
1434709899	2.39e-07
1434709959	2.39e-07
1434710019	2.38e-07
1434710079	2.37e-07
1434710139	2.38e-07
1434710199	2.37e-07
1434710259	2.36e-07
1434710319	2.36e-07
1434710378	2.35e-07
1434710438	2.35e-07
1434710498	2.35e-07
1434710558	2.35e-07
1434710618	2.35e-07
1434710678	2.33e-07
1434710738	2.33e-07
1434710798	2.33e-07
1434710858	2.33e-07
1434710918	2.32e-07
1434710978	2.33e-07
1434711038	2.31e-07
1434711098	2.31e-07
1434711158	2.31e-07
1434711218	2.31e-07
1434711278	2.3e-07
1434711338	2.3e-07
1434711398	2.29e-07
1434711458	2.29e-07
1434711518	2.29e-07
1434711578	2.29e-07
1434711638	2.27e-07
1434711697	2.27e-07
1434711757	2.27e-07
1434711817	2.26e-07
1434711877	2.26e-07
1434711937	2.26e-07
1434711997	2.26e-07
1434712057	2.25e-07
1434712117	2.25e-07
1434712177	2.25e-07
1434712237	2.24e-07
1434712297	2.24e-07
1434712357	2.24e-07
1434712417	2.23e-07
1434712477	2.23e-07
1434712537	2.22e-07
1434712597	2.22e-07
1434712657	2.22e-07
1434712717	2.23e-07
1434712777	2.21e-07
1434712837	2.21e-07
1434712897	2.21e-07
1434712956	2.21e-07
1434713016	2.19e-07
1434713076	2.2e-07
1434713136	2.2e-07
1434713196	2.19e-07
1434713256	2.18e-07
1434713316	2.18e-07
1434713376	2.18e-07
1434713436	2.17e-07
1434713496	2.18e-07
1434713556	2.17e-07
1434713616	2.17e-07
1434713676	2.16e-07
1434713736	2.16e-07
1434713796	2.16e-07
1434713856	2.15e-07
1434713916	2.15e-07
1434713976	2.14e-07
1434714036	2.14e-07
1434714096	2.15e-07
1434714156	2.14e-07
1434714216	2.13e-07
1434714275	2.13e-07
1434714335	2.13e-07
1434714395	2.13e-07
1434714455	2.12e-07
1434714515	2.12e-07
1434714575	2.11e-07
1434714635	2.11e-07
1434714695	2.1e-07
1434714755	2.1e-07
1434714815	2.11e-07
1434714875	2.1e-07
1434714935	2.1e-07
1434714995	2.09e-07
1434715055	2.09e-07
1434715115	2.09e-07
1434715175	2.08e-07
1434715235	2.09e-07
1434715295	2.08e-07
1434715355	2.07e-07
1434715415	2.07e-07
1434715475	2.07e-07
1434715535	2.06e-07
1434715594	2.06e-07
1434715654	2.06e-07
1434715714	2.06e-07
1434715774	2.05e-07
1434715834	2.06e-07
1434715894	2.04e-07
1434715954	2.04e-07
1434716014	2.04e-07
1434716074	2.03e-07
1434716134	2.04e-07
1434716194	2.03e-07
1434716254	2.03e-07
1434716314	2.03e-07
1434716374	2.02e-07
1434716434	2.01e-07
1434716494	2.02e-07
1434716554	2.02e-07
1434716614	2.01e-07
1434716674	2.01e-07
1434716734	2.01e-07
1434716794	2e-07
1434716854	2e-07
1434716913	2e-07
1434716973	2e-07
1434717033	1.99e-07
1434717093	1.99e-07
1434717153	1.99e-07
1434717213	1.99e-07
1434717273	1.98e-07
1434717333	1.97e-07
1434717393	1.97e-07
1434717453	1.97e-07
1434717513	1.98e-07
1434717573	1.97e-07
1434717633	1.97e-07
1434717693	1.96e-07
1434717753	1.96e-07
1434717813	1.96e-07
1434717873	1.96e-07
1434717933	1.94e-07
1434717993	1.95e-07
1434718053	1.95e-07
1434718113	1.94e-07
1434718173	1.94e-07
1434718232	1.94e-07
1434718292	1.94e-07
1434718352	1.94e-07
1434718412	1.93e-07
1434718472	1.92e-07
1434718532	1.92e-07
1434718592	1.92e-07
1434718652	1.92e-07
1434718712	1.91e-07
1434718772	1.91e-07
1434718832	1.92e-07
1434718892	1.91e-07
1434718952	1.91e-07
1434719012	1.9e-07
1434719072	1.9e-07
1434719132	1.89e-07
1434719192	1.89e-07
1434719252	1.89e-07
1434719312	1.89e-07
1434719372	1.88e-07
1434719432	1.89e-07
1434719491	1.88e-07
1434719551	1.88e-07
1434719611	1.88e-07
1434719671	1.88e-07
1434719731	1.87e-07
1434719791	1.86e-07
1434719851	1.87e-07
1434719911	1.86e-07
1434719971	1.85e-07
1434720031	1.86e-07
1434720091	1.86e-07
1434720151	1.86e-07
1434720211	1.85e-07
1434720271	1.85e-07
1434720331	1.85e-07
1434720391	1.84e-07
1434720451	1.84e-07
1434720511	1.84e-07
1434720571	1.84e-07
1434720631	1.83e-07
1434720691	1.83e-07
1434720751	1.83e-07
1434720810	1.83e-07
1434720870	1.83e-07
1434720930	1.82e-07
1434720990	1.82e-07
1434721050	1.82e-07
1434721110	1.82e-07
1434721170	1.81e-07
1434721230	1.81e-07
1434721290	1.8e-07
1434721350	1.81e-07
1434721410	1.81e-07
1434721470	1.8e-07
1434721530	1.8e-07
1434721590	1.79e-07
1434721650	1.79e-07
1434721710	1.79e-07
1434721770	1.79e-07
1434721830	1.79e-07
1434721890	1.78e-07
1434721950	1.78e-07
1434722010	1.78e-07
1434722070	1.78e-07
1434722129	1.78e-07
1434722189	1.77e-07
1434722249	1.77e-07
1434722309	1.76e-07
1434722369	1.76e-07
1434722429	1.77e-07
1434722489	1.76e-07
1434722549	1.75e-07
1434722609	1.75e-07
1434722669	1.75e-07
1434722729	1.76e-07
1434722789	1.76e-07
1434722849	1.75e-07
1434722909	1.75e-07
1434722969	1.74e-07
1434723029	1.74e-07
1434723089	1.74e-07
1434723149	1.74e-07
1434723209	1.74e-07
1434723269	1.73e-07
1434723329	1.73e-07
1434723389	1.72e-07
1434723448	1.72e-07
1434723508	1.72e-07
1434723568	1.73e-07
1434723628	1.72e-07
1434723688	1.72e-07
1434723748	1.72e-07
1434723808	1.71e-07
1434723868	1.71e-07
1434723928	1.71e-07
1434723988	1.71e-07
1434724048	1.7e-07
1434724108	1.7e-07
1434724168	1.7e-07
1434724228	1.69e-07
1434724288	1.7e-07
1434724348	1.7e-07
1434724408	1.69e-07
1434724468	1.69e-07
1434724528	1.69e-07
1434724588	1.69e-07
1434724648	1.69e-07
1434724708	1.68e-07
1434724767	1.68e-07
1434724827	1.68e-07
1434724887	1.68e-07
1434724947	1.67e-07
1434725007	1.68e-07
1434725067	1.67e-07
1434725127	1.67e-07
1434725187	1.67e-07
1434725247	1.66e-07
1434725307	1.66e-07
1434725367	1.66e-07
1434725427	1.66e-07
1434725487	1.66e-07
1434725547	1.66e-07
1434725607	1.65e-07
1434725667	1.65e-07
1434725727	1.65e-07
1434725787	1.65e-07
1434725847	1.64e-07
1434725907	1.65e-07
1434725967	1.64e-07
1434726027	1.64e-07
1434726086	1.64e-07
1434726146	1.64e-07
1434726206	1.64e-07
1434726266	1.63e-07
1434726326	7.7e-07
1434726386	9.08e-07
1434726446	9.39e-07
1434726506	9.53e-07
1434726566	9.56e-07
1434726626	9.62e-07
1434726686	9.62e-07
1434726746	9.63e-07
1434729151	0.0
1434729211	1.89e-06
1434729271	1.44e-06
1434729331	1.27e-06
1434729391	1.2e-06
1434729451	1.17e-06
1434729511	1.15e-06
1434729571	1.13e-06
1434729631	1.12e-06
1434729691	1.11e-06
1434729751	1.1e-06
1434729811	1.09e-06
1434729871	1.08e-06
1434729931	1.08e-06
1434729991	1.07e-06
1434730051	1.07e-06
1434730110	1.06e-06
1434730170	1.05e-06
1434730230	1.05e-06
1434730290	1.05e-06
1434730350	1.04e-06
1434730410	1.03e-06
1434730470	1.03e-06
1434730530	1.03e-06
1434730590	1.02e-06
1434730650	1.02e-06
1434730710	1.01e-06
1434730770	1.01e-06
1434730830	1e-06
1434730890	1e-06
1434730950	9.96e-07
1434731010	9.94e-07
1434731070	9.91e-07
1434731130	9.87e-07
1434731190	9.87e-07
1434731250	9.82e-07
1434731310	9.79e-07
1434731370	9.79e-07
1434731430	9.78e-07
1434731490	9.72e-07
1434731549	9.68e-07
1434731609	9.67e-07
1434731669	9.67e-07
1434731729	9.6e-07
1434731789	9.57e-07
1434731849	9.55e-07
1434731909	9.58e-07
1434731969	2.99e-07
1434732029	2.18e-07
1434732089	2.01e-07
1434732149	1.91e-07
1434732209	1.85e-07
1434732269	1.79e-07
1434732329	1.76e-07
1434732389	1.73e-07
1434732449	1.7e-07
1434732509	1.68e-07
1434732569	1.66e-07
1434732629	1.64e-07
1434732689	1.63e-07
1434732749	1.62e-07
1434732809	1.6e-07
1434732868	1.6e-07
1434732928	1.58e-07
1434732988	1.58e-07
1434733048	1.57e-07
1434733108	1.56e-07
1434733168	1.56e-07
1434733228	1.55e-07
1434733288	1.54e-07
1434733348	1.54e-07
1434733408	1.53e-07
1434733468	1.53e-07
1434733528	1.52e-07
1434733588	1.51e-07
1434733648	1.52e-07
1434733708	1.51e-07
1434733768	1.5e-07
1434733828	1.5e-07
1434733888	1.49e-07
1434733948	1.49e-07
1434734008	1.48e-07
1434734068	1.48e-07
1434734128	1.48e-07
1434734187	1.48e-07
1434734247	1.48e-07
1434734307	1.47e-07
1434734367	1.47e-07
1434734427	1.46e-07
1434734487	1.46e-07
1434734547	1.46e-07
1434734607	1.45e-07
1434734667	1.45e-07
1434734727	1.44e-07
1434734787	1.45e-07
1434734847	1.45e-07
1434734907	1.44e-07
1434734967	1.44e-07
1434735027	1.44e-07
1434735087	1.43e-07
1434735147	1.44e-07
1434735207	1.43e-07
1434735267	1.43e-07
1434735327	1.43e-07
1434735387	1.43e-07
1434735447	1.43e-07
1434735506	1.42e-07
1434735566	1.42e-07
1434735626	1.42e-07
1434735686	1.41e-07
1434735746	1.42e-07
1434735806	1.4e-07
1434735866	1.4e-07
1434735926	1.4e-07
1434735986	1.41e-07
1434736046	1.4e-07
1434736106	1.4e-07
1434736166	1.4e-07
1434736226	1.4e-07
1434736286	1.4e-07
1434736346	1.39e-07
1434736406	1.39e-07
1434736466	1.39e-07
1434736526	1.39e-07
1434736586	1.39e-07
1434736646	1.39e-07
1434736706	1.38e-07
1434736766	1.38e-07
1434736825	1.38e-07
1434736885	1.37e-07
1434736945	1.38e-07
1434737005	1.37e-07
1434737065	1.37e-07
1434737125	1.37e-07
1434737185	1.37e-07
1434737245	1.37e-07
1434737305	1.36e-07
1434737365	1.37e-07
1434737425	1.36e-07
1434737485	1.36e-07
1434737545	1.36e-07
1434737605	1.36e-07
1434737665	1.36e-07
1434737725	1.36e-07
1434737785	1.35e-07
1434737845	1.36e-07
1434737905	1.37e-07
1434737965	1.35e-07
1434738025	1.35e-07
1434738085	1.35e-07
1434738144	1.35e-07
1434738204	1.35e-07
1434738264	1.34e-07
1434738324	1.34e-07
1434738384	1.34e-07
1434738444	1.34e-07
1434738504	1.34e-07
1434738564	1.33e-07
1434738624	1.34e-07
1434738684	1.34e-07
1434738744	1.34e-07
1434738804	1.33e-07
1434738864	1.33e-07
1434738924	1.33e-07
1434738984	1.32e-07
1434739044	1.33e-07
1434739104	1.33e-07
1434739164	1.32e-07
1434739224	1.32e-07
1434739284	1.32e-07
1434739344	1.33e-07
1434739403	1.32e-07
1434739463	1.32e-07
1434739523	1.32e-07
1434739583	1.32e-07
1434739643	1.31e-07
1434739703	1.31e-07
1434739763	1.32e-07
1434739823	1.31e-07
1434739883	1.31e-07
1434739943	1.31e-07
1434740003	1.31e-07
1434740063	1.31e-07
1434740123	1.31e-07
1434740183	1.3e-07
1434740243	1.3e-07
1434740303	1.3e-07
1434740363	1.3e-07
1434740423	1.3e-07
1434740483	1.3e-07
1434740543	1.3e-07
1434740603	1.3e-07
1434740663	1.34e-07
1434740722	1.35e-07
1434740782	1.34e-07
1434740842	1.34e-07
1434740902	1.34e-07
1434740962	1.33e-07
1434741022	1.34e-07
1434741082	1.33e-07
1434741142	1.33e-07
1434741202	1.33e-07
1434741262	1.32e-07
1434741322	1.32e-07
1434741382	1.32e-07
1434741442	1.32e-07
1434741502	1.31e-07
1434741562	1.32e-07
1434741622	1.31e-07
1434741682	1.31e-07
1434741742	1.31e-07
1434741802	1.31e-07
1434741862	1.31e-07
1434741922	1.3e-07
1434741982	1.3e-07
1434742041	1.31e-07
1434742101	1.3e-07
1434742161	1.3e-07
1434742221	1.29e-07
1434742281	1.29e-07
1434742341	1.3e-07
1434742401	1.29e-07
1434742461	1.29e-07
1434742521	1.29e-07
1434742581	1.29e-07
1434742641	1.3e-07
1434742701	1.3e-07
1434742761	1.28e-07
1434742821	1.28e-07
1434742881	1.28e-07
1434742941	1.28e-07
1434743001	1.28e-07
1434743061	1.28e-07
1434743121	1.28e-07
1434743181	1.27e-07
1434743241	1.27e-07
1434743301	1.27e-07
1434743360	1.28e-07
1434743420	1.27e-07
1434743480	1.27e-07
1434743540	1.27e-07
1434743600	1.26e-07
1434743660	1.26e-07
1434743720	1.27e-07
1434743780	1.27e-07
1434743840	1.26e-07
1434743900	1.26e-07
1434743960	1.26e-07
1434744020	1.25e-07
1434744080	1.25e-07
1434744140	1.25e-07
1434744200	1.25e-07
1434744260	1.25e-07
1434744320	1.25e-07
1434744380	1.25e-07
1434744440	1.25e-07
1434744500	1.25e-07
1434744560	1.24e-07
1434744620	1.24e-07
1434744679	1.24e-07
1434744739	1.24e-07
1434744799	1.24e-07
1434744859	1.24e-07
1434744919	1.24e-07
1434744979	1.23e-07
1434745039	1.23e-07
1434745099	1.23e-07
1434745159	1.23e-07
1434745219	1.23e-07
1434745279	1.22e-07
1434745339	1.23e-07
1434745399	1.22e-07
1434745459	1.22e-07
1434745519	1.22e-07
1434745579	1.22e-07
1434745639	1.23e-07
1434745699	1.22e-07
1434745759	1.22e-07
1434745819	1.22e-07
1434745879	1.22e-07
1434745939	1.22e-07
1434745998	1.21e-07
1434746058	1.21e-07
1434746118	1.21e-07
1434746178	1.22e-07
1434746238	1.21e-07
1434746298	1.21e-07
1434746358	1.2e-07
1434746418	1.2e-07
1434746478	1.2e-07
1434746538	1.21e-07
1434746598	1.2e-07
1434746658	1.2e-07
1434746718	1.2e-07
1434746778	1.2e-07
1434746838	1.2e-07
1434746898	1.2e-07
1434746958	1.2e-07
1434747018	1.19e-07
1434747078	1.19e-07
1434747138	1.19e-07
1434747198	1.19e-07
1434747258	1.19e-07
1434747317	1.19e-07
1434747377	1.18e-07
1434747437	1.18e-07
1434747497	1.19e-07
1434747557	1.18e-07
1434747617	1.18e-07
1434747677	1.18e-07
1434747737	1.18e-07
1434747797	1.17e-07
1434747857	1.17e-07
1434747917	1.17e-07
1434747977	1.18e-07
1434748037	1.17e-07
1434748097	1.17e-07
1434748157	1.17e-07
1434748217	1.17e-07
1434748277	1.17e-07
1434748337	1.16e-07
1434748397	1.16e-07
1434748457	1.16e-07
1434748517	1.16e-07
1434748577	1.16e-07
1434748636	1.16e-07
1434748696	1.16e-07
1434748756	1.16e-07
1434748816	1.16e-07
1434748876	1.15e-07
1434748936	1.15e-07
1434748996	1.15e-07
1434749056	1.15e-07
1434749116	1.15e-07
1434749176	1.15e-07
1434749236	1.14e-07
1434749296	1.15e-07
1434749356	1.14e-07
1434749416	1.14e-07
1434749476	1.14e-07
1434749536	1.14e-07
1434749596	1.15e-07
1434749656	1.14e-07
1434749716	1.14e-07
1434749776	1.14e-07
1434749836	1.14e-07
1434749896	1.13e-07
1434749955	1.13e-07
1434750015	1.13e-07
1434750075	1.13e-07
1434750135	1.13e-07
1434750195	1.13e-07
1434750255	1.13e-07
1434750315	1.13e-07
1434750375	1.13e-07
1434750435	1.13e-07
1434750495	1.13e-07
1434750555	1.13e-07
1434750615	1.13e-07
1434750675	1.12e-07
1434750735	1.12e-07
1434750795	1.12e-07
1434750855	1.12e-07
1434750915	1.12e-07
1434750975	1.12e-07
1434751035	1.11e-07
1434751095	1.12e-07
1434751155	1.11e-07
1434751215	1.11e-07
1434751274	1.11e-07
1434751334	1.11e-07
1434751394	1.11e-07
1434751454	1.11e-07
1434751514	1.11e-07
1434751574	1.11e-07
1434751634	1.11e-07
1434751694	1.11e-07
1434751754	1.1e-07
1434751814	1.1e-07
1434751874	1.1e-07
1434751934	1.1e-07
1434751994	1.1e-07
1434752054	1.1e-07
1434752114	1.1e-07
1434752174	1.1e-07
1434752234	1.1e-07
1434752294	1.09e-07
1434752354	1.1e-07
1434752414	1.1e-07
1434752474	1.09e-07
1434752534	1.09e-07
1434752593	1.09e-07
1434752653	1.09e-07
1434752713	1.09e-07
1434752773	1.09e-07
1434752833	1.09e-07
1434752893	1.09e-07
1434752953	1.09e-07
1434753013	1.08e-07
1434753073	1.08e-07
1434753133	1.08e-07
1434753193	1.08e-07
1434753253	1.08e-07
1434753313	1.08e-07
1434753373	1.08e-07
1434753433	1.08e-07
1434753493	1.08e-07
1434753553	1.08e-07
1434753613	1.07e-07
1434753673	1.08e-07
1434753733	1.07e-07
1434753793	1.07e-07
1434753853	1.07e-07
1434753912	1.07e-07
1434753972	1.07e-07
1434754032	1.07e-07
1434754092	1.08e-07
1434754152	1.07e-07
1434754212	1.06e-07
1434754272	1.07e-07
1434754332	1.07e-07
1434754392	1.07e-07
1434754452	1.06e-07
1434754512	1.06e-07
1434754572	1.06e-07
1434754632	1.06e-07
1434754692	1.06e-07
1434754752	1.06e-07
1434754812	1.06e-07
1434754872	1.06e-07
1434754932	1.06e-07
1434754992	1.06e-07
1434755052	1.06e-07
1434755112	1.06e-07
1434755172	1.06e-07
1434755231	1.05e-07
1434755291	1.05e-07
1434755351	1.05e-07
1434755411	1.05e-07
1434755471	1.05e-07
1434755531	1.04e-07
1434755591	1.05e-07
1434755651	1.04e-07
1434755711	1.05e-07
1434755771	1.04e-07
1434755831	1.04e-07
1434755891	1.05e-07
1434755951	1.04e-07
1434756011	1.04e-07
1434756071	1.04e-07
1434756131	1.04e-07
1434756191	1.04e-07
1434756251	1.04e-07
1434756311	1.04e-07
1434756371	1.04e-07
1434756431	1.03e-07
1434756491	1.03e-07
1434756550	1.03e-07
1434756610	1.03e-07
1434756670	1.03e-07
1434756730	1.04e-07
1434756790	1.03e-07
1434756850	1.03e-07
1434756910	1.03e-07
1434756970	1.02e-07
1434757030	1.03e-07
1434757090	1.03e-07
1434757150	1.03e-07
1434757210	1.03e-07
1434757270	1.02e-07
1434757330	1.02e-07
1434757390	1.02e-07
1434757450	1.02e-07
1434757510	1.03e-07
1434757570	1.02e-07
1434757630	1.02e-07
1434757690	1.01e-07
1434757750	1.02e-07
1434757810	1.01e-07
1434757869	1.01e-07
1434757929	1.01e-07
1434757989	1.01e-07
1434758049	1.01e-07
1434758109	1.01e-07
1434758169	1.01e-07
1434758229	1.01e-07
1434758289	1e-07
1434758349	1e-07
1434758409	1e-07
1434758469	1e-07
1434758529	9.97e-08
1434758589	9.99e-08
1434758649	9.99e-08
1434758709	1e-07
1434758769	9.99e-08
1434758829	9.95e-08
1434758889	9.94e-08
1434758949	9.95e-08
1434759009	9.9e-08
1434759069	9.92e-08
1434759129	9.91e-08
1434759188	9.93e-08
1434759248	9.88e-08
1434759308	9.88e-08
1434759368	9.84e-08
1434759428	9.86e-08
1434759488	9.84e-08
1434759548	9.83e-08
1434759608	9.86e-08
1434759668	9.84e-08
1434759728	9.82e-08
1434759788	9.84e-08
1434759848	9.82e-08
1434759908	9.79e-08
1434759968	9.77e-08
1434760028	9.8e-08
1434760088	9.76e-08
1434760148	9.73e-08
1434760208	9.73e-08
1434760268	9.73e-08
1434760328	9.7e-08
1434760388	9.7e-08
1434760447	9.7e-08
1434760507	9.66e-08
1434760567	9.7e-08
1434760627	9.67e-08
1434760687	9.69e-08
1434760747	9.66e-08
1434760807	9.65e-08
1434760867	9.65e-08
1434760927	9.68e-08
1434760987	9.63e-08
1434761047	9.61e-08
1434761107	9.57e-08
1434761167	9.56e-08
1434761227	9.56e-08
1434761287	9.58e-08
1434761347	9.57e-08
1434761407	9.55e-08
1434761467	9.52e-08
1434761527	9.57e-08
1434761587	9.52e-08
1434761647	9.53e-08
1434761707	9.5e-08
1434761766	9.49e-08
1434761826	9.47e-08
1434761886	9.45e-08
1434761946	9.48e-08
1434762006	9.47e-08
1434762066	9.45e-08
1434762126	9.45e-08
1434762186	9.44e-08
1434762246	9.44e-08
1434762306	9.41e-08
1434762366	9.42e-08
1434762426	9.41e-08
1434762486	9.39e-08
1434762546	9.4e-08
1434762606	9.38e-08
1434762666	9.34e-08
1434762726	9.35e-08
1434762786	9.33e-08
1434762846	9.33e-08
1434762906	9.35e-08
1434762966	9.29e-08
1434763026	9.32e-08
1434763085	9.29e-08
1434763145	9.29e-08
1434763205	9.32e-08
1434763265	9.29e-08
1434763325	9.26e-08
1434763385	9.27e-08
1434763445	9.24e-08
1434763505	9.25e-08
1434763565	9.25e-08
1434763625	9.23e-08
1434763685	9.24e-08
1434763745	9.22e-08
1434763805	9.21e-08
1434763865	9.2e-08
1434763925	9.18e-08
1434763985	9.18e-08
1434764045	9.17e-08
1434764105	9.16e-08
1434764165	9.15e-08
1434764225	9.15e-08
1434764285	9.13e-08
1434764345	9.15e-08
1434764404	9.11e-08
1434764464	9.1e-08
1434764524	9.1e-08
1434764584	9.09e-08
1434764644	9.08e-08
1434764704	9.09e-08
1434764764	9.09e-08
1434764824	9.05e-08
1434764884	9.04e-08
1434764944	9.07e-08
1434765004	9.05e-08
1434765064	9.04e-08
1434765124	9.11e-08
1434765184	9.03e-08
1434765244	9e-08
1434765304	8.99e-08
1434765364	8.99e-08
1434765424	9e-08
1434765484	9e-08
1434765544	2.66e-07
1434765604	2.67e-07
1434765664	2.92e-07
1434765723	3.02e-07
1434765783	3.1e-07
1434765843	3.13e-07
1434765903	3.19e-07
1434765963	3.24e-07
1434766023	3.28e-07
1434766083	3.31e-07
1434767072	0.0
1434767132	1.38e-07
1434767192	1.25e-07
1434767252	1.19e-07
1434767312	1.15e-07
1434767372	1.12e-07
1434767432	1.09e-07
1434767492	1.07e-07
1434767552	1.05e-07
1434767612	1.03e-07
1434767672	1.02e-07
1434767732	1.01e-07
1434767792	9.99e-08
1434767852	9.94e-08
1434767912	9.84e-08
1434767972	9.77e-08
1434768032	9.66e-08
1434768092	9.63e-08
1434768152	9.56e-08
1434768212	9.48e-08
1434768272	9.49e-08
1434768331	9.39e-08
1434768391	9.33e-08
1434768451	9.3e-08
1434768511	9.25e-08
1434768571	9.22e-08
1434768631	9.21e-08
1434768691	9.16e-08
1434768751	9.13e-08
1434768811	9.14e-08
1434768871	9.09e-08
1434768931	9.02e-08
1434768991	9.01e-08
1434769051	9e-08
1434769111	9e-08
1434769171	8.97e-08
1434769231	8.87e-08
1434769291	8.91e-08
1434769351	8.89e-08
1434769411	8.83e-08
1434769471	8.85e-08
1434769531	8.82e-08
1434769591	8.81e-08
1434769650	8.78e-08
1434769710	8.76e-08
1434769770	8.76e-08
1434769830	8.74e-08
1434769890	8.72e-08
1434769950	8.73e-08
1434770010	8.67e-08
1434770070	8.66e-08
1434770130	8.67e-08
1434770190	8.65e-08
1434770250	8.66e-08
1434770310	8.67e-08
1434770370	8.63e-08
1434770430	8.62e-08
1434770490	8.61e-08
1434770550	8.61e-08
1434770610	8.6e-08
1434770670	8.57e-08
1434770730	8.58e-08
1434770790	8.55e-08
1434770850	8.52e-08
1434770910	8.54e-08
1434770969	8.51e-08
1434771029	8.49e-08
1434771089	8.51e-08
1434771149	8.49e-08
1434771209	8.48e-08
1434771269	8.48e-08
1434771329	8.48e-08
1434771389	8.45e-08
1434771449	8.45e-08
1434771509	8.44e-08
1434771569	8.41e-08
1434771629	8.44e-08
1434771689	8.4e-08
1434771749	8.39e-08
1434771809	8.38e-08
1434771869	8.38e-08
1434771929	8.36e-08
1434771989	8.37e-08
1434772049	8.38e-08
1434772109	8.35e-08
1434772169	8.35e-08
1434772229	8.34e-08
1434772288	8.35e-08
1434772348	8.34e-08
1434772408	8.31e-08
1434772468	8.3e-08
1434772528	8.31e-08
1434772588	8.28e-08
1434772648	8.3e-08
1434772708	8.26e-08
1434772768	8.25e-08
1434772828	8.27e-08
1434772888	8.25e-08
1434772948	8.24e-08
1434773008	8.25e-08
1434773068	8.22e-08
1434773128	8.23e-08
1434773188	8.24e-08
1434773248	8.21e-08
1434773308	8.28e-08
1434773368	8.2e-08
1434773428	8.21e-08
1434773488	8.18e-08
1434773547	8.19e-08
1434773607	8.17e-08
1434773667	8.15e-08
1434773727	8.16e-08
1434773787	8.14e-08
1434773847	8.14e-08
1434773907	8.13e-08
1434773967	8.13e-08
1434774027	8.13e-08
1434774087	8.14e-08
1434774147	8.12e-08
1434774207	8.11e-08
1434774267	8.09e-08
1434774327	8.07e-08
1434774387	8.08e-08
1434774447	8.08e-08
1434774507	8.09e-08
1434774567	8.07e-08
1434774627	8.06e-08
1434774687	8.06e-08
1434774747	8.05e-08
1434774807	8.03e-08
1434774866	8.04e-08
1434774926	8.04e-08
1434774986	8.01e-08
1434775046	8.02e-08
1434775106	7.99e-08
1434775166	8e-08
1434775226	8e-08
1434775286	7.97e-08
1434775346	7.98e-08
1434775406	7.97e-08
1434775466	7.98e-08
1434775526	7.96e-08
1434775586	7.96e-08
1434775646	7.95e-08
1434775706	7.92e-08
1434775766	7.94e-08
1434775826	7.94e-08
1434775886	7.94e-08
1434775946	7.93e-08
1434776006	7.93e-08
1434776066	7.89e-08
1434776126	7.9e-08
1434776185	7.9e-08
1434776245	7.89e-08
1434776305	7.9e-08
1434776365	7.89e-08
1434776425	7.89e-08
1434776485	7.89e-08
1434776545	7.87e-08
1434776605	7.86e-08
1434776665	7.86e-08
1434776725	7.83e-08
1434776785	7.84e-08
1434776845	7.84e-08
1434776905	7.84e-08
1434776965	7.81e-08
1434777025	7.81e-08
1434777085	7.81e-08
1434777145	7.79e-08
1434777205	7.79e-08
1434777265	7.81e-08
1434777325	7.79e-08
1434777385	7.8e-08
1434777445	7.78e-08
1434777504	7.77e-08
1434777564	7.78e-08
1434777624	7.72e-08
1434777684	7.75e-08
1434777744	7.74e-08
1434777804	7.74e-08
1434777864	7.73e-08
1434777924	7.74e-08
1434777984	7.71e-08
1434778044	7.7e-08
1434778104	7.73e-08
1434778164	7.71e-08
1434778224	7.71e-08
1434778284	7.71e-08
1434778344	7.7e-08
1434778404	7.68e-08
1434778464	7.66e-08
1434778524	7.67e-08
1434778584	7.66e-08
1434778644	7.66e-08
1434778704	7.65e-08
1434778764	7.64e-08
1434778823	7.65e-08
1434778883	7.64e-08
1434778943	7.65e-08
1434779003	7.63e-08
1434779063	7.74e-08
1434779123	7.63e-08
1434779183	7.62e-08
1434779243	7.66e-08
1434779303	7.58e-08
1434779363	7.6e-08
1434779423	7.59e-08
1434779483	7.57e-08
1434779543	7.57e-08
1434779603	7.56e-08
1434779663	7.58e-08
1434779723	7.57e-08
1434779783	7.56e-08
1434779843	7.54e-08
1434779903	7.55e-08
1434779963	7.57e-08
1434780023	7.54e-08
1434780083	7.53e-08
1434780142	7.57e-08
1434780202	7.52e-08
1434780262	7.51e-08
1434780322	7.5e-08
1434780382	7.5e-08
1434780442	7.48e-08
1434780502	7.49e-08
1434780562	7.5e-08
1434780622	7.48e-08
1434780682	7.48e-08
1434780742	7.49e-08
1434780802	7.48e-08
1434780862	7.5e-08
1434780922	7.47e-08
1434780982	7.45e-08
1434781042	7.44e-08
1434781102	7.44e-08
1434781162	7.43e-08
1434781222	7.43e-08
1434781282	7.43e-08
1434781342	7.42e-08
1434781402	7.41e-08
1434781461	7.42e-08
1434781521	7.39e-08
1434781581	7.4e-08
1434781641	7.42e-08
1434781701	7.41e-08
1434781761	7.4e-08
1434781821	7.37e-08
1434781881	7.4e-08
1434781941	7.36e-08
1434782001	7.37e-08
1434782061	7.36e-08
1434782121	7.41e-08
1434782181	7.36e-08
1434782241	7.35e-08
1434782301	7.33e-08
1434782361	7.35e-08
1434782421	7.35e-08
1434782481	7.34e-08
1434782541	7.36e-08
1434782601	7.35e-08
1434782661	7.31e-08
1434782721	7.31e-08
1434782780	7.3e-08
1434782840	7.3e-08
1434782900	7.3e-08
1434782960	7.29e-08
1434783020	7.3e-08
1434783080	7.29e-08
1434783140	7.27e-08
1434783200	7.28e-08
1434783260	7.28e-08
1434783320	7.27e-08
1434783380	7.27e-08
1434783440	7.26e-08
1434783500	7.24e-08
1434783560	7.24e-08
1434783620	7.23e-08
1434783680	7.23e-08
1434783740	7.22e-08
1434783800	7.22e-08
1434783860	7.22e-08
1434783920	7.21e-08
1434783980	7.21e-08
1434784040	7.21e-08
1434784099	7.21e-08
1434784159	7.21e-08
1434784219	7.2e-08
1434784279	7.2e-08
1434784339	7.19e-08
1434784399	7.17e-08
1434784459	7.17e-08
1434784519	7.16e-08
1434784579	7.16e-08
1434784639	7.16e-08
1434784699	7.15e-08
1434784759	7.15e-08
1434784819	7.14e-08
1434784879	7.13e-08
1434784939	7.15e-08
1434784999	7.14e-08
1434785059	7.14e-08
1434785119	7.12e-08
1434785179	7.12e-08
1434785239	7.11e-08
1434785299	7.12e-08
1434785359	7.11e-08
1434785418	7.09e-08
1434785478	7.1e-08
1434785538	7.09e-08
1434785598	7.09e-08
1434785658	7.08e-08
1434785718	7.08e-08
1434785778	7.09e-08
1434785838	7.09e-08
1434785898	7.08e-08
1434785958	7.04e-08
1434786018	7.05e-08
1434786078	7.04e-08
1434786138	7.04e-08
1434786198	7.04e-08
1434786258	7.04e-08
1434786318	7.03e-08
1434786378	7.02e-08
1434786438	7.02e-08
1434786498	7.02e-08
1434786558	7.01e-08
1434786618	7.01e-08
1434786677	6.99e-08
1434786737	7e-08
1434786797	7.01e-08
1434786857	6.98e-08
1434786917	6.97e-08
1434786977	6.97e-08
1434787037	6.98e-08
1434787097	6.99e-08
1434787157	6.95e-08
1434787217	6.95e-08
1434787277	6.95e-08
1434787337	6.95e-08
1434787397	6.96e-08
1434787457	6.94e-08
1434787517	6.96e-08
1434787577	6.95e-08
1434787637	6.94e-08
1434787697	6.92e-08
1434787757	6.93e-08
1434787817	6.91e-08
1434787877	6.91e-08
1434787937	6.89e-08
1434787996	6.91e-08
1434788056	6.91e-08
1434788116	6.91e-08
1434788176	6.88e-08
1434788236	6.89e-08
1434788296	6.9e-08
1434788356	6.88e-08
1434788416	6.89e-08
1434788476	6.87e-08
1434788536	6.87e-08
1434788596	6.86e-08
1434788656	6.85e-08
1434788716	6.85e-08
1434788776	6.84e-08
1434788836	6.84e-08
1434788896	6.83e-08
1434788956	6.84e-08
1434789016	6.83e-08
1434789076	6.84e-08
1434789136	6.83e-08
1434789196	6.83e-08
1434789256	6.83e-08
1434789315	6.8e-08
1434789375	6.81e-08
1434789435	6.8e-08
1434789495	6.79e-08
1434789555	6.8e-08
1434789615	6.79e-08
1434789675	6.78e-08
1434789735	6.79e-08
1434789795	6.78e-08
1434789855	6.77e-08
1434789915	6.77e-08
1434789975	6.76e-08
1434790035	6.79e-08
1434790095	6.77e-08
1434790155	6.76e-08
1434790215	6.76e-08
1434790275	6.74e-08
1434790335	6.74e-08
1434790395	6.73e-08
1434790455	6.72e-08
1434790515	6.72e-08
1434790575	6.74e-08
1434790634	6.69e-08
1434790694	6.72e-08
1434790754	6.72e-08
1434790814	6.71e-08
1434790874	6.72e-08
1434790934	6.73e-08
1434790994	6.71e-08
1434791054	6.7e-08
1434791114	6.67e-08
1434791174	6.68e-08
1434791234	6.67e-08
1434791294	6.68e-08
1434791354	6.68e-08
1434791414	6.68e-08
1434791474	6.66e-08
1434791534	6.66e-08
1434791594	6.67e-08
1434791654	6.66e-08
1434791714	6.67e-08
1434791774	6.66e-08
1434791834	6.64e-08
1434791894	6.63e-08
1434791953	6.65e-08
1434792013	6.63e-08
1434792073	6.62e-08
1434792133	6.62e-08
1434792193	6.61e-08
1434792253	6.61e-08
1434792313	6.61e-08
1434792373	6.59e-08
1434792433	6.6e-08
1434792493	6.6e-08
1434792553	6.6e-08
1434792613	6.6e-08
1434792673	6.6e-08
1434792733	6.58e-08
1434792793	6.58e-08
1434792853	6.57e-08
1434792913	6.57e-08
1434792973	6.57e-08
1434793033	6.56e-08
1434793093	6.57e-08
1434793153	6.57e-08
1434793213	6.55e-08
1434793272	6.57e-08
1434793332	6.55e-08
1434793392	6.54e-08
1434793452	6.55e-08
1434793512	6.55e-08
1434793572	6.53e-08
1434793632	6.54e-08
1434793692	6.53e-08
1434793752	6.53e-08
1434793812	6.51e-08
1434793872	6.5e-08
1434793932	6.5e-08
1434793992	6.5e-08
1434794052	6.49e-08
1434794112	6.49e-08
1434794172	6.5e-08
1434794232	6.5e-08
1434794292	6.48e-08
1434794352	6.49e-08
1434794412	6.48e-08
1434794472	6.49e-08
1434794531	6.45e-08
1434794591	6.48e-08
1434794651	6.46e-08
1434794711	6.45e-08
1434794771	6.46e-08
1434794831	6.46e-08
1434794891	6.44e-08
1434794951	6.45e-08
1434795011	6.44e-08
1434795071	6.43e-08
1434795131	6.44e-08
1434795191	6.44e-08
1434795251	6.45e-08
1434795311	6.44e-08
1434795371	6.42e-08
1434795431	6.41e-08
1434795491	6.41e-08
1434795551	6.4e-08
1434795611	6.4e-08
1434795671	6.39e-08
1434795731	6.4e-08
1434795791	6.38e-08
1434795850	6.39e-08
1434795910	6.38e-08
1434795970	6.37e-08
1434796030	6.38e-08
1434796090	6.39e-08
1434796150	6.36e-08
1434796210	6.37e-08
1434796270	6.36e-08
1434796330	6.35e-08
1434796390	6.33e-08
1434796450	6.34e-08
1434796510	6.36e-08
1434796570	6.34e-08
1434796630	6.33e-08
1434796690	6.32e-08
1434796750	6.33e-08
1434796810	6.33e-08
1434796870	6.33e-08
1434796930	6.34e-08
1434796990	6.33e-08
1434797050	6.32e-08
1434797110	6.32e-08
1434797169	6.32e-08
1434797229	6.32e-08
1434797289	6.31e-08
1434797349	6.29e-08
1434797409	6.3e-08
1434797469	6.27e-08
1434797529	6.29e-08
1434797589	6.27e-08
1434797649	6.28e-08
1434797709	6.29e-08
1434797769	6.28e-08
1434797829	6.27e-08
1434797889	6.28e-08
1434797949	6.27e-08
1434798009	6.27e-08
1434798069	6.26e-08
1434798129	6.24e-08
1434798189	6.24e-08
1434798249	6.24e-08
1434798309	6.24e-08
1434798369	6.26e-08
1434798429	6.24e-08
1434798488	6.24e-08
1434798548	6.24e-08
1434798608	6.23e-08
1434798668	6.23e-08
1434798728	6.24e-08
1434798788	6.23e-08
1434798848	6.23e-08
1434798908	6.23e-08
1434798968	6.22e-08
1434799028	6.22e-08
1434799088	6.22e-08
1434799148	6.2e-08
1434799208	6.19e-08
1434799268	6.2e-08
1434799328	6.2e-08
1434799388	6.17e-08
1434799448	6.17e-08
1434799508	6.19e-08
1434799568	6.19e-08
1434799628	6.18e-08
1434799688	6.19e-08
1434799748	6.17e-08
1434799807	6.16e-08
1434799867	6.18e-08
1434799927	6.16e-08
1434799987	6.17e-08
1434800047	6.16e-08
1434800107	6.15e-08
1434800167	6.15e-08
1434800227	6.15e-08
1434800287	6.13e-08
1434800347	6.13e-08
1434800407	6.14e-08
1434800467	6.14e-08
1434800527	6.14e-08
1434800587	6.14e-08
1434800647	6.13e-08
1434800707	6.13e-08
1434800767	6.1e-08
1434800827	6.11e-08
1434800887	6.11e-08
1434800947	6.11e-08
1434801007	6.11e-08
1434801067	6.11e-08
1434801126	6.13e-08
1434801186	6.11e-08
1434801246	6.1e-08
1434801306	6.1e-08
1434801366	6.1e-08
1434801426	6.09e-08
1434801486	6.09e-08
1434801546	6.08e-08
1434801606	6.09e-08
1434801666	6.07e-08
1434801726	6.07e-08
1434801786	6.07e-08
1434801846	6.08e-08
1434801906	6.07e-08
1434801966	6.07e-08
1434802026	6.06e-08
1434802086	6.06e-08
1434802146	6.05e-08
1434802206	6.06e-08
1434802266	6.07e-08
1434802326	6.04e-08
1434802385	6.05e-08
1434802445	6.04e-08
1434802505	6.04e-08
1434802565	6.04e-08
1434802625	6.04e-08
1434802685	6.02e-08
1434802745	6.02e-08
1434802805	6.02e-08
1434802865	6.03e-08
1434802925	6.02e-08
1434802985	6.02e-08
1434803045	6.02e-08
1434803105	6.02e-08
1434803165	6.02e-08
1434803225	6.02e-08
1434803285	6.01e-08
1434803345	6.01e-08
1434803405	6.02e-08
1434803465	5.99e-08
1434803525	5.98e-08
1434803585	6e-08
1434803645	5.98e-08
1434803704	5.98e-08
1434803764	5.98e-08
1434803824	5.98e-08
1434803884	5.98e-08
1434803944	5.97e-08
1434804004	5.97e-08
1434804064	5.98e-08
1434804124	5.97e-08
1434804184	5.97e-08
1434804244	5.97e-08
1434804304	5.96e-08
1434804364	5.95e-08
1434804424	5.95e-08
1434804484	5.95e-08
1434804544	5.94e-08
1434804604	5.94e-08
1434804664	5.94e-08
1434804724	5.96e-08
1434804784	5.95e-08
1434804844	5.93e-08
1434804904	5.95e-08
1434804964	5.94e-08
1434805023	5.93e-08
1434805083	5.94e-08
1434805143	5.92e-08
1434805203	5.93e-08
1434805263	5.91e-08
1434805323	5.91e-08
1434805383	5.92e-08
1434805443	5.92e-08
1434805503	5.9e-08
1434805563	5.9e-08
1434805623	5.91e-08
1434805683	5.91e-08
1434805743	5.91e-08
1434805803	5.89e-08
1434805863	5.91e-08
1434805923	5.9e-08
1434805983	5.9e-08
1434806043	5.89e-08
1434806103	5.88e-08
1434806163	5.89e-08
1434806223	5.89e-08
1434806283	5.87e-08
1434806342	5.87e-08
1434806402	5.88e-08
1434806462	5.87e-08
1434806522	5.87e-08
1434806582	5.87e-08
1434806642	5.87e-08
1434806702	5.87e-08
1434806762	5.87e-08
1434806822	5.86e-08
1434806882	5.87e-08
1434806942	5.87e-08
1434807002	5.85e-08
1434807062	5.86e-08
1434807122	5.84e-08
1434807182	5.85e-08
1434807242	5.85e-08
1434807302	5.84e-08
1434807362	5.84e-08
1434807422	5.84e-08
1434807482	5.83e-08
1434807542	5.84e-08
1434807601	5.83e-08
1434807661	5.84e-08
1434807721	5.82e-08
1434807781	5.84e-08
1434807841	5.84e-08
1434807901	5.82e-08
1434807961	5.82e-08
1434808021	5.8e-08
1434808081	5.81e-08
1434808141	5.81e-08
1434808201	5.81e-08
1434808261	5.8e-08
1434808321	5.79e-08
1434808381	5.81e-08
1434808441	5.8e-08
1434808501	5.8e-08
1434808561	5.82e-08
1434808621	5.8e-08
1434808681	5.8e-08
1434808741	5.79e-08
1434808801	5.79e-08
1434808861	5.78e-08
1434808920	5.78e-08
1434808980	5.78e-08
1434809040	5.78e-08
1434809100	5.78e-08
1434809160	5.77e-08
1434809220	5.78e-08
1434809280	5.77e-08
1434809340	5.77e-08
1434809400	5.77e-08
1434809460	5.77e-08
1434809520	5.76e-08
1434809580	5.76e-08
1434809640	5.76e-08
1434809700	5.77e-08
1434809760	5.75e-08
1434809820	5.74e-08
1434809880	5.77e-08
1434809940	5.74e-08
1434810000	5.75e-08
1434810060	5.75e-08
1434810120	5.74e-08
1434810180	5.74e-08
1434810239	5.75e-08
1434810299	5.75e-08
1434810359	5.74e-08
1434810419	5.74e-08
1434810479	5.72e-08
1434810539	5.72e-08
1434810599	5.73e-08
1434810659	5.72e-08
1434810719	5.72e-08
1434810779	5.73e-08
1434810839	5.71e-08
1434810899	5.72e-08
1434810959	5.71e-08
1434811019	5.72e-08
1434811079	5.71e-08
1434811139	5.71e-08
1434811199	5.71e-08
1434811259	5.71e-08
1434811319	5.7e-08
1434811379	5.69e-08
1434811439	5.69e-08
1434811499	5.69e-08
1434811558	5.7e-08
1434811618	5.69e-08
1434811678	5.67e-08
1434811738	5.68e-08
1434811798	5.67e-08
1434811858	5.68e-08
1434811918	5.68e-08
1434811978	5.67e-08
1434812038	5.68e-08
1434812098	5.68e-08
1434812158	5.67e-08
1434812218	5.67e-08
1434812278	5.67e-08
1434812338	5.66e-08
1434812398	5.67e-08
1434812458	5.66e-08
1434812518	5.65e-08
1434812578	5.65e-08
1434812638	5.66e-08
1434812698	5.66e-08
1434812758	5.65e-08
1434812818	5.67e-08
1434812877	5.65e-08
1434812937	5.65e-08
1434812997	5.66e-08
1434813057	5.64e-08
1434813117	5.65e-08
1434813177	5.64e-08
1434813237	5.65e-08
1434813297	5.64e-08
1434813357	5.63e-08
1434813417	5.64e-08
1434813477	5.62e-08
1434813537	5.62e-08
1434813597	5.61e-08
1434813657	5.62e-08
1434813717	5.62e-08
1434813777	5.64e-08
1434813837	5.62e-08
1434813897	5.61e-08
1434813957	5.6e-08
1434814017	5.6e-08
1434814077	5.6e-08
1434814137	5.6e-08
1434814196	5.6e-08
1434814256	5.6e-08
1434814316	5.59e-08
1434814376	5.6e-08
1434814436	5.6e-08
1434814496	5.6e-08
1434814556	5.6e-08
1434814616	5.58e-08
1434814676	5.58e-08
1434814736	5.59e-08
1434814796	5.59e-08
1434814856	5.58e-08
1434814916	5.57e-08
1434814976	5.56e-08
1434815036	5.58e-08
1434815096	5.57e-08
1434815156	5.56e-08
1434815216	5.56e-08
1434815276	5.54e-08
1434815336	5.55e-08
1434815396	5.55e-08
1434815455	5.56e-08
1434815515	5.55e-08
1434815575	5.56e-08
1434815635	5.56e-08
1434815695	5.55e-08
1434815755	5.53e-08
1434815815	5.54e-08
1434815875	5.54e-08
1434815935	5.54e-08
1434815995	5.54e-08
1434816055	5.54e-08
1434816115	5.52e-08
1434816175	5.54e-08
1434816235	5.53e-08
1434816295	5.52e-08
1434816355	5.5e-08
1434816415	5.53e-08
1434816475	5.53e-08
1434816535	5.52e-08
1434816595	5.53e-08
1434816655	5.51e-08
1434816715	5.5e-08
1434816774	5.5e-08
1434816834	5.5e-08
1434816894	5.49e-08
1434816954	5.49e-08
1434817014	5.5e-08
1434817074	5.49e-08
1434817134	5.5e-08
1434817194	5.5e-08
1434817254	5.49e-08
1434817314	5.5e-08
1434817374	5.49e-08
1434817434	5.49e-08
1434817494	5.49e-08
1434817554	5.47e-08
1434817614	5.48e-08
1434817674	5.46e-08
1434817734	5.47e-08
1434817794	5.46e-08
1434817854	5.45e-08
1434817914	5.48e-08
1434817974	5.46e-08
1434818034	5.46e-08
1434818093	5.46e-08
1434818153	5.46e-08
1434818213	5.45e-08
1434818273	5.47e-08
1434818333	5.46e-08
1434818393	5.47e-08
1434818453	5.44e-08
1434818513	5.45e-08
1434818573	5.44e-08
1434818633	5.45e-08
1434818693	5.44e-08
1434818753	5.43e-08
1434818813	5.43e-08
1434818873	5.44e-08
1434818933	5.43e-08
1434818993	5.43e-08
1434819053	5.43e-08
1434819113	5.43e-08
1434819173	5.44e-08
1434819233	5.42e-08
1434819293	5.42e-08
1434819353	5.42e-08
1434819412	5.4e-08
1434819472	5.42e-08
1434819532	5.41e-08
1434819592	5.41e-08
1434819652	5.4e-08
1434819712	5.4e-08
1434819772	5.4e-08
1434819832	5.4e-08
1434819892	5.39e-08
1434819952	5.4e-08
1434820012	5.39e-08
1434820072	5.4e-08
1434820132	5.4e-08
1434820192	5.38e-08
1434820252	5.39e-08
1434820312	5.39e-08
1434820372	5.37e-08
1434820432	5.37e-08
1434820492	5.38e-08
1434820552	5.38e-08
1434820612	5.38e-08
1434820671	5.37e-08
1434820731	5.37e-08
1434820791	5.37e-08
1434820851	5.37e-08
1434820911	5.38e-08
1434820971	5.38e-08
1434821031	5.37e-08
1434821091	5.37e-08
1434821151	5.36e-08
1434821211	5.36e-08
1434821271	5.36e-08
1434821331	5.35e-08
1434821391	5.35e-08
1434821451	5.34e-08
1434821511	5.34e-08
1434821571	5.35e-08
1434821631	5.34e-08
1434821691	5.34e-08
1434821751	5.34e-08
1434821811	5.35e-08
1434821871	5.35e-08
1434821931	5.33e-08
1434821990	5.34e-08
1434822050	5.33e-08
1434822110	5.32e-08
1434822170	5.33e-08
1434822230	5.33e-08
1434822290	5.32e-08
1434822350	5.32e-08
1434822410	5.31e-08
1434822470	5.32e-08
1434822530	5.31e-08
1434822590	5.32e-08
1434822650	5.32e-08
1434822710	5.32e-08
1434822770	5.31e-08
1434822830	5.31e-08
1434822890	5.32e-08
1434822950	5.29e-08
1434823010	5.3e-08
1434823070	5.29e-08
1434823130	5.29e-08
1434823190	5.3e-08
1434823250	5.29e-08
1434823309	5.29e-08
1434823369	5.28e-08
1434823429	5.3e-08
1434823489	5.3e-08
1434823549	5.28e-08
1434823609	5.3e-08
1434823669	5.28e-08
1434823729	5.28e-08
1434823789	5.28e-08
1434823849	5.27e-08
1434823909	5.27e-08
1434823969	5.29e-08
1434824029	5.27e-08
1434824089	5.27e-08
1434824149	5.27e-08
1434824209	5.27e-08
1434824269	5.26e-08
1434824329	5.26e-08
1434824389	5.28e-08
1434824449	5.28e-08
1434824509	5.26e-08
1434824569	5.26e-08
1434824628	5.27e-08
1434824688	5.26e-08
1434824748	5.24e-08
1434824808	5.25e-08
1434824868	5.24e-08
1434824928	5.24e-08
1434824988	5.25e-08
1434825048	5.24e-08
1434825108	5.24e-08
1434825168	5.24e-08
1434825228	5.22e-08
1434825288	5.23e-08
1434825348	5.25e-08
1434825408	5.23e-08
1434825468	5.23e-08
1434825528	5.23e-08
1434825588	5.22e-08
1434825648	5.23e-08
1434825708	5.22e-08
1434825768	5.21e-08
1434825828	5.21e-08
1434825887	5.22e-08
1434825947	5.2e-08
1434826007	5.22e-08
1434826067	5.2e-08
1434826127	5.23e-08
1434826187	5.2e-08
1434826247	5.2e-08
1434826307	5.21e-08
1434826367	5.21e-08
1434826427	5.19e-08
1434826487	5.19e-08
1434826547	5.2e-08
1434826607	5.21e-08
1434826667	5.18e-08
1434826727	5.18e-08
1434826787	5.19e-08
1434826847	5.19e-08
1434826907	5.18e-08
1434826967	5.18e-08
1434827027	5.18e-08
1434827087	5.18e-08
1434827147	5.19e-08
1434827206	5.18e-08
1434827266	5.17e-08
1434827326	5.16e-08
1434827386	5.18e-08
1434827446	5.17e-08
1434827506	5.17e-08
1434827566	5.16e-08
1434827626	5.16e-08
1434827686	5.16e-08
1434827746	5.15e-08
1434827806	5.17e-08
1434827866	5.16e-08
1434827926	5.15e-08
1434827986	5.15e-08
1434828046	5.16e-08
1434828106	5.16e-08
1434828166	5.16e-08
1434828226	5.15e-08
1434828286	5.16e-08
1434828346	5.13e-08
1434828406	5.15e-08
1434828466	5.13e-08
1434828525	5.13e-08
1434828585	5.12e-08
1434828645	5.14e-08
1434828705	5.14e-08
1434828765	5.14e-08
1434828825	5.13e-08
1434828885	5.13e-08
1434828945	5.13e-08
1434829005	5.12e-08
1434829065	5.13e-08
1434829125	5.13e-08
1434829185	5.12e-08
1434829245	5.11e-08
1434829305	5.11e-08
1434829365	5.13e-08
1434829425	5.11e-08
1434829485	5.12e-08
1434829545	5.13e-08
1434829605	5.11e-08
1434829665	5.11e-08
1434829725	5.11e-08
1434829785	5.11e-08
1434829844	5.11e-08
1434829904	5.11e-08
1434829964	5.1e-08
1434830024	5.1e-08
1434830084	5.09e-08
1434830144	5.1e-08
1434830204	5.09e-08
1434830264	5.1e-08
1434830324	5.09e-08
1434830384	5.09e-08
1434830444	5.09e-08
1434830504	5.09e-08
1434830564	5.08e-08
1434830624	5.08e-08
1434830684	5.1e-08
1434830744	5.09e-08
1434830804	5.09e-08
1434830864	5.08e-08
1434830924	5.08e-08
1434830984	5.08e-08
1434831044	5.07e-08
1434831104	5.05e-08
1434831163	5.07e-08
1434831223	5.07e-08
1434831283	5.08e-08
1434831343	5.07e-08
1434831403	5.06e-08
1434831463	5.06e-08
1434831523	5.05e-08
1434831583	5.05e-08
1434831643	5.06e-08
1434831703	5.07e-08
1434831763	5.07e-08
1434831823	5.06e-08
1434831883	5.06e-08
1434831943	5.05e-08
1434832003	5.03e-08
1434832063	5.04e-08
1434832123	5.04e-08
1434832183	5.05e-08
1434832243	5.04e-08
1434832303	5.03e-08
1434832363	5.06e-08
1434832422	5.05e-08
1434832482	5.04e-08
1434832542	5.04e-08
1434832602	5.04e-08
1434832662	5.11e-08
1434832722	5.04e-08
1434832782	5.03e-08
1434832842	5.04e-08
1434832902	5.03e-08
1434832962	5.02e-08
1434833022	5.03e-08
1434833082	5.03e-08
1434833142	5.03e-08
1434833202	5.03e-08
1434833262	5.02e-08
1434833322	5.02e-08
1434833382	5.01e-08
1434833442	5.02e-08
1434833502	5.01e-08
1434833562	5.03e-08
1434833622	5.01e-08
1434833682	5e-08
1434833741	5.01e-08
1434833801	5.01e-08
1434833861	5e-08
1434833921	5.01e-08
1434833981	5e-08
1434834041	4.99e-08
1434834101	5.05e-08
1434834161	5e-08
1434834221	5e-08
1434834281	5e-08
1434834341	5e-08
1434834401	5.12e-08
1434834461	1.63e-07
1434834521	1.82e-07
1434834581	1.9e-07
1434834641	1.97e-07
1434834701	2.03e-07
1434835683	0.0
1434835743	8.68e-08
1434835803	7.72e-08
1434835863	7.21e-08
1434835923	6.91e-08
1434835983	6.68e-08
1434836043	6.5e-08
1434836103	6.35e-08
1434836163	6.24e-08
1434836223	6.15e-08
1434836283	6.04e-08
1434836342	5.98e-08
1434836402	5.9e-08
1434836462	5.82e-08
1434836522	5.77e-08
1434836582	5.71e-08
1434836642	5.66e-08
1434836702	5.63e-08
1434836762	5.57e-08
1434836822	5.55e-08
1434836882	5.5e-08
1434836942	5.48e-08
1434837002	5.46e-08
1434837062	5.43e-08
1434837122	5.41e-08
1434837182	5.39e-08
1434837242	5.38e-08
1434837302	5.32e-08
1434837362	5.31e-08
1434837422	5.3e-08
1434837482	5.27e-08
1434837542	5.25e-08
1434837601	5.24e-08
1434837661	5.23e-08
1434837721	5.22e-08
1434837781	5.21e-08
1434837841	5.2e-08
1434837901	5.19e-08
1434837961	5.19e-08
1434838021	5.17e-08
1434838081	5.17e-08
1434838141	5.16e-08
1434838201	5.14e-08
1434838261	5.12e-08
1434838321	5.12e-08
1434838381	5.12e-08
1434838441	5.1e-08
1434838501	5.09e-08
1434838561	5.08e-08
1434838621	5.08e-08
1434838681	5.08e-08
1434838741	5.09e-08
1434838801	5.07e-08
1434838861	5.06e-08
1434838920	5.07e-08
1434838980	5.05e-08
1434839040	5.05e-08
1434839100	5.03e-08
1434839160	5.04e-08
1434839220	5.03e-08
1434839280	5e-08
1434839340	5.01e-08
1434839400	5e-08
1434839460	4.99e-08
1434839520	5.02e-08
1434839580	5.05e-08
1434839640	5e-08
1434839700	5e-08
1434839760	4.98e-08
1434839820	4.98e-08
1434839880	4.99e-08
1434839940	4.98e-08
1434840000	4.97e-08
1434840060	4.98e-08
1434840120	4.97e-08
1434840180	4.96e-08
1434840239	4.96e-08
1434840299	4.96e-08
1434840359	4.95e-08
1434840419	4.95e-08
1434840479	4.97e-08
1434840539	4.97e-08
1434840599	4.95e-08
1434840659	4.96e-08
1434840719	4.94e-08
1434840779	4.94e-08
1434840839	4.93e-08
1434840899	4.93e-08
1434840959	4.91e-08
1434841019	4.92e-08
1434841079	4.95e-08
1434841139	4.93e-08
1434841199	4.94e-08
1434841259	4.92e-08
1434841319	4.92e-08
1434841379	4.93e-08
1434841439	4.92e-08
1434841499	4.91e-08
1434841558	4.92e-08
1434841618	4.92e-08
1434841678	4.91e-08
1434841738	4.9e-08
1434841798	4.89e-08
1434841858	4.9e-08
1434841918	4.9e-08
1434841978	4.89e-08
1434842038	4.9e-08
1434842098	4.88e-08
1434842158	4.89e-08
1434842218	4.89e-08
1434842278	4.88e-08
1434842338	4.89e-08
1434842398	4.89e-08
1434842458	4.88e-08
1434842518	4.87e-08
1434842578	4.88e-08
1434842638	4.88e-08
1434842698	4.87e-08
1434842758	4.86e-08
1434842818	4.86e-08
1434842877	4.86e-08
1434842937	4.85e-08
1434842997	4.85e-08
1434843057	4.85e-08
1434843117	4.85e-08
1434843177	4.86e-08
1434843237	4.85e-08
1434843297	4.85e-08
1434843357	4.85e-08
1434843417	4.85e-08
1434843477	4.84e-08
1434843537	4.83e-08
1434843597	4.86e-08
1434843657	4.84e-08
1434843717	4.83e-08
1434843777	4.82e-08
1434843837	4.85e-08
1434843897	4.82e-08
1434843957	4.83e-08
1434844017	4.84e-08
1434844077	4.81e-08
1434844137	4.82e-08
1434844196	4.83e-08
1434844256	4.82e-08
1434844316	4.82e-08
1434844376	4.81e-08
1434844436	4.82e-08
1434844496	4.82e-08
1434844556	4.81e-08
1434844616	4.8e-08
1434844676	4.81e-08
1434844736	4.8e-08
1434844796	4.8e-08
1434844856	4.81e-08
1434844916	4.8e-08
1434844976	4.8e-08
1434845036	4.81e-08
1434845096	4.81e-08
1434845156	4.8e-08
1434845216	4.79e-08
1434845276	4.79e-08
1434845336	4.79e-08
1434845396	4.78e-08
1434845455	4.79e-08
1434845515	4.77e-08
1434845575	4.77e-08
1434845635	4.78e-08
1434845695	4.78e-08
1434845755	4.78e-08
1434845815	4.78e-08
1434845875	4.78e-08
1434845935	4.79e-08
1434845995	4.77e-08
1434846055	4.78e-08
1434846115	4.78e-08
1434846175	4.76e-08
1434846235	4.76e-08
1434846295	4.75e-08
1434846355	4.76e-08
1434846415	4.75e-08
1434846475	4.75e-08
1434846535	4.76e-08
1434846595	4.76e-08
1434846655	4.76e-08
1434846715	4.75e-08
1434846774	4.75e-08
1434846834	4.77e-08
1434846894	4.75e-08
1434846954	4.75e-08
1434847014	4.74e-08
1434847074	4.74e-08
1434847134	4.73e-08
1434847194	4.74e-08
1434847254	4.73e-08
1434847314	4.74e-08
1434847374	4.72e-08
1434847434	4.73e-08
1434847494	4.72e-08
1434847554	4.74e-08
1434847614	4.73e-08
1434847674	4.73e-08
1434847734	4.73e-08
1434847794	4.73e-08
1434847854	4.71e-08
1434847914	4.7e-08
1434847974	4.7e-08
1434848034	4.72e-08
1434848093	4.71e-08
1434848153	4.69e-08
1434848213	4.71e-08
1434848273	4.7e-08
1434848333	4.71e-08
1434848393	4.69e-08
1434848453	4.71e-08
1434848513	4.71e-08
1434848573	4.7e-08
1434848633	4.7e-08
1434848693	4.7e-08
1434848753	4.69e-08
1434848813	4.7e-08
1434848873	4.69e-08
1434848933	4.68e-08
1434848993	4.69e-08
1434849053	4.67e-08
1434849113	4.68e-08
1434849173	4.68e-08
1434849233	4.68e-08
1434849293	4.68e-08
1434849353	4.68e-08
1434849412	4.67e-08
1434849472	4.68e-08
1434849532	4.69e-08
1434849592	4.68e-08
1434849652	4.68e-08
1434849712	4.67e-08
1434849772	4.67e-08
1434849832	4.67e-08
1434849892	4.66e-08
1434849952	4.67e-08
1434850012	4.67e-08
1434850072	4.65e-08
1434850132	4.66e-08
1434850192	4.66e-08
1434850252	4.66e-08
1434850312	4.66e-08
1434850372	4.65e-08
1434850432	4.64e-08
1434850492	4.66e-08
1434850552	4.65e-08
1434850612	4.66e-08
1434850672	4.65e-08
1434850731	4.66e-08
1434850791	4.64e-08
1434850851	4.64e-08
1434850911	4.65e-08
1434850971	4.62e-08
1434851031	4.63e-08
1434851091	4.64e-08
1434851151	4.62e-08
1434851211	4.64e-08
1434851271	4.62e-08
1434851331	4.64e-08
1434851391	4.64e-08
1434851451	4.64e-08
1434851511	4.62e-08
1434851571	4.63e-08
1434851631	4.62e-08
1434851691	4.62e-08
1434851751	4.61e-08
1434851811	4.6e-08
1434851871	4.6e-08
1434851931	4.61e-08
1434851991	4.61e-08
1434852050	4.62e-08
1434852110	4.63e-08
1434852170	4.62e-08
1434852230	4.62e-08
1434852290	4.6e-08
1434852350	4.61e-08
1434852410	4.62e-08
1434852470	4.61e-08
1434852530	4.6e-08
1434852590	4.6e-08
1434852650	4.6e-08
1434852710	4.6e-08
1434852770	4.6e-08
1434852830	4.6e-08
1434852890	4.61e-08
1434852950	4.59e-08
1434853010	4.6e-08
1434853070	4.6e-08
1434853130	4.59e-08
1434853190	4.6e-08
1434853250	4.59e-08
1434853309	4.59e-08
1434853369	4.58e-08
1434853429	4.58e-08
1434853489	4.59e-08
1434853549	4.58e-08
1434853609	4.59e-08
1434853669	4.57e-08
1434853729	4.56e-08
1434853789	4.57e-08
1434853849	4.57e-08
1434853909	4.57e-08
1434853969	4.58e-08
1434854029	4.57e-08
1434854089	4.57e-08
1434854149	4.56e-08
1434854209	4.58e-08
1434854269	4.57e-08
1434854329	4.57e-08
1434854389	4.56e-08
1434854449	4.56e-08
1434854509	4.56e-08
1434854569	4.55e-08
1434854628	4.55e-08
1434854688	4.55e-08
1434854748	4.56e-08
1434854808	4.54e-08
1434854868	4.55e-08
1434854928	4.56e-08
1434854988	4.56e-08
1434855048	4.55e-08
1434855108	4.56e-08
1434855168	4.55e-08
1434855228	4.55e-08
1434855288	4.55e-08
1434855348	4.55e-08
1434855408	4.55e-08
1434855468	4.54e-08
1434855528	4.54e-08
1434855588	4.54e-08
1434855648	4.54e-08
1434855708	4.54e-08
1434855768	4.52e-08
1434855828	4.54e-08
1434855888	4.54e-08
1434855947	4.55e-08
1434856007	4.54e-08
1434856067	4.53e-08
1434856127	4.53e-08
1434856187	4.54e-08
1434856247	4.52e-08
1434856307	4.51e-08
1434856367	4.52e-08
1434856427	4.53e-08
1434856487	4.52e-08
1434856547	4.52e-08
1434856607	4.51e-08
1434856667	4.51e-08
1434856727	4.51e-08
1434856787	4.53e-08
1434856847	4.5e-08
1434856907	4.52e-08
1434856967	4.52e-08
1434857027	4.52e-08
1434857087	4.52e-08
1434857147	4.51e-08
1434857207	4.51e-08
1434857266	4.52e-08
1434857326	4.51e-08
1434857386	4.5e-08
1434857446	4.5e-08
1434857506	4.49e-08
1434857566	4.49e-08
1434857626	4.5e-08
1434857686	4.5e-08
1434857746	4.5e-08
1434857806	4.5e-08
1434857866	4.49e-08
1434857926	4.5e-08
1434857986	4.5e-08
1434858046	4.49e-08
1434858106	4.5e-08
1434858166	4.47e-08
1434858226	4.48e-08
1434858286	4.48e-08
1434858346	4.48e-08
1434858406	4.48e-08
1434858466	4.49e-08
1434858526	4.47e-08
1434858585	4.47e-08
1434858645	4.47e-08
1434858705	4.48e-08
1434858765	4.49e-08
1434858825	4.49e-08
1434858885	4.49e-08
1434858945	4.48e-08
1434859005	4.48e-08
1434859065	4.47e-08
1434859125	4.46e-08
1434859185	4.46e-08
1434859245	4.47e-08
1434859305	4.46e-08
1434859365	4.47e-08
1434859425	4.45e-08
1434859485	4.45e-08
1434859545	4.46e-08
1434859605	4.47e-08
1434859665	4.45e-08
1434859725	4.46e-08
1434859785	4.47e-08
1434859844	4.47e-08
1434859904	4.45e-08
1434859964	4.46e-08
1434860024	4.45e-08
1434860084	4.46e-08
1434860144	4.44e-08
1434860204	4.43e-08
1434860264	4.44e-08
1434860324	4.44e-08
1434860384	4.46e-08
1434860444	4.45e-08
1434860504	4.44e-08
1434860564	4.45e-08
1434860624	4.45e-08
1434860684	4.43e-08
1434860744	4.43e-08
1434860804	4.44e-08
1434860864	4.45e-08
1434860924	4.45e-08
1434860984	4.44e-08
1434861044	4.43e-08
1434861104	4.45e-08
1434861163	4.43e-08
1434861223	4.43e-08
1434861283	4.43e-08
1434861343	4.43e-08
1434861403	4.43e-08
1434861463	4.43e-08
1434861523	4.43e-08
1434861583	4.43e-08
1434861643	4.43e-08
1434861703	4.43e-08
1434861763	4.43e-08
1434861823	4.43e-08
1434861883	4.42e-08
1434861943	4.42e-08
1434862003	4.43e-08
1434862063	4.41e-08
1434862123	4.42e-08
1434862183	4.41e-08
1434862243	4.42e-08
1434862303	4.41e-08
1434862363	4.4e-08
1434862423	4.42e-08
1434862482	4.41e-08
1434862542	4.41e-08
1434862602	4.42e-08
1434862662	4.41e-08
1434862722	4.4e-08
1434862782	4.42e-08
1434862842	4.41e-08
1434862902	4.41e-08
1434862962	4.4e-08
1434863022	4.4e-08
1434863082	4.39e-08
1434863142	4.4e-08
1434863202	4.4e-08
1434863262	4.4e-08
1434863322	4.39e-08
1434863382	4.39e-08
1434863442	4.4e-08
1434863502	4.4e-08
1434863562	4.39e-08
1434863622	4.4e-08
1434863682	4.39e-08
1434863742	4.4e-08
1434863801	4.4e-08
1434863861	4.39e-08
1434863921	4.39e-08
1434863981	4.39e-08
1434864041	4.39e-08
1434864101	4.38e-08
1434864161	4.39e-08
1434864221	4.38e-08
1434864281	4.38e-08
1434864341	4.38e-08
1434864401	4.38e-08
1434864461	4.38e-08
1434864521	4.39e-08
1434864581	4.38e-08
1434864641	4.38e-08
1434864701	4.38e-08
1434864761	4.39e-08
1434864821	4.38e-08
1434864881	4.38e-08
1434864941	4.37e-08
1434865001	4.36e-08
1434865061	4.37e-08
1434865120	4.38e-08
1434865180	4.36e-08
1434865240	4.36e-08
1434865300	4.36e-08
1434865360	4.37e-08
1434865420	4.37e-08
1434865480	4.37e-08
1434865540	4.37e-08
1434865600	4.37e-08
1434865660	4.36e-08
1434865720	4.38e-08
1434865780	4.37e-08
1434865840	4.34e-08
1434865900	4.37e-08
1434865960	4.36e-08
1434866020	4.35e-08
1434866080	4.35e-08
1434866140	4.36e-08
1434866200	4.35e-08
1434866260	4.37e-08
1434866320	4.36e-08
1434866380	4.35e-08
1434866439	4.36e-08
1434866499	4.36e-08
1434866559	4.36e-08
1434866619	4.34e-08
1434866679	4.34e-08
1434866739	4.33e-08
1434866799	4.35e-08
1434866859	4.35e-08
1434866919	4.36e-08
1434866979	4.35e-08
1434867039	4.36e-08
1434867099	4.34e-08
1434867159	4.35e-08
1434867219	4.34e-08
1434867279	4.34e-08
1434867339	4.34e-08
1434867399	4.35e-08
1434867459	4.35e-08
1434867519	4.36e-08
1434867579	4.34e-08
1434867639	4.34e-08
1434867698	4.32e-08
1434867758	4.33e-08
1434867818	4.34e-08
1434867878	4.32e-08
1434867938	4.34e-08
1434867998	4.33e-08
1434868058	4.32e-08
1434868118	4.33e-08
1434868178	4.32e-08
1434868238	4.33e-08
1434868298	4.32e-08
1434868358	4.33e-08
1434868418	4.33e-08
1434868478	4.33e-08
1434868538	4.34e-08
1434868598	4.34e-08
1434868658	4.32e-08
1434868718	4.33e-08
1434868778	4.31e-08
1434868838	4.31e-08
1434868898	4.32e-08
1434868958	4.31e-08
1434869017	4.31e-08
1434869077	4.33e-08
1434869137	4.31e-08
1434869197	4.32e-08
1434869257	4.31e-08
1434869317	4.31e-08
1434869377	4.31e-08
1434869437	4.32e-08
1434869497	4.32e-08
1434869557	4.32e-08
1434869617	4.31e-08
1434869677	4.3e-08
1434869737	4.31e-08
1434869797	4.3e-08
1434869857	4.3e-08
1434869917	4.3e-08
1434869977	4.3e-08
1434870037	4.31e-08
1434870097	4.3e-08
1434870157	4.3e-08
1434870217	4.31e-08
1434870277	4.3e-08
1434870336	4.31e-08
1434870396	4.31e-08
1434870456	4.3e-08
1434870516	4.29e-08
1434870576	4.3e-08
1434870636	4.31e-08
1434870696	4.28e-08
1434870756	4.3e-08
1434870816	4.28e-08
1434870876	4.3e-08
1434870936	4.28e-08
1434870996	4.29e-08
1434871056	4.29e-08
1434871116	4.29e-08
1434871176	4.29e-08
1434871236	4.3e-08
1434871296	4.29e-08
1434871356	4.3e-08
1434871416	4.3e-08
1434871476	4.29e-08
1434871536	4.28e-08
1434871596	4.28e-08
1434871656	4.28e-08
1434871716	4.28e-08
1434871775	4.28e-08
1434871835	4.27e-08
1434871895	4.27e-08
1434871955	4.29e-08
1434872015	4.27e-08
1434872075	4.27e-08
1434872135	4.28e-08
1434872195	4.29e-08
1434872255	4.28e-08
1434872315	4.29e-08
1434872375	4.29e-08
1434872435	4.27e-08
1434872495	4.28e-08
1434872555	4.27e-08
1434872615	4.27e-08
1434872675	4.26e-08
1434872735	4.27e-08
1434872795	4.25e-08
1434872855	4.28e-08
1434872915	4.27e-08
1434872975	4.27e-08
1434873035	4.27e-08
1434873094	4.26e-08
1434873154	4.27e-08
1434873214	4.27e-08
1434873274	4.27e-08
1434873334	4.27e-08
1434873394	4.26e-08
1434873454	4.27e-08
1434873514	4.27e-08
1434873574	4.26e-08
1434873634	4.25e-08
1434873694	4.26e-08
1434873754	4.25e-08
1434873814	4.25e-08
1434873874	4.26e-08
1434873934	4.25e-08
1434873994	4.25e-08
1434874054	4.24e-08
1434874114	4.25e-08
1434874174	4.26e-08
1434874234	4.26e-08
1434874294	4.27e-08
1434874354	4.26e-08
1434874413	4.26e-08
1434874473	4.25e-08
1434874533	4.26e-08
1434874593	4.24e-08
1434874653	4.25e-08
1434874713	4.25e-08
1434874773	4.26e-08
1434874833	4.24e-08
1434874893	4.24e-08
1434874953	4.24e-08
1434875013	4.24e-08
1434875073	4.24e-08
1434875133	4.25e-08
1434875193	4.25e-08
1434875253	4.23e-08
1434875313	4.26e-08
1434875373	4.23e-08
1434875433	4.23e-08
1434875493	4.23e-08
1434875553	4.24e-08
1434875613	4.24e-08
1434875673	4.23e-08
1434875732	4.24e-08
1434875792	4.23e-08
1434875852	4.23e-08
1434875912	4.23e-08
1434875972	4.23e-08
1434876032	4.23e-08
1434876092	4.24e-08
1434876152	4.24e-08
1434876212	4.23e-08
1434876272	4.23e-08
1434876332	4.23e-08
1434876392	4.22e-08
1434876452	4.23e-08
1434876512	4.24e-08
1434876572	4.21e-08
1434876632	4.22e-08
1434876692	4.22e-08
1434876752	4.23e-08
1434876812	4.22e-08
1434876872	4.22e-08
1434876932	4.22e-08
1434876992	4.22e-08
1434877051	4.22e-08
1434877111	4.22e-08
1434877171	4.24e-08
1434877231	4.23e-08
1434877291	4.22e-08
1434877351	4.22e-08
1434877411	4.22e-08
1434877471	4.21e-08
1434877531	4.21e-08
1434877591	4.21e-08
1434877651	4.21e-08
1434877711	4.21e-08
1434877771	4.21e-08
1434877831	4.21e-08
1434877891	4.2e-08
1434877951	4.21e-08
1434878011	4.21e-08
1434878071	4.21e-08
1434878131	4.22e-08
1434878191	4.21e-08
1434878251	4.21e-08
1434878311	4.22e-08
1434878370	4.2e-08
1434878430	4.21e-08
1434878490	4.21e-08
1434878550	4.2e-08
1434878610	4.22e-08
1434878670	4.2e-08
1434878730	4.2e-08
1434878790	4.2e-08
1434878850	4.2e-08
1434878910	4.2e-08
1434878970	4.21e-08
1434879030	4.19e-08
1434879090	4.2e-08
1434879150	4.2e-08
1434879210	4.2e-08
1434879270	4.2e-08
1434879330	4.2e-08
1434879390	4.2e-08
1434879450	4.19e-08
1434879510	4.19e-08
1434879570	4.19e-08
1434879629	4.2e-08
1434879689	4.19e-08
1434879749	4.19e-08
1434879809	4.2e-08
1434879869	4.19e-08
1434879929	4.2e-08
1434879989	4.2e-08
1434880049	4.2e-08
1434880109	4.2e-08
1434880169	4.2e-08
1434880229	4.2e-08
1434880289	4.19e-08
1434880349	4.2e-08
1434880409	4.18e-08
1434880469	4.18e-08
1434880529	4.19e-08
1434880589	4.17e-08
1434880649	4.18e-08
1434880709	4.19e-08
1434880769	4.18e-08
1434880829	4.19e-08
1434880889	4.18e-08
1434880948	4.2e-08
1434881008	4.18e-08
1434881068	4.18e-08
1434881128	4.18e-08
1434881188	4.17e-08
1434881248	4.18e-08
1434881308	4.19e-08
1434881368	4.19e-08
1434881428	4.17e-08
1434881488	4.17e-08
1434881548	4.18e-08
1434881608	4.17e-08
1434881668	4.17e-08
1434881728	4.17e-08
1434881788	4.16e-08
1434881848	4.17e-08
1434881908	4.17e-08
1434881968	4.18e-08
1434882028	4.16e-08
1434882088	4.18e-08
1434882148	4.17e-08
1434882208	4.16e-08
1434882267	4.17e-08
1434882327	4.17e-08
1434882387	4.17e-08
1434882447	4.16e-08
1434882507	4.16e-08
1434882567	4.16e-08
1434882627	4.15e-08
1434882687	4.17e-08
1434882747	4.16e-08
1434882807	4.16e-08
1434882867	4.15e-08
1434882927	4.17e-08
1434882987	4.16e-08
1434883047	4.15e-08
1434883107	4.16e-08
1434883167	4.15e-08
1434883227	4.16e-08
1434883287	4.16e-08
1434883347	4.16e-08
1434883407	4.15e-08
1434883467	4.16e-08
1434883527	4.16e-08
1434883586	4.14e-08
1434883646	4.16e-08
1434883706	4.15e-08
1434883766	4.15e-08
1434883826	4.15e-08
1434883886	4.16e-08
1434883946	4.16e-08
1434884006	4.14e-08
1434884066	4.16e-08
1434884126	4.16e-08
1434884186	4.15e-08
1434884246	4.16e-08
1434884306	4.15e-08
1434884366	4.14e-08
1434884426	4.14e-08
1434884486	4.15e-08
1434884546	4.15e-08
1434884606	4.14e-08
1434884666	4.14e-08
1434884726	4.15e-08
1434884786	4.14e-08
1434884846	4.16e-08
1434884905	4.14e-08
1434884965	4.15e-08
1434885025	4.16e-08
1434885085	4.14e-08
1434885145	4.14e-08
1434885205	4.15e-08
1434885265	4.14e-08
1434885325	4.14e-08
1434885385	4.13e-08
1434885445	4.14e-08
1434885505	4.14e-08
1434885565	4.15e-08
1434885625	4.14e-08
1434885685	4.14e-08
1434885745	4.14e-08
1434885805	4.14e-08
1434885865	4.14e-08
1434885925	4.12e-08
1434885985	4.15e-08
1434886045	4.14e-08
Pfeiffer read started at 2015-06-21 14:50:54 (EDT)
Time (s)	Pressure (Torr)
1434912656	6.04e-08
1434912716	5.81e-08
1434912776	5.62e-08
1434912836	5.47e-08
1434912896	5.33e-08
1434912956	5.22e-08
1434913016	5.13e-08
1434913076	5.04e-08
1434913136	4.97e-08
1434913196	4.91e-08
1434913255	4.86e-08
1434913315	4.8e-08
1434913375	4.77e-08
1434913435	4.73e-08
1434913495	4.67e-08
1434913555	4.64e-08
1434913615	4.65e-08
1434913675	4.6e-08
1434913735	4.59e-08
1434913795	4.54e-08
1434913855	4.52e-08
1434913915	4.51e-08
1434913975	4.48e-08
1434914035	4.46e-08
1434914095	4.45e-08
1434914155	4.45e-08
1434914215	4.42e-08
1434914275	4.4e-08
1434914335	4.39e-08
1434914395	4.4e-08
1434914455	4.37e-08
1434914515	4.36e-08
1434914574	4.35e-08
1434914634	4.34e-08
1434914694	4.34e-08
1434914754	4.33e-08
1434914814	4.31e-08
1434914874	4.3e-08
1434914934	4.3e-08
1434914994	4.28e-08
1434915054	4.27e-08
1434915114	4.27e-08
1434915174	4.27e-08
1434915234	4.28e-08
1434915294	4.27e-08
1434915354	4.26e-08
1434915414	4.27e-08
1434915474	4.27e-08
1434915534	4.26e-08
1434915594	4.25e-08
1434915654	4.24e-08
1434915714	4.23e-08
1434915774	4.23e-08
1434915834	4.23e-08
1434915893	4.22e-08
1434915953	4.22e-08
1434916013	4.22e-08
1434916073	4.22e-08
1434916133	4.21e-08
1434916193	4.21e-08
1434916253	4.21e-08
1434916313	4.21e-08
1434916373	4.21e-08
1434916433	4.2e-08
1434916493	4.21e-08
1434916553	4.2e-08
1434916613	4.21e-08
1434916673	4.2e-08
1434916733	4.19e-08
1434916793	4.19e-08
1434916853	4.19e-08
1434916913	4.19e-08
1434916973	4.2e-08
1434917033	4.2e-08
1434917093	4.19e-08
1434917153	4.2e-08
1434917212	4.18e-08
1434917272	4.2e-08
1434917332	4.2e-08
1434917392	4.2e-08
1434917452	4.2e-08
1434917512	4.21e-08
1434917572	4.2e-08
1434917632	4.2e-08
1434917692	4.19e-08
1434917752	4.19e-08
1434917812	4.19e-08
1434917872	4.2e-08
1434917932	4.19e-08
1434917992	4.19e-08
1434918052	4.21e-08
1434918112	4.2e-08
1434918172	4.2e-08
1434918232	4.21e-08
1434918292	4.21e-08
1434918352	4.21e-08
1434918412	4.2e-08
1434918472	4.22e-08
1434918531	4.21e-08
1434918591	4.22e-08
1434918651	4.21e-08
1434918711	4.2e-08
1434918771	4.2e-08
1434918831	4.22e-08
1434918891	4.21e-08
1434918951	4.21e-08
1434919011	4.2e-08
1434919071	4.2e-08
1434919131	4.21e-08
1434919191	4.21e-08
1434919251	4.21e-08
1434919311	4.23e-08
1434919371	4.22e-08
1434919431	4.24e-08
1434919491	4.22e-08
1434919551	4.22e-08
1434919611	4.22e-08
1434919671	4.23e-08
1434919731	4.22e-08
1434919791	4.22e-08
1434919850	4.22e-08
1434919910	4.23e-08
1434919970	4.23e-08
1434920030	4.22e-08
1434920090	4.23e-08
1434920150	4.22e-08
1434920210	4.22e-08
1434920270	4.24e-08
1434920330	4.24e-08
1434920390	4.23e-08
1434920450	4.23e-08
1434920510	4.23e-08
1434920570	4.24e-08
1434920630	4.24e-08
1434920690	4.23e-08
1434920750	4.24e-08
1434920810	4.22e-08
1434920870	4.24e-08
1434920930	4.23e-08
1434920990	4.24e-08
1434921050	4.24e-08
1434921110	4.24e-08
1434921169	4.25e-08
1434921229	4.25e-08
1434921289	4.25e-08
1434921349	4.25e-08
1434921409	4.25e-08
1434921469	4.24e-08
1434921529	4.25e-08
1434921589	4.24e-08
1434921649	4.24e-08
1434921709	4.25e-08
1434921769	4.24e-08
1434921829	4.25e-08
1434921889	4.25e-08
1434921949	4.25e-08
1434922009	4.24e-08
1434922069	4.24e-08
1434922129	4.25e-08
1434922189	4.25e-08
1434922249	4.24e-08
1434922309	4.25e-08
1434922369	4.25e-08
1434922429	4.25e-08
1434922488	4.26e-08
1434922548	4.26e-08
1434922608	4.25e-08
1434922668	4.24e-08
1434922728	4.25e-08
1434922788	4.24e-08
1434922848	4.25e-08
1434922908	4.25e-08
1434922968	4.24e-08
1434923028	4.24e-08
1434923088	4.26e-08
1434923148	4.26e-08
1434923208	4.24e-08
1434923268	4.27e-08
1434923328	4.26e-08
1434923388	4.26e-08
1434923448	4.25e-08
1434923508	4.25e-08
1434923568	4.24e-08
1434923628	4.25e-08
1434923688	4.24e-08
1434923748	4.24e-08
1434923807	4.24e-08
1434923867	4.25e-08
1434923927	4.25e-08
1434923987	4.25e-08
1434924047	4.25e-08
1434924107	4.25e-08
1434924167	4.26e-08
1434924227	4.24e-08
1434924287	4.24e-08
1434924347	4.24e-08
1434924407	4.24e-08
1434924467	4.23e-08
1434924527	4.23e-08
1434924587	4.24e-08
1434924647	4.25e-08
1434924707	4.24e-08
1434924767	4.26e-08
1434924827	4.24e-08
1434924887	4.24e-08
1434924947	4.26e-08
1434925007	4.24e-08
1434925067	4.25e-08
1434925126	4.24e-08
1434925186	4.24e-08
1434925246	4.24e-08
1434925306	4.23e-08
1434925366	4.24e-08
1434925426	4.23e-08
1434925486	4.24e-08
1434925546	4.23e-08
1434925606	4.24e-08
1434925666	4.23e-08
1434925726	4.24e-08
1434925786	4.25e-08
1434925846	4.24e-08
1434925906	4.24e-08
1434925966	4.25e-08
1434926026	4.24e-08
1434926086	4.23e-08
1434926146	4.23e-08
1434926206	4.22e-08
1434926266	4.24e-08
1434926326	4.24e-08
1434926386	4.22e-08
1434926445	4.23e-08
1434926505	4.24e-08
1434926565	4.23e-08
1434926625	4.24e-08
1434926685	4.24e-08
1434926745	4.24e-08
1434926805	4.24e-08
1434926865	4.23e-08
1434926925	4.23e-08
1434926985	4.22e-08
1434927045	4.21e-08
1434927105	4.22e-08
1434927165	4.23e-08
1434927225	4.22e-08
1434927285	4.23e-08
1434927345	4.23e-08
1434927405	4.24e-08
1434927465	4.24e-08
1434927525	4.23e-08
1434927585	4.22e-08
1434927645	4.23e-08
1434927705	4.23e-08
1434927764	4.22e-08
1434927824	4.21e-08
1434927884	4.21e-08
1434927944	4.22e-08
1434928004	4.21e-08
1434928064	4.23e-08
1434928124	4.21e-08
1434928184	4.22e-08
1434928244	4.22e-08
1434928304	4.21e-08
1434928364	4.23e-08
1434928424	4.22e-08
1434928484	4.23e-08
1434928544	4.22e-08
1434928604	4.22e-08
1434928664	4.21e-08
1434928724	4.22e-08
1434928784	4.21e-08
1434928844	4.22e-08
1434928904	4.22e-08
1434928964	4.21e-08
1434929023	4.22e-08
1434929083	4.22e-08
1434929143	4.21e-08
1434929203	4.2e-08
1434929263	4.23e-08
1434929323	4.22e-08
1434929383	4.21e-08
1434929443	4.22e-08
1434929503	4.22e-08
1434929563	4.2e-08
1434929623	4.21e-08
1434929683	4.2e-08
1434929743	4.22e-08
1434929803	4.19e-08
1434929863	4.21e-08
1434929923	4.21e-08
1434929983	4.22e-08
1434930043	4.22e-08
1434930103	4.21e-08
1434930163	4.22e-08
1434930223	4.22e-08
1434930283	4.2e-08
1434930342	4.21e-08
1434930402	4.19e-08
1434930462	4.2e-08
1434930522	4.19e-08
1434930582	4.2e-08
1434930642	4.21e-08
1434930702	4.2e-08
1434930762	4.21e-08
1434930822	4.2e-08
1434930882	4.2e-08
1434930942	4.2e-08
1434931002	4.2e-08
1434931062	4.21e-08
1434931122	4.2e-08
1434931182	4.2e-08
1434931242	4.2e-08
1434931302	4.19e-08
1434931362	4.19e-08
1434931422	4.19e-08
1434931482	4.19e-08
1434931542	4.2e-08
1434931602	4.19e-08
1434931662	4.2e-08
1434931722	4.19e-08
1434931781	4.19e-08
1434931841	4.19e-08
1434931901	4.2e-08
1434931961	4.19e-08
1434932021	4.19e-08
1434932081	4.19e-08
1434932141	4.19e-08
1434932201	4.18e-08
1434932261	4.18e-08
1434932321	4.18e-08
1434932381	4.19e-08
1434932441	4.18e-08
1434932501	4.19e-08
1434932561	4.18e-08
1434932621	4.19e-08
1434932681	4.2e-08
1434932741	4.2e-08
1434932801	4.18e-08
1434932861	4.19e-08
1434932921	4.18e-08
1434932981	4.18e-08
1434933041	4.17e-08
1434933100	4.17e-08
1434933160	4.17e-08
1434933220	4.18e-08
1434933280	4.17e-08
1434933340	4.18e-08
1434933400	4.18e-08
1434933460	4.18e-08
1434933520	4.18e-08
1434933580	4.18e-08
1434933640	4.18e-08
1434933700	4.17e-08
1434933760	4.17e-08
1434933820	4.17e-08
1434933880	4.16e-08
1434933940	4.18e-08
1434934000	4.15e-08
1434934060	4.16e-08
1434934120	4.16e-08
1434934180	4.16e-08
1434934240	4.18e-08
1434934300	4.17e-08
1434934360	4.16e-08
1434934419	4.17e-08
1434934479	4.17e-08
1434934539	4.17e-08
1434934599	4.17e-08
1434934659	4.16e-08
1434934719	4.16e-08
1434934779	4.16e-08
1434934839	4.16e-08
1434934899	4.15e-08
1434934959	4.16e-08
1434935019	4.17e-08
1434935079	4.16e-08
1434935139	4.16e-08
1434935199	4.15e-08
1434935259	4.17e-08
1434935319	4.16e-08
1434935379	4.17e-08
1434935439	4.16e-08
1434935499	4.15e-08
1434935559	4.16e-08
1434935619	4.15e-08
1434935679	4.16e-08
1434935738	4.15e-08
1434935798	4.15e-08
1434935858	4.15e-08
1434935918	4.16e-08
1434935978	4.15e-08
1434936038	4.15e-08
1434936098	4.16e-08
1434936158	4.16e-08
1434936218	4.17e-08
1434936278	4.15e-08
1434936338	4.15e-08
1434936398	4.14e-08
1434936458	4.15e-08
1434936518	4.14e-08
1434936578	4.15e-08
1434936638	4.16e-08
1434936698	4.15e-08
1434936758	4.14e-08
1434936818	4.15e-08
1434936878	4.16e-08
1434936938	4.14e-08
1434936998	4.15e-08
1434937057	4.14e-08
1434937117	4.14e-08
1434937177	4.13e-08
1434937237	4.15e-08
1434937297	4.13e-08
1434937357	4.15e-08
1434937417	4.13e-08
1434937477	4.14e-08
1434937537	4.14e-08
1434937597	4.13e-08
1434937657	4.14e-08
1434937717	4.14e-08
1434937777	4.14e-08
1434937837	4.16e-08
1434937897	4.14e-08
1434937957	4.13e-08
1434938017	4.13e-08
1434938077	4.14e-08
1434938137	4.13e-08
1434938197	4.13e-08
1434938257	4.14e-08
1434938317	4.12e-08
1434938376	4.13e-08
1434938436	4.13e-08
1434938496	4.14e-08
1434938556	4.13e-08
1434938616	9.02e-08
1434938676	1.12e-07
1434938736	1.22e-07
1434938796	1.29e-07
1434938856	1.35e-07
1434938916	1.4e-07
1434938976	1.45e-07
1434939036	1.49e-07
1434939096	1.53e-07
1434940068	0.0
1434940128	7.56e-08
1434940188	6.63e-08
