1430316230	4.05e-05
1430316290	2.09e-05
1430316350	1.38e-05
1430316410	1.02e-05
1430316470	7.96e-06
1430316530	6.46e-06
1430316590	5.36e-06
1430316650	4.52e-06
1430316710	3.88e-06
1430316770	3.33e-06
1430316829	2.86e-06
1430316889	2.44e-06
1430316949	2.14e-06
1430317009	1.91e-06
1430317069	1.74e-06
1430317129	1.6e-06
1430317189	1.48e-06
1430317249	1.38e-06
1430317309	1.28e-06
1430317369	1.18e-06
1430317429	1.11e-06
1430317489	1.05e-06
1430317549	9.99e-07
1430317609	9.55e-07
1430317669	9.15e-07
1430317729	8.81e-07
1430317789	8.49e-07
1430317849	8.22e-07
1430317909	7.95e-07
1430317969	7.7e-07
1430318029	7.48e-07
1430318088	7.27e-07
1430318148	7.09e-07
1430318208	6.92e-07
1430318268	6.84e-07
1430318328	6.67e-07
1430318388	6.51e-07
1430318448	6.36e-07
1430318508	6.22e-07
1430318568	6.09e-07
1430318628	5.96e-07
1430318688	5.84e-07
1430318748	5.73e-07
1430318808	5.62e-07
1430318868	5.51e-07
1430318928	5.41e-07
1430318988	5.31e-07
1430319048	5.22e-07
1430319108	5.13e-07
1430319168	5.05e-07
1430319228	4.97e-07
1430319288	4.89e-07
1430319348	4.81e-07
1430319407	4.74e-07
1430319467	4.67e-07
1430319527	4.6e-07
1430319587	4.54e-07
1430319647	4.48e-07
1430319707	4.42e-07
1430319767	4.36e-07
1430319827	4.31e-07
1430319887	4.25e-07
1430319947	4.2e-07
1430320007	4.15e-07
1430320067	5.26e-07
1430320127	5.2e-07
1430320187	5.1e-07
1430320247	5.03e-07
1430320307	4.96e-07
1430320367	4.89e-07
1430320427	4.81e-07
1430320487	4.76e-07
1430320547	4.68e-07
1430320607	4.63e-07
1430320666	4.57e-07
1430320726	4.51e-07
1430320786	4.46e-07
1430320846	4.4e-07
1430320906	4.33e-07
1430320966	4.3e-07
1430321026	4.24e-07
1430321086	4.18e-07
1430321146	4.14e-07
1430321206	4.11e-07
1430321266	4.09e-07
1430321326	4.05e-07
1430321386	3.98e-07
1430321446	3.94e-07
1430321506	3.91e-07
1430321566	3.88e-07
1430321626	3.84e-07
1430321686	3.8e-07
1430321746	3.77e-07
1430321806	3.75e-07
1430321866	3.7e-07
1430321925	3.67e-07
1430321985	3.64e-07
1430322045	3.61e-07
1430322105	3.57e-07
1430322165	3.54e-07
1430322225	3.51e-07
1430322285	3.49e-07
1430322345	3.45e-07
1430322405	3.43e-07
1430322465	3.4e-07
1430322525	3.37e-07
1430322585	3.35e-07
1430322645	3.32e-07
1430322705	3.3e-07
1430322765	3.27e-07
1430322825	3.25e-07
1430322885	3.23e-07
1430322945	3.2e-07
1430323005	3.18e-07
1430323065	3.16e-07
1430323125	3.14e-07
1430323185	3.12e-07
1430323244	3.09e-07
1430323304	3.05e-07
1430323364	3.01e-07
1430323424	2.96e-07
1430323484	2.95e-07
1430323544	2.89e-07
1430323604	2.89e-07
1430323664	2.91e-07
1430323724	2.89e-07
1430323784	2.86e-07
1430323844	2.85e-07
1430323904	2.81e-07
1430323964	2.8e-07
1430324024	2.77e-07
1430324084	2.78e-07
1430324144	2.75e-07
1430324204	2.7e-07
1430324264	2.7e-07
1430324324	2.67e-07
1430324384	2.63e-07
1430324444	2.62e-07
1430324503	2.62e-07
1430324563	2.62e-07
1430324623	2.59e-07
1430324683	2.6e-07
1430324743	2.56e-07
1430324803	2.55e-07
1430324863	2.54e-07
1430324923	2.56e-07
1430324983	2.51e-07
1430325043	2.52e-07
1430325103	2.52e-07
1430325163	2.51e-07
1430325223	2.5e-07
1430325283	2.48e-07
1430325343	2.49e-07
1430325403	2.45e-07
1430325463	2.46e-07
1430325523	2.45e-07
1430325583	2.44e-07
1430325643	2.43e-07
1430325703	2.41e-07
1430325762	2.41e-07
1430325822	2.4e-07
1430325882	2.39e-07
1430325942	2.39e-07
1430326002	2.39e-07
1430326062	2.38e-07
1430326122	2.36e-07
1430326182	2.36e-07
1430326242	2.34e-07
1430326302	2.36e-07
1430326362	2.35e-07
1430326422	2.33e-07
1430326482	2.33e-07
1430326542	2.31e-07
1430326602	2.3e-07
1430326662	2.32e-07
1430326722	2.31e-07
1430326782	2.31e-07
1430326842	2.3e-07
1430326902	2.27e-07
1430326962	2.27e-07
1430327022	2.26e-07
1430327081	2.25e-07
1430327141	2.24e-07
1430327201	2.24e-07
1430327261	2.24e-07
1430327321	2.22e-07
1430327381	2.22e-07
1430327441	2.21e-07
1430327501	2.21e-07
1430327561	2.2e-07
1430327621	2.2e-07
1430327681	2.2e-07
1430327741	2.19e-07
1430327801	2.19e-07
1430327861	2.2e-07
1430327921	2.18e-07
1430327981	2.19e-07
1430328041	2.17e-07
1430328101	2.18e-07
1430328161	2.19e-07
1430328221	2.19e-07
1430328281	2.18e-07
1430328340	2.17e-07
1430328400	2.17e-07
1430328460	2.17e-07
1430328520	2.2e-07
1430328580	2.17e-07
1430328640	2.17e-07
1430328700	2.17e-07
1430328760	2.17e-07
1430328820	2.16e-07
1430328880	2.14e-07
1430328940	2.16e-07
1430329000	2.17e-07
1430329060	2.14e-07
1430329120	2.15e-07
1430329180	2.14e-07
1430329240	2.13e-07
1430329300	2.13e-07
1430329360	2.11e-07
1430329420	2.12e-07
1430329480	2.12e-07
1430329540	2.1e-07
1430329599	2.09e-07
1430329659	2.08e-07
1430329719	2.09e-07
1430329779	2.09e-07
1430329839	2.07e-07
1430329899	2.07e-07
1430329959	2.07e-07
1430330019	2.06e-07
1430330079	2.06e-07
1430330139	2.06e-07
1430330199	2.05e-07
1430330259	2.05e-07
1430330319	2.04e-07
1430330379	2.04e-07
1430330439	2.04e-07
1430330499	2.03e-07
1430330559	2.03e-07
1430330619	2.02e-07
1430330679	2.02e-07
1430330739	2.02e-07
1430330799	2.01e-07
1430330859	2.01e-07
1430330918	2.01e-07
1430330978	2e-07
1430331038	2e-07
1430331098	2e-07
1430331158	1.99e-07
1430331218	1.99e-07
1430331278	1.99e-07
1430331338	1.98e-07
1430331398	1.98e-07
1430331458	1.98e-07
1430331518	1.97e-07
1430331578	1.97e-07
1430331638	1.97e-07
1430331698	1.96e-07
1430331758	1.96e-07
1430331818	1.96e-07
1430331878	1.95e-07
1430331938	1.95e-07
1430331998	1.95e-07
1430332058	1.94e-07
1430332118	1.94e-07
1430332178	1.94e-07
1430332237	1.93e-07
1430332297	1.93e-07
1430332357	1.93e-07
1430332417	1.93e-07
1430332477	1.92e-07
1430332537	1.92e-07
1430332597	1.92e-07
1430332657	1.91e-07
1430332717	1.91e-07
1430332777	1.91e-07
1430332837	1.91e-07
1430332897	1.9e-07
1430332957	1.9e-07
1430333017	1.9e-07
1430333077	1.89e-07
1430333137	1.89e-07
1430333197	1.89e-07
1430333257	1.89e-07
1430333317	1.88e-07
1430333377	1.88e-07
1430333437	1.88e-07
1430333496	1.88e-07
1430333556	1.87e-07
1430333616	1.87e-07
1430333676	1.87e-07
1430333736	1.86e-07
1430333796	1.86e-07
1430333856	1.86e-07
1430333916	1.86e-07
1430333976	1.85e-07
1430334036	1.85e-07
1430334096	1.85e-07
1430334156	1.84e-07
1430334216	1.84e-07
1430334276	1.84e-07
1430334336	1.83e-07
1430334396	1.83e-07
1430334456	1.83e-07
1430334516	1.82e-07
1430334576	1.82e-07
1430334636	1.82e-07
1430334696	1.81e-07
1430334756	1.81e-07
1430334815	1.81e-07
1430334875	1.8e-07
1430334935	1.8e-07
1430334995	1.8e-07
1430335055	1.79e-07
1430335115	1.79e-07
1430335175	1.79e-07
1430335235	1.78e-07
1430335295	1.78e-07
1430335355	1.78e-07
1430335415	1.77e-07
1430335475	1.77e-07
1430335535	1.77e-07
1430335595	1.76e-07
1430335655	1.76e-07
1430335715	1.76e-07
1430335775	1.75e-07
1430335835	1.75e-07
1430335895	1.75e-07
1430335955	1.74e-07
1430336015	1.74e-07
1430336074	1.74e-07
1430336134	1.73e-07
1430336194	1.73e-07
1430336254	1.73e-07
1430336314	1.72e-07
1430336374	1.72e-07
1430336434	1.72e-07
1430336494	1.71e-07
1430336554	1.71e-07
1430336614	1.71e-07
1430336674	1.7e-07
1430336734	1.7e-07
1430336794	1.7e-07
1430336854	1.7e-07
1430336914	1.69e-07
1430336974	1.69e-07
1430337034	1.69e-07
1430337094	1.68e-07
1430337154	1.68e-07
1430337214	1.68e-07
1430337274	1.67e-07
1430337333	1.67e-07
1430337393	1.67e-07
1430337453	1.67e-07
1430337513	1.66e-07
1430337573	1.66e-07
1430337633	1.66e-07
1430337693	1.65e-07
1430337753	1.65e-07
1430337813	1.65e-07
1430337873	1.65e-07
1430337933	1.64e-07
1430337993	1.64e-07
1430338053	1.64e-07
1430338113	1.64e-07
1430338173	1.63e-07
1430338233	1.63e-07
1430338293	1.63e-07
1430338353	1.62e-07
1430338413	1.62e-07
1430338473	1.62e-07
1430338533	1.62e-07
1430338593	1.61e-07
1430338652	1.61e-07
1430338712	1.61e-07
1430338772	1.61e-07
1430338832	1.6e-07
1430338892	1.6e-07
1430338952	1.6e-07
1430339012	1.6e-07
1430339072	1.59e-07
1430339132	1.59e-07
1430339192	1.59e-07
1430339252	1.59e-07
1430339312	1.58e-07
1430339372	1.58e-07
1430339432	1.58e-07
1430339492	1.58e-07
1430339552	1.57e-07
1430339612	1.57e-07
1430339672	1.57e-07
1430339732	1.57e-07
1430339792	1.57e-07
1430339852	1.56e-07
1430339911	1.56e-07
1430339971	1.56e-07
1430340031	1.56e-07
1430340091	1.55e-07
1430340151	1.55e-07
1430340211	1.55e-07
1430340271	1.55e-07
1430340331	1.54e-07
1430340391	1.54e-07
1430340451	1.54e-07
1430340511	1.54e-07
1430340571	1.54e-07
1430340631	1.53e-07
1430340691	1.53e-07
1430340751	1.53e-07
1430340811	1.53e-07
1430340871	1.52e-07
1430340931	1.52e-07
1430340991	1.52e-07
1430341051	1.52e-07
1430341111	1.52e-07
1430341171	1.51e-07
1430341230	1.51e-07
1430341290	1.51e-07
1430341350	1.51e-07
1430341410	1.5e-07
1430341470	1.5e-07
1430341530	1.5e-07
1430341590	1.5e-07
1430341650	1.5e-07
1430341710	1.49e-07
1430341770	1.49e-07
1430341830	1.49e-07
1430341890	1.49e-07
1430341950	1.49e-07
1430342010	1.48e-07
1430342070	1.48e-07
1430342130	1.48e-07
1430342190	1.48e-07
1430342250	1.48e-07
1430342310	1.47e-07
1430342370	1.47e-07
1430342430	1.47e-07
1430342489	1.47e-07
1430342549	1.47e-07
1430342609	1.46e-07
1430342669	1.46e-07
1430342729	1.46e-07
1430342789	1.46e-07
1430342849	1.46e-07
1430342909	1.45e-07
1430342969	1.45e-07
1430343029	1.45e-07
1430343089	1.45e-07
1430343149	1.45e-07
1430343209	1.45e-07
1430343269	1.44e-07
1430343329	1.44e-07
1430343389	1.44e-07
1430343449	1.44e-07
1430343509	1.44e-07
1430343569	1.43e-07
1430343629	1.43e-07
1430343689	1.43e-07
1430343749	1.43e-07
1430343808	1.43e-07
1430343868	1.42e-07
1430343928	1.42e-07
1430343988	1.42e-07
1430344048	1.42e-07
1430344108	1.42e-07
1430344168	1.42e-07
1430344228	1.41e-07
1430344288	1.41e-07
1430344348	1.41e-07
1430344408	1.41e-07
1430344468	1.41e-07
1430344528	1.4e-07
1430344588	1.4e-07
1430344648	1.4e-07
1430344708	1.4e-07
1430344768	1.4e-07
1430344828	1.4e-07
1430344888	1.39e-07
1430344948	1.39e-07
1430345008	1.39e-07
1430345067	1.39e-07
1430345127	1.39e-07
1430345187	1.39e-07
1430345247	1.38e-07
1430345307	1.38e-07
1430345367	1.38e-07
1430345427	1.38e-07
1430345487	1.38e-07
1430345547	1.38e-07
1430345607	1.37e-07
1430345667	1.37e-07
1430345727	1.37e-07
1430345787	1.37e-07
1430345847	1.37e-07
1430345907	1.36e-07
1430345967	1.36e-07
1430346027	1.36e-07
1430346087	1.36e-07
1430346147	1.36e-07
1430346207	1.36e-07
1430346267	1.35e-07
1430346326	1.35e-07
1430346386	1.35e-07
1430346446	1.35e-07
1430346506	1.35e-07
1430346566	1.35e-07
1430346626	1.34e-07
1430346686	1.34e-07
1430346746	1.34e-07
1430346806	1.34e-07
1430346866	1.34e-07
1430346926	1.34e-07
1430346986	1.33e-07
1430347046	1.33e-07
1430347106	1.33e-07
1430347166	1.33e-07
1430347226	1.33e-07
1430347286	1.32e-07
1430347346	1.32e-07
1430347406	1.32e-07
1430347466	1.32e-07
1430347526	1.32e-07
1430347586	1.32e-07
1430347645	1.31e-07
1430347705	1.31e-07
1430347765	1.31e-07
1430347825	1.31e-07
1430347885	1.31e-07
1430347945	1.31e-07
1430348005	1.3e-07
1430348065	1.3e-07
1430348125	1.3e-07
1430348185	1.3e-07
1430348245	1.3e-07
1430348305	1.3e-07
1430348365	1.29e-07
1430348425	1.29e-07
1430348485	1.29e-07
1430348545	1.29e-07
1430348605	1.29e-07
1430348665	1.29e-07
1430348725	1.29e-07
1430348785	1.28e-07
1430348845	1.28e-07
1430348904	1.28e-07
1430348964	1.28e-07
1430349024	1.28e-07
1430349084	1.28e-07
1430349144	1.27e-07
1430349204	1.27e-07
1430349264	1.27e-07
1430349324	1.27e-07
1430349384	1.27e-07
1430349444	1.27e-07
1430349504	1.26e-07
1430349564	1.26e-07
1430349624	1.26e-07
1430349684	1.26e-07
1430349744	1.26e-07
1430349804	1.26e-07
1430349864	1.25e-07
1430349924	1.25e-07
1430349984	1.25e-07
1430350044	1.25e-07
1430350104	1.25e-07
1430350164	1.25e-07
1430350223	1.24e-07
1430350283	1.24e-07
1430350343	1.24e-07
1430350403	1.24e-07
1430350463	1.24e-07
1430350523	1.24e-07
1430350583	1.23e-07
1430350643	1.23e-07
1430350703	1.23e-07
1430350763	1.23e-07
1430350823	1.23e-07
1430350883	1.23e-07
1430350943	1.23e-07
1430351003	1.22e-07
1430351063	1.22e-07
1430351123	1.22e-07
1430351183	1.22e-07
1430351243	1.22e-07
1430351303	1.22e-07
1430351363	1.21e-07
1430351423	1.21e-07
1430351482	1.21e-07
1430351542	1.21e-07
1430351602	1.21e-07
1430351662	1.21e-07
1430351722	1.2e-07
1430351782	1.2e-07
1430351842	1.2e-07
1430351902	1.2e-07
1430351962	1.2e-07
1430352022	1.2e-07
1430352082	1.2e-07
1430352142	1.19e-07
1430352202	1.19e-07
1430352262	1.19e-07
1430352322	1.19e-07
1430352382	1.19e-07
1430352442	1.19e-07
1430352502	1.18e-07
1430352562	1.18e-07
1430352622	1.18e-07
1430352682	1.18e-07
1430352742	1.18e-07
1430352801	1.18e-07
1430352861	1.18e-07
1430352921	1.17e-07
1430352981	1.17e-07
1430353041	1.17e-07
1430353101	1.17e-07
1430353161	1.17e-07
1430353221	1.17e-07
1430353281	1.16e-07
1430353341	1.16e-07
1430353401	1.16e-07
1430353461	1.16e-07
1430353521	1.16e-07
1430353581	1.16e-07
1430353641	1.16e-07
1430353701	1.15e-07
1430353761	1.15e-07
1430353821	1.15e-07
1430353881	1.15e-07
1430353941	1.15e-07
1430354001	1.15e-07
1430354060	1.15e-07
1430354120	1.14e-07
1430354180	1.14e-07
1430354240	1.14e-07
1430354300	1.14e-07
1430354360	1.14e-07
1430354420	1.14e-07
1430354480	1.14e-07
1430354540	1.13e-07
1430354600	1.13e-07
1430354660	1.13e-07
1430354720	1.13e-07
1430354780	1.13e-07
1430354840	1.13e-07
1430354900	1.12e-07
1430354960	1.12e-07
1430355020	1.12e-07
1430355080	1.12e-07
1430355140	1.12e-07
1430355200	1.12e-07
1430355260	1.12e-07
1430355319	1.11e-07
1430355379	1.11e-07
1430355439	1.11e-07
1430355499	1.11e-07
1430355559	1.11e-07
1430355619	1.11e-07
1430355679	1.11e-07
1430355739	1.1e-07
1430355799	1.1e-07
1430355859	1.1e-07
1430355919	1.1e-07
1430355979	1.1e-07
1430356039	1.1e-07
1430356099	1.1e-07
1430356159	1.1e-07
1430356219	1.09e-07
1430356279	1.09e-07
1430356339	1.09e-07
1430356399	1.09e-07
1430356459	1.09e-07
1430356519	1.09e-07
1430356579	1.09e-07
1430356638	1.09e-07
1430356698	1.09e-07
1430356758	1.08e-07
1430356818	1.08e-07
1430356878	1.08e-07
1430356938	1.08e-07
1430356998	1.08e-07
1430357058	1.08e-07
1430357118	1.08e-07
1430357178	1.08e-07
1430357238	1.08e-07
1430357298	1.08e-07
1430357358	1.07e-07
1430357418	1.07e-07
1430357478	1.07e-07
1430357538	1.07e-07
1430357598	1.07e-07
1430357658	1.07e-07
1430357718	1.07e-07
1430357778	1.07e-07
1430357838	1.07e-07
1430357897	1.06e-07
1430357957	1.06e-07
1430358017	1.06e-07
1430358077	1.06e-07
1430358137	1.06e-07
1430358197	1.06e-07
1430358257	1.06e-07
1430358317	1.06e-07
1430358377	1.06e-07
1430358437	1.06e-07
1430358497	1.05e-07
1430358557	1.05e-07
1430358617	1.05e-07
1430358677	1.05e-07
1430358737	1.05e-07
1430358797	1.05e-07
1430358857	1.05e-07
1430358917	1.05e-07
1430358977	1.05e-07
1430359037	1.05e-07
1430359097	1.04e-07
1430359157	1.04e-07
1430359216	1.04e-07
1430359276	1.04e-07
1430359336	1.04e-07
1430359396	1.04e-07
1430359456	1.04e-07
1430359516	1.04e-07
1430359576	1.04e-07
1430359636	1.04e-07
1430359696	1.03e-07
1430359756	1.03e-07
1430359816	1.03e-07
1430359876	1.03e-07
1430359936	1.03e-07
1430359996	1.03e-07
1430360056	1.03e-07
1430360116	1.03e-07
1430360176	1.03e-07
1430360236	1.03e-07
1430360296	1.02e-07
1430360356	1.02e-07
1430360416	1.02e-07
1430360475	1.02e-07
1430360535	1.02e-07
1430360595	1.02e-07
1430360655	1.02e-07
1430360715	1.02e-07
1430360775	1.02e-07
1430360835	1.02e-07
1430360895	1.01e-07
1430360955	1.01e-07
1430361015	1.01e-07
1430361075	1.01e-07
1430361135	1.01e-07
1430361195	1.01e-07
1430361255	1.01e-07
1430361315	1.01e-07
1430361375	1.01e-07
1430361435	1.01e-07
1430361495	1.01e-07
1430361555	1e-07
1430361615	1e-07
1430361675	1e-07
1430361734	1e-07
1430361794	1e-07
1430361854	9.99e-08
1430361914	9.98e-08
1430361974	9.97e-08
1430362034	9.96e-08
1430362094	9.96e-08
1430362154	9.94e-08
1430362214	9.94e-08
1430362274	9.93e-08
1430362334	9.92e-08
1430362394	9.9e-08
1430362454	9.9e-08
1430362514	9.89e-08
1430362574	9.88e-08
1430362634	9.87e-08
1430362694	9.86e-08
1430362754	9.85e-08
1430362814	9.84e-08
1430362874	9.83e-08
1430362934	9.82e-08
1430362994	9.81e-08
1430363053	9.8e-08
1430363113	9.79e-08
1430363173	9.79e-08
1430363233	9.77e-08
1430363293	9.76e-08
1430363353	9.76e-08
1430363413	9.75e-08
1430363473	9.74e-08
1430363533	9.73e-08
1430363593	9.72e-08
1430363653	9.71e-08
1430363713	9.7e-08
1430363773	9.69e-08
1430363833	9.68e-08
1430363893	9.67e-08
1430363953	9.66e-08
1430364013	9.65e-08
1430364073	9.64e-08
1430364133	9.63e-08
1430364193	9.62e-08
1430364253	9.62e-08
1430364312	9.61e-08
1430364372	9.59e-08
1430364432	9.58e-08
1430364492	9.58e-08
1430364552	9.57e-08
1430364612	9.56e-08
1430364672	9.55e-08
1430364732	9.54e-08
1430364792	9.53e-08
1430364852	9.52e-08
1430364912	9.51e-08
1430364972	9.51e-08
1430365032	9.5e-08
1430365092	9.49e-08
1430365152	9.48e-08
1430365212	9.47e-08
1430365272	9.46e-08
1430365332	9.45e-08
1430365392	9.44e-08
1430365452	9.43e-08
1430365512	1.97e-07
1430365572	7.91e-07
1430365631	8.13e-07
1430365691	7.92e-07
1430365751	7.85e-07
1430365811	7.82e-07
1430365871	7.84e-07
1430365931	7.87e-07
1430365991	7.9e-07
1430366051	7.93e-07
1430366111	7.96e-07
1430367076	0.0
1430367136	2.02e-07
1430367196	1.71e-07
1430367256	1.55e-07
1430367316	1.45e-07
1430367376	1.38e-07
1430367436	1.33e-07
1430367496	1.28e-07
1430367556	1.25e-07
1430367616	1.22e-07
1430367676	1.2e-07
1430367736	1.18e-07
1430367796	1.16e-07
1430367856	1.14e-07
1430367916	1.13e-07
1430367976	1.12e-07
1430368036	1.1e-07
1430368095	1.09e-07
1430368155	1.08e-07
1430368215	1.07e-07
1430368275	1.06e-07
1430368335	1.06e-07
1430368395	1.05e-07
1430368455	1.04e-07
1430368515	1.04e-07
1430368575	1.03e-07
1430368635	1.02e-07
1430368695	1.02e-07
1430368755	1.01e-07
1430368815	1.01e-07
1430368875	1e-07
1430368935	9.99e-08
1430368995	9.95e-08
1430369055	9.91e-08
1430369115	9.87e-08
1430369175	9.84e-08
1430369235	9.8e-08
1430369295	9.77e-08
1430369355	9.74e-08
1430369414	9.71e-08
1430369474	9.68e-08
1430369534	9.65e-08
1430369594	9.62e-08
1430369654	9.6e-08
1430369714	9.57e-08
1430369774	9.55e-08
1430369834	9.53e-08
1430369894	9.5e-08
1430369954	9.48e-08
1430370014	9.46e-08
1430370074	9.44e-08
1430370134	9.41e-08
1430370194	9.39e-08
1430370254	9.38e-08
1430370314	9.36e-08
1430370374	9.34e-08
1430370434	9.32e-08
1430370494	9.31e-08
1430370554	9.29e-08
1430370614	9.27e-08
1430370673	9.26e-08
1430370733	9.24e-08
1430370793	9.23e-08
1430370853	9.21e-08
1430370913	9.2e-08
1430370973	9.18e-08
1430371033	9.17e-08
1430371093	9.16e-08
1430371153	9.14e-08
1430371213	9.13e-08
1430371273	9.11e-08
1430371333	9.1e-08
1430371393	9.09e-08
1430371453	9.08e-08
1430371513	9.07e-08
1430371573	9.05e-08
1430371633	9.04e-08
1430371693	9.03e-08
1430371753	9.02e-08
1430371813	9.01e-08
1430371873	9e-08
1430371933	8.99e-08
1430371992	8.98e-08
1430372052	8.97e-08
1430372112	8.96e-08
1430372172	8.95e-08
1430372232	8.93e-08
1430372292	8.92e-08
1430372352	8.91e-08
1430372412	8.9e-08
1430372472	8.89e-08
1430372532	8.88e-08
1430372592	8.88e-08
1430372652	8.86e-08
1430372712	8.85e-08
1430372772	8.84e-08
1430372832	8.83e-08
1430372892	8.82e-08
1430372952	8.81e-08
1430373012	8.81e-08
1430373072	8.8e-08
1430373132	8.79e-08
1430373192	8.78e-08
1430373252	8.77e-08
1430373312	8.76e-08
1430373371	8.75e-08
1430373431	8.74e-08
1430373491	8.73e-08
1430373551	8.72e-08
1430373611	8.72e-08
1430373671	8.71e-08
1430373731	8.7e-08
1430373791	8.69e-08
1430373851	8.68e-08
1430373911	8.67e-08
1430373971	8.66e-08
1430374031	8.66e-08
1430374091	8.65e-08
1430374151	8.64e-08
1430374211	8.63e-08
1430374271	8.62e-08
1430374331	8.61e-08
1430374391	8.6e-08
1430374451	8.6e-08
1430374511	8.59e-08
1430374571	8.58e-08
1430374631	8.57e-08
1430374690	8.56e-08
1430374750	8.56e-08
1430374810	8.55e-08
1430374870	8.54e-08
1430374930	8.53e-08
1430374990	8.52e-08
1430375050	8.51e-08
1430375110	8.51e-08
1430375170	8.5e-08
1430375230	8.49e-08
1430375290	8.48e-08
1430375350	8.48e-08
1430375410	8.47e-08
1430375470	8.46e-08
1430375530	8.45e-08
1430375590	8.44e-08
1430375650	8.44e-08
1430375710	8.43e-08
1430375770	8.42e-08
1430375830	8.41e-08
1430375890	8.4e-08
1430375949	8.4e-08
1430376009	8.39e-08
1430376069	8.38e-08
1430376129	8.37e-08
1430376189	8.37e-08
1430376249	8.36e-08
1430376309	8.35e-08
1430376369	8.34e-08
1430376429	8.34e-08
1430376489	8.33e-08
1430376549	8.32e-08
1430376609	8.31e-08
1430376669	8.31e-08
1430376729	8.3e-08
1430376789	8.29e-08
1430376849	8.28e-08
1430376909	8.28e-08
1430376969	8.27e-08
1430377029	8.26e-08
1430377089	8.25e-08
1430377149	8.25e-08
1430377209	8.24e-08
1430377268	8.23e-08
1430377328	8.22e-08
1430377388	8.22e-08
1430377448	8.21e-08
1430377508	8.2e-08
1430377568	8.19e-08
1430377628	8.19e-08
1430377688	8.18e-08
1430377748	8.17e-08
1430377808	8.16e-08
1430377868	8.16e-08
1430377928	8.15e-08
1430377988	8.15e-08
1430378048	8.14e-08
1430378108	8.13e-08
1430378168	8.12e-08
1430378228	8.12e-08
1430378288	8.11e-08
1430378348	8.1e-08
1430378408	8.09e-08
1430378468	8.09e-08
1430378528	8.08e-08
1430378588	8.07e-08
1430378647	8.07e-08
1430378707	8.06e-08
1430378767	8.05e-08
1430378827	8.04e-08
1430378887	8.04e-08
1430378947	8.03e-08
1430379007	8.02e-08
1430379067	8.01e-08
1430379127	8.01e-08
1430379187	8e-08
1430379247	8e-08
1430379307	7.99e-08
1430379367	7.98e-08
1430379427	7.98e-08
1430379487	7.97e-08
1430379547	7.96e-08
1430379607	7.96e-08
1430379667	7.95e-08
1430379727	7.94e-08
1430379787	7.94e-08
1430379847	7.93e-08
1430379907	7.92e-08
1430379966	7.91e-08
1430380026	7.91e-08
1430380086	7.9e-08
1430380146	7.89e-08
1430380206	7.89e-08
1430380266	7.88e-08
1430380326	7.87e-08
1430380386	7.87e-08
1430380446	7.86e-08
1430380506	7.85e-08
1430380566	7.85e-08
1430380626	7.84e-08
1430380686	7.83e-08
1430380746	7.83e-08
1430380806	7.82e-08
1430380866	7.81e-08
1430380926	7.81e-08
1430380986	7.8e-08
1430381046	7.79e-08
1430381106	7.79e-08
1430381166	7.78e-08
1430381225	7.77e-08
1430381285	7.77e-08
1430381345	7.76e-08
1430381405	7.75e-08
1430381465	7.75e-08
1430381525	7.74e-08
1430381585	7.73e-08
1430381645	7.73e-08
1430381705	7.72e-08
1430381765	7.71e-08
1430381825	7.71e-08
1430381885	7.7e-08
1430381945	7.69e-08
1430382005	7.69e-08
1430382065	7.68e-08
1430382125	7.67e-08
1430382185	7.67e-08
1430382245	7.66e-08
1430382305	7.65e-08
1430382365	7.65e-08
1430382425	7.64e-08
1430382485	7.63e-08
1430382544	7.63e-08
1430382604	7.62e-08
1430382664	7.61e-08
1430382724	7.61e-08
1430382784	7.6e-08
1430382844	7.59e-08
1430382904	7.59e-08
1430382964	7.58e-08
1430383024	7.57e-08
1430383084	7.57e-08
1430383144	7.56e-08
1430383204	7.55e-08
1430383264	7.55e-08
1430383324	7.54e-08
1430383384	7.54e-08
1430383444	7.53e-08
1430383504	7.52e-08
1430383564	7.52e-08
1430383624	7.51e-08
1430383684	7.5e-08
1430383744	7.5e-08
1430383803	7.49e-08
1430383863	7.49e-08
1430383923	7.48e-08
1430383983	7.47e-08
1430384043	7.47e-08
1430384103	7.46e-08
1430384163	7.45e-08
1430384223	7.45e-08
1430384283	7.44e-08
1430384343	7.43e-08
1430384403	7.43e-08
1430384463	7.42e-08
1430384523	7.42e-08
1430384583	7.41e-08
1430384643	7.4e-08
1430384703	7.4e-08
1430384763	7.39e-08
1430384823	7.38e-08
1430384883	7.38e-08
1430384943	7.37e-08
1430385003	7.37e-08
1430385063	7.36e-08
1430385122	7.35e-08
1430385182	7.35e-08
1430385242	7.34e-08
1430385302	7.34e-08
1430385362	7.33e-08
1430385422	7.32e-08
1430385482	7.32e-08
1430385542	7.31e-08
1430385602	7.3e-08
1430385662	7.3e-08
1430385722	7.29e-08
1430385782	7.28e-08
1430385842	7.28e-08
1430385902	7.27e-08
1430385962	7.27e-08
1430386022	7.26e-08
1430386082	7.26e-08
1430386142	7.25e-08
1430386202	7.24e-08
1430386262	7.24e-08
1430386322	7.23e-08
1430386381	7.22e-08
1430386442	7.22e-08
1430386501	7.21e-08
1430386561	7.21e-08
1430386621	7.2e-08
1430386681	7.19e-08
1430386741	7.19e-08
1430386801	7.18e-08
1430386861	7.17e-08
1430386921	7.17e-08
1430386981	7.16e-08
1430387041	7.16e-08
1430387101	7.15e-08
1430387161	7.14e-08
1430387221	7.14e-08
1430387281	7.13e-08
1430387341	7.13e-08
1430387401	7.12e-08
1430387461	7.11e-08
1430387521	7.11e-08
1430387581	7.1e-08
1430387641	7.1e-08
1430387701	7.09e-08
1430387761	7.09e-08
1430387820	7.08e-08
1430387880	7.07e-08
1430387940	7.07e-08
1430388000	7.06e-08
1430388060	7.05e-08
1430388120	7.05e-08
1430388180	7.05e-08
1430388240	7.04e-08
1430388300	7.03e-08
1430388360	7.03e-08
1430388420	7.02e-08
1430388480	7.01e-08
1430388540	7.01e-08
1430388600	7e-08
1430388660	7e-08
1430388720	6.99e-08
1430388780	6.99e-08
1430388840	6.98e-08
1430388900	6.97e-08
1430388960	6.97e-08
1430389020	6.96e-08
1430389079	6.96e-08
1430389139	6.95e-08
1430389199	6.94e-08
1430389259	6.94e-08
1430389319	6.93e-08
1430389379	6.93e-08
1430389439	6.92e-08
1430389499	6.92e-08
1430389559	6.91e-08
1430389619	6.91e-08
1430389679	6.9e-08
1430389739	6.89e-08
1430389799	6.89e-08
1430389859	6.88e-08
1430389919	6.88e-08
1430389979	6.87e-08
1430390039	6.87e-08
1430390099	6.86e-08
1430390159	6.85e-08
1430390219	6.85e-08
1430390279	6.84e-08
1430390339	6.84e-08
1430390398	6.83e-08
1430390458	6.83e-08
1430390518	6.82e-08
1430390578	6.81e-08
1430390638	6.81e-08
1430390698	6.8e-08
1430390758	6.8e-08
1430390818	6.79e-08
1430390878	6.79e-08
1430390938	6.78e-08
1430390998	6.77e-08
1430391058	6.77e-08
1430391118	6.77e-08
1430391178	6.76e-08
1430391238	6.75e-08
1430391298	6.75e-08
1430391358	6.74e-08
1430391418	6.74e-08
1430391478	6.73e-08
1430391538	6.73e-08
1430391598	6.72e-08
1430391657	6.72e-08
1430391717	6.71e-08
1430391777	6.71e-08
1430391837	6.7e-08
1430391897	6.69e-08
1430391957	6.69e-08
1430392017	6.68e-08
1430392077	6.68e-08
1430392137	6.67e-08
1430392197	6.67e-08
1430392257	6.66e-08
1430392317	6.66e-08
1430392377	6.65e-08
1430392437	6.65e-08
1430392497	6.64e-08
1430392557	6.64e-08
1430392617	6.63e-08
1430392677	6.63e-08
1430392737	6.62e-08
1430392797	6.62e-08
1430392857	6.61e-08
1430392916	6.61e-08
1430392976	6.6e-08
1430393036	6.6e-08
1430393096	6.59e-08
1430393156	6.59e-08
1430393216	6.58e-08
1430393276	6.57e-08
1430393336	6.57e-08
1430393396	6.57e-08
1430393456	6.56e-08
1430393516	6.55e-08
1430393576	6.55e-08
1430393636	6.55e-08
1430393696	6.54e-08
1430393756	6.54e-08
1430393816	6.53e-08
1430393876	6.53e-08
1430393936	6.52e-08
1430393996	6.52e-08
1430394056	6.51e-08
1430394116	6.51e-08
1430394176	6.5e-08
1430394235	6.5e-08
1430394295	6.49e-08
1430394355	6.49e-08
1430394415	6.48e-08
1430394475	6.48e-08
1430394535	6.47e-08
1430394595	6.47e-08
1430394655	6.47e-08
1430394715	6.46e-08
1430394775	6.46e-08
1430394835	6.45e-08
1430394895	6.45e-08
1430394955	6.44e-08
1430395015	6.44e-08
1430395075	6.43e-08
1430395135	6.43e-08
1430395195	6.43e-08
1430395255	6.42e-08
1430395315	6.42e-08
1430395375	6.41e-08
1430395435	6.41e-08
1430395494	6.4e-08
1430395554	6.4e-08
1430395614	6.4e-08
1430395674	6.39e-08
1430395734	6.39e-08
1430395794	6.38e-08
1430395854	6.38e-08
1430395914	6.37e-08
1430395974	6.37e-08
1430396034	6.37e-08
1430396094	6.36e-08
1430396154	6.36e-08
1430396214	6.36e-08
1430396274	6.35e-08
1430396334	6.35e-08
1430396394	6.34e-08
1430396454	6.34e-08
1430396514	6.34e-08
1430396574	6.34e-08
1430396634	6.33e-08
1430396694	6.33e-08
1430396754	6.33e-08
1430396813	6.32e-08
1430396873	6.32e-08
1430396933	6.31e-08
1430396993	6.31e-08
1430397053	6.31e-08
1430397113	6.3e-08
1430397173	6.3e-08
1430397233	6.3e-08
1430397293	6.29e-08
1430397353	6.29e-08
1430397413	6.29e-08
1430397473	6.28e-08
1430397533	6.28e-08
1430397593	6.28e-08
1430397653	6.27e-08
1430397713	6.27e-08
1430397773	6.27e-08
1430397833	6.26e-08
1430397893	6.26e-08
1430397953	6.26e-08
1430398013	6.25e-08
1430398072	6.25e-08
1430398132	6.25e-08
1430398192	6.24e-08
1430398252	6.24e-08
1430398312	6.24e-08
1430398372	6.23e-08
1430398432	6.23e-08
1430398492	6.23e-08
1430398552	6.22e-08
1430398612	6.22e-08
1430398672	6.22e-08
1430398732	6.21e-08
1430398792	6.21e-08
1430398852	6.21e-08
1430398912	6.2e-08
1430398972	6.2e-08
1430399032	6.2e-08
1430399092	6.19e-08
1430399152	6.19e-08
1430399212	6.19e-08
1430399272	6.18e-08
1430399332	6.18e-08
1430399391	6.18e-08
1430399451	6.17e-08
1430399511	6.17e-08
1430399571	6.17e-08
1430399631	6.16e-08
1430399691	6.16e-08
1430399751	6.16e-08
1430399811	6.15e-08
1430399871	6.15e-08
1430399931	6.15e-08
1430399991	6.14e-08
1430400051	6.14e-08
1430400111	6.14e-08
1430400171	6.13e-08
1430400231	6.13e-08
1430400291	6.13e-08
1430400351	6.12e-08
1430400411	6.12e-08
1430400471	6.12e-08
1430400531	6.11e-08
1430400591	6.11e-08
1430400650	6.11e-08
1430400710	6.1e-08
1430400770	6.1e-08
1430400830	6.1e-08
1430400890	6.09e-08
1430400950	6.09e-08
1430401010	6.09e-08
1430401070	6.08e-08
1430401130	6.08e-08
1430401190	6.08e-08
1430401250	6.07e-08
1430401310	6.07e-08
1430401370	6.06e-08
1430401430	6.06e-08
1430401490	6.06e-08
1430401550	6.05e-08
1430401610	6.05e-08
1430401670	6.05e-08
1430401730	6.05e-08
1430401790	6.04e-08
1430401850	6.04e-08
1430401909	6.04e-08
1430401969	6.03e-08
1430402029	6.03e-08
1430402089	6.02e-08
1430402149	6.02e-08
1430402209	6.02e-08
1430402269	6.01e-08
1430402329	6.01e-08
1430402389	6.01e-08
1430402449	6e-08
1430402509	6e-08
1430402569	6e-08
1430402629	5.99e-08
1430402689	5.99e-08
1430402749	5.98e-08
1430402809	5.98e-08
1430402869	5.98e-08
1430402929	5.97e-08
1430402989	5.97e-08
1430403049	5.97e-08
1430403109	5.96e-08
1430403169	5.96e-08
1430403228	5.96e-08
1430403288	5.95e-08
1430403348	5.95e-08
1430403408	5.95e-08
1430403468	5.94e-08
1430403528	5.94e-08
1430403588	5.93e-08
1430403648	5.93e-08
1430403708	5.93e-08
1430403768	5.93e-08
1430403828	5.92e-08
1430403888	5.92e-08
1430403948	5.92e-08
1430404008	5.91e-08
1430404068	5.91e-08
1430404128	5.9e-08
1430404188	5.9e-08
1430404248	5.9e-08
1430404308	5.89e-08
1430404368	5.89e-08
1430404428	5.89e-08
1430404487	5.88e-08
1430404547	5.88e-08
1430404607	5.88e-08
1430404667	5.87e-08
1430404727	5.87e-08
1430404787	5.87e-08
1430404847	5.86e-08
1430404907	5.86e-08
1430404967	5.86e-08
1430405027	5.85e-08
1430405087	5.85e-08
1430405147	5.84e-08
1430405207	5.84e-08
1430405267	5.84e-08
1430405327	5.83e-08
1430405387	5.83e-08
1430405447	5.83e-08
1430405507	5.82e-08
1430405567	5.82e-08
1430405627	5.82e-08
1430405687	5.81e-08
1430405747	5.81e-08
1430405806	5.81e-08
1430405866	5.8e-08
1430405926	5.8e-08
1430405986	5.8e-08
1430406046	5.79e-08
1430406106	5.79e-08
1430406166	5.79e-08
1430406226	5.78e-08
1430406286	5.78e-08
1430406346	5.78e-08
1430406406	5.77e-08
1430406466	5.77e-08
1430406526	5.77e-08
1430406586	5.76e-08
1430406646	5.76e-08
1430406706	5.76e-08
1430406766	5.75e-08
1430406826	5.75e-08
1430406886	5.75e-08
1430406946	5.74e-08
1430407006	5.74e-08
1430407065	5.74e-08
1430407125	5.73e-08
1430407185	5.73e-08
1430407245	5.73e-08
1430407305	5.72e-08
1430407365	5.72e-08
1430407425	5.72e-08
1430407485	5.71e-08
1430407545	5.71e-08
1430407605	5.71e-08
1430407665	5.7e-08
1430407725	5.7e-08
1430407785	5.7e-08
1430407845	5.69e-08
1430407905	5.69e-08
1430407965	5.69e-08
1430408025	5.68e-08
1430408085	5.68e-08
1430408145	5.68e-08
1430408205	5.67e-08
1430408265	5.67e-08
1430408325	5.67e-08
1430408384	5.66e-08
1430408444	5.66e-08
1430408504	5.66e-08
1430408564	5.65e-08
1430408624	5.65e-08
1430408684	5.65e-08
1430408744	5.64e-08
1430408804	5.64e-08
1430408864	5.64e-08
1430408924	5.63e-08
1430408984	5.63e-08
1430409044	5.63e-08
1430409104	5.62e-08
1430409164	5.62e-08
1430409224	5.62e-08
1430409284	5.62e-08
1430409344	5.61e-08
1430409404	5.61e-08
1430409464	5.61e-08
1430409524	5.6e-08
1430409584	5.6e-08
1430409643	5.59e-08
1430409703	5.59e-08
1430409763	5.59e-08
1430409823	5.58e-08
1430409883	5.58e-08
1430409943	5.58e-08
1430410003	5.58e-08
1430410063	5.57e-08
1430410123	5.57e-08
1430410183	5.57e-08
1430410243	5.56e-08
1430410303	5.56e-08
1430410363	5.56e-08
1430410423	5.56e-08
1430410483	5.55e-08
1430410543	5.55e-08
1430410603	5.55e-08
1430410663	5.55e-08
1430410723	5.54e-08
1430410783	5.54e-08
1430410843	5.54e-08
1430410903	5.53e-08
1430410962	5.53e-08
1430411022	5.53e-08
1430411082	5.52e-08
1430411142	5.52e-08
1430411202	5.52e-08
1430411262	5.52e-08
1430411322	5.51e-08
1430411382	5.51e-08
1430411442	5.51e-08
1430411502	5.5e-08
1430411562	5.5e-08
1430411622	5.5e-08
1430411682	5.5e-08
1430411742	5.49e-08
1430411802	5.49e-08
1430411862	5.49e-08
1430411922	5.48e-08
1430411982	5.48e-08
1430412042	5.48e-08
1430412102	5.48e-08
1430412162	5.47e-08
1430412221	5.47e-08
1430412281	5.47e-08
1430412341	5.46e-08
1430412401	5.46e-08
1430412461	5.46e-08
1430412521	5.46e-08
1430412581	5.45e-08
1430412641	5.45e-08
1430412701	5.45e-08
1430412761	5.44e-08
1430412821	5.44e-08
1430412881	5.44e-08
1430412941	5.44e-08
1430413001	5.44e-08
1430413061	5.43e-08
1430413121	5.43e-08
1430413181	5.43e-08
1430413241	5.42e-08
1430413301	5.42e-08
1430413361	5.42e-08
1430413421	5.42e-08
1430413481	5.41e-08
1430413540	5.41e-08
1430413600	5.41e-08
1430413660	5.41e-08
1430413720	5.4e-08
1430413780	5.4e-08
1430413840	5.4e-08
1430413900	5.4e-08
1430413960	5.39e-08
1430414020	5.39e-08
1430414080	5.39e-08
1430414140	5.39e-08
1430414200	5.38e-08
1430414260	5.38e-08
1430414320	5.38e-08
1430414380	5.37e-08
1430414440	5.37e-08
1430414500	5.37e-08
1430414560	5.37e-08
1430414620	5.36e-08
1430414680	5.36e-08
1430414740	5.36e-08
1430414799	5.35e-08
1430414859	5.35e-08
1430414919	5.35e-08
1430414979	5.34e-08
1430415039	5.34e-08
1430415099	5.34e-08
1430415159	5.33e-08
1430415219	5.33e-08
1430415279	5.32e-08
1430415339	5.32e-08
1430415399	5.31e-08
1430415459	5.31e-08
1430415519	5.31e-08
1430415579	5.3e-08
1430415639	5.3e-08
1430415699	5.29e-08
1430415759	5.29e-08
1430415819	5.28e-08
1430415879	5.27e-08
1430415939	5.27e-08
1430415999	5.26e-08
1430416059	5.26e-08
1430416118	5.25e-08
1430416178	5.25e-08
1430416238	5.24e-08
1430416298	5.24e-08
1430416358	5.24e-08
1430416418	5.23e-08
1430416478	5.22e-08
1430416538	5.22e-08
1430416598	5.22e-08
1430416658	5.21e-08
1430416718	5.21e-08
1430416778	5.2e-08
1430416838	5.2e-08
1430416898	5.19e-08
1430416958	5.19e-08
1430417018	5.19e-08
1430417078	5.18e-08
1430417138	5.18e-08
1430417198	5.17e-08
1430417258	5.17e-08
1430417318	5.17e-08
1430417377	5.16e-08
1430417437	5.16e-08
1430417497	5.16e-08
1430417557	5.15e-08
1430417617	5.15e-08
1430417677	5.15e-08
1430417737	5.14e-08
1430417797	5.14e-08
1430417857	5.13e-08
1430417917	5.13e-08
1430417977	5.13e-08
1430418037	5.12e-08
1430418097	5.12e-08
1430418157	5.12e-08
1430418217	5.11e-08
1430418277	5.11e-08
1430418337	5.11e-08
1430418397	5.1e-08
1430418457	5.1e-08
1430418517	5.1e-08
1430418577	5.09e-08
1430418637	5.09e-08
1430418696	5.08e-08
1430418756	5.08e-08
1430418816	5.08e-08
1430418876	5.08e-08
1430418936	5.07e-08
1430418996	5.07e-08
1430419056	5.07e-08
1430419116	5.06e-08
1430419176	5.06e-08
1430419236	5.06e-08
1430419296	5.05e-08
1430419356	5.05e-08
1430419416	5.05e-08
1430419476	5.04e-08
1430419536	5.04e-08
1430419596	5.04e-08
1430419656	5.04e-08
1430419716	5.03e-08
1430419776	5.03e-08
1430419836	5.03e-08
1430419896	5.02e-08
1430419955	5.02e-08
1430420015	5.02e-08
1430420075	5.02e-08
1430420135	5.01e-08
1430420195	5.01e-08
1430420255	5.01e-08
1430420315	5.01e-08
1430420375	5e-08
1430420435	5e-08
1430420495	5e-08
1430420555	4.99e-08
1430420615	4.99e-08
1430420675	4.99e-08
1430420735	4.99e-08
1430420795	4.98e-08
1430420855	4.98e-08
1430420915	4.98e-08
1430420975	4.98e-08
1430421035	4.97e-08
1430421095	4.97e-08
1430421155	4.97e-08
1430421214	4.97e-08
1430421274	4.96e-08
1430421334	4.96e-08
1430421394	4.96e-08
1430421454	4.96e-08
1430421514	4.95e-08
1430421574	4.95e-08
1430421634	4.95e-08
1430421694	4.95e-08
1430421754	4.94e-08
1430421814	4.94e-08
1430421874	4.94e-08
1430421934	4.94e-08
1430421994	4.94e-08
1430422054	4.93e-08
1430422114	4.93e-08
1430422174	4.93e-08
1430422234	4.93e-08
1430422294	4.92e-08
1430422354	4.92e-08
1430422414	4.92e-08
1430422474	4.91e-08
1430422533	4.91e-08
1430422593	4.91e-08
1430422653	4.91e-08
1430422713	4.91e-08
1430422773	4.9e-08
1430422833	4.9e-08
1430422893	4.9e-08
1430422953	4.9e-08
1430423013	4.89e-08
1430423073	4.89e-08
1430423133	4.89e-08
1430423193	4.89e-08
1430423253	4.88e-08
1430423313	4.88e-08
1430423373	4.88e-08
1430423433	4.88e-08
1430423493	4.87e-08
1430423553	4.87e-08
1430423613	4.87e-08
1430423673	4.87e-08
1430423733	4.87e-08
1430423792	4.86e-08
1430423852	4.86e-08
1430423912	4.86e-08
1430423972	4.86e-08
1430424032	4.86e-08
1430424092	4.85e-08
1430424152	4.85e-08
1430424212	4.85e-08
1430424272	4.85e-08
1430424332	4.85e-08
1430424392	4.85e-08
1430424452	4.85e-08
1430424512	4.85e-08
1430424572	4.85e-08
1430424632	4.85e-08
1430424692	4.85e-08
1430424752	4.85e-08
1430424812	4.85e-08
1430424872	4.85e-08
1430424932	4.85e-08
1430424992	4.85e-08
1430425052	4.85e-08
1430425111	4.85e-08
1430425171	4.85e-08
1430425231	4.85e-08
1430425291	4.85e-08
1430425351	4.85e-08
1430425411	4.86e-08
1430425471	4.85e-08
1430425531	4.86e-08
1430425591	4.86e-08
1430425651	4.86e-08
1430425711	4.86e-08
1430425771	4.86e-08
1430425831	4.87e-08
1430425891	4.87e-08
1430425951	4.87e-08
1430426011	4.87e-08
1430426071	4.87e-08
1430426131	4.87e-08
1430426191	4.87e-08
1430426251	4.88e-08
1430426311	4.88e-08
1430426370	4.88e-08
1430426430	4.88e-08
1430426490	4.88e-08
1430426550	4.89e-08
1430426610	4.89e-08
1430426670	4.89e-08
1430426730	4.89e-08
1430426790	4.89e-08
1430426850	4.9e-08
1430426910	4.9e-08
1430426970	4.9e-08
1430427030	4.9e-08
