1503962714	16.9
1503962774	2.16
1503962835	1.15
1503962896	0.807
1503962956	0.000575
1503963017	0.000215
1503963077	0.000142
1503963138	0.000102
1503963198	7.29e-05
1503963258	5.94e-05
1503963319	4.94e-05
1503963380	4.18e-05
1503963440	3.58e-05
1503963501	3.1e-05
1503963561	2.71e-05
1503963622	2.4e-05
1503963682	2.14e-05
1503963743	1.92e-05
1503963803	1.74e-05
1503963864	1.58e-05
1503963924	1.45e-05
1503963985	1.33e-05
1503964045	1.23e-05
1503964106	1.15e-05
1503964166	1.07e-05
1503964227	1.01e-05
1503964287	9.47e-06
1503964348	8.95e-06
1503964408	8.48e-06
1503964469	8.06e-06
1503964529	7.68e-06
1503964590	7.33e-06
1503964650	7.02e-06
1503964711	6.73e-06
1503964771	6.47e-06
1503964832	6.23e-06
1503964893	6.01e-06
1503964953	5.81e-06
1503965014	5.62e-06
1503965074	5.44e-06
1503965135	5.28e-06
1503965195	5.12e-06
1503965256	4.97e-06
1503965316	4.78e-06
1503965377	4.6e-06
1503965437	4.43e-06
1503965498	4.3e-06
1503965558	4.19e-06
1503965619	4.08e-06
1503965679	3.99e-06
1503965740	3.9e-06
1503965800	3.82e-06
1503965861	3.75e-06
1503965921	3.67e-06
1503965982	3.6e-06
1503966043	3.53e-06
1503966103	3.47e-06
1503966164	3.41e-06
1503966224	3.35e-06
1503966285	3.3e-06
1503966345	3.24e-06
1503966406	3.19e-06
1503966466	3.14e-06
1503966527	3.09e-06
1503966587	3.04e-06
1503966648	3e-06
1503966708	2.95e-06
1503966769	2.91e-06
1503966830	2.87e-06
1503966890	2.83e-06
1503966951	2.79e-06
1503967011	2.76e-06
1503967072	2.72e-06
1503967132	2.68e-06
1503967193	2.65e-06
1503967253	2.61e-06
1503967314	2.58e-06
1503967374	2.55e-06
1503967435	2.52e-06
1503967495	2.49e-06
1503967556	2.46e-06
1503967616	2.44e-06
1503967677	2.41e-06
1503967737	2.38e-06
1503967798	2.36e-06
1503967858	2.33e-06
1503967919	2.31e-06
1503967979	2.28e-06
1503968040	2.26e-06
1503968100	2.23e-06
1503968161	2.21e-06
1503968221	2.19e-06
1503968282	2.17e-06
1503968342	2.15e-06
1503968403	2.13e-06
1503968463	2.11e-06
1503968524	2.08e-06
1503968585	2.07e-06
1503968645	2.05e-06
1503968706	2.03e-06
1503968766	2.01e-06
1503968827	2e-06
1503968887	1.98e-06
1503968948	1.96e-06
1503969008	1.95e-06
1503969069	1.93e-06
1503969129	1.92e-06
1503969190	1.9e-06
1503969250	1.89e-06
1503969311	1.87e-06
1503969371	1.86e-06
1503969432	1.84e-06
1503969492	1.83e-06
1503969553	1.82e-06
1503969613	1.8e-06
1503969674	1.79e-06
1503969734	1.77e-06
1503969795	1.76e-06
1503969855	1.75e-06
1503969916	1.74e-06
1503969976	1.72e-06
1503970037	1.71e-06
1503970098	1.7e-06
1503970158	1.69e-06
1503970219	1.68e-06
1503970279	1.67e-06
1503970340	1.66e-06
1503970400	1.65e-06
1503970461	1.64e-06
1503970521	1.63e-06
1503970582	1.62e-06
1503970642	1.61e-06
1503970703	1.6e-06
1503970763	1.59e-06
1503970824	1.58e-06
1503970884	1.57e-06
1503970945	1.56e-06
1503971005	1.55e-06
1503971066	1.54e-06
1503971126	1.53e-06
1503971187	1.53e-06
1503971248	1.52e-06
1503971308	1.51e-06
1503971369	1.5e-06
1503971429	1.49e-06
1503971490	1.48e-06
1503971550	1.47e-06
1503971611	1.47e-06
1503971671	1.46e-06
1503971732	1.45e-06
1503971792	1.44e-06
1503971853	1.44e-06
1503971913	1.43e-06
1503971974	1.42e-06
1503972034	1.42e-06
1503972095	1.41e-06
1503972155	1.4e-06
1503972216	1.39e-06
1503972276	1.39e-06
1503972337	1.38e-06
1503972398	1.38e-06
1503972458	1.37e-06
1503972519	1.36e-06
1503972579	1.36e-06
1503972640	1.35e-06
1503972700	1.34e-06
1503972761	1.34e-06
1503972821	1.33e-06
1503972881	1.32e-06
1503972942	1.32e-06
1503973003	1.31e-06
1503973063	1.31e-06
1503973124	1.3e-06
1503973184	1.29e-06
1503973245	1.29e-06
1503973305	1.28e-06
1503973366	1.28e-06
1503973426	1.27e-06
1503973487	1.27e-06
1503973547	1.26e-06
1503973608	1.26e-06
1503973668	1.25e-06
1503973729	1.25e-06
1503973790	1.24e-06
1503973850	1.24e-06
1503973911	1.23e-06
1503973971	1.23e-06
1503974032	1.22e-06
1503974092	1.22e-06
1503974153	1.21e-06
1503974213	1.21e-06
1503974274	1.21e-06
1503974334	1.2e-06
1503974395	1.2e-06
1503974455	1.19e-06
1503974516	1.19e-06
1503974576	1.18e-06
1503974637	1.18e-06
1503974697	1.17e-06
1503974758	1.17e-06
1503974819	1.17e-06
1503974879	1.16e-06
1503974940	1.16e-06
1503975000	1.15e-06
1503975061	1.15e-06
1503975121	1.15e-06
1503975182	1.14e-06
1503975242	1.14e-06
1503975303	1.14e-06
1503975363	1.13e-06
1503975424	1.13e-06
1503975484	1.12e-06
1503975545	1.12e-06
1503975605	1.12e-06
1503975666	1.11e-06
1503975726	1.11e-06
1503975787	1.11e-06
1503975847	1.1e-06
1503975908	1.1e-06
1503975968	1.1e-06
1503976029	1.09e-06
1503976089	1.09e-06
1503976150	1.09e-06
1503976210	1.08e-06
1503976271	1.08e-06
1503976332	1.08e-06
1503976392	1.07e-06
1503976453	1.07e-06
1503976513	1.07e-06
1503976574	1.06e-06
1503976634	1.06e-06
1503976695	1.06e-06
1503976755	1.06e-06
1503976816	1.05e-06
1503976876	1.05e-06
1503976937	1.05e-06
1503976998	1.04e-06
1503977058	1.04e-06
1503977119	1.04e-06
1503977179	1.04e-06
1503977240	1.03e-06
1503977300	1.03e-06
1503977361	1.03e-06
1503977421	1.02e-06
1503977482	1.02e-06
1503977542	1.02e-06
1503977603	1.02e-06
1503977664	1.01e-06
1503977724	1.01e-06
1503977785	1.01e-06
1503977845	1.01e-06
1503977906	1e-06
1503977966	1e-06
1503978027	9.97e-07
1503978087	9.95e-07
1503978148	9.92e-07
1503978208	9.89e-07
1503978269	9.87e-07
1503978329	9.84e-07
1503978390	9.82e-07
1503978450	9.8e-07
1503978511	9.77e-07
1503978571	9.75e-07
1503978632	9.72e-07
1503978692	9.69e-07
1503978753	9.68e-07
1503978813	9.65e-07
1503978874	9.63e-07
1503978935	9.61e-07
1503978995	9.59e-07
1503979056	9.56e-07
1503979116	9.54e-07
1503979177	9.52e-07
1503979237	9.5e-07
1503979298	9.47e-07
1503979358	9.45e-07
1503979419	9.43e-07
1503979479	9.41e-07
1503979540	9.39e-07
1503979600	9.37e-07
1503979661	9.35e-07
1503979721	9.34e-07
1503979782	9.32e-07
1503979842	9.3e-07
1503979903	9.28e-07
1503979963	9.25e-07
1503980024	9.23e-07
1503980084	9.21e-07
1503980145	9.19e-07
1503980205	9.17e-07
1503980266	9.15e-07
1503980326	9.13e-07
1503980387	9.12e-07
1503980447	9.1e-07
1503980508	9.08e-07
1503980568	9.06e-07
1503980629	9.04e-07
1503980689	9.02e-07
1503980750	9e-07
1503980810	8.99e-07
1503980871	8.97e-07
1503980932	8.95e-07
1503980992	8.94e-07
1503981053	8.92e-07
1503981113	8.9e-07
1503981174	8.88e-07
1503981234	8.86e-07
1503981295	8.85e-07
1503981355	8.83e-07
1503981416	8.81e-07
1503981476	8.79e-07
1503981537	8.78e-07
1503981597	8.76e-07
1503981658	8.75e-07
1503981718	8.73e-07
1503981779	8.72e-07
1503981839	8.7e-07
1503981900	8.68e-07
1503981960	8.67e-07
1503982021	8.65e-07
1503982081	8.64e-07
1503982142	8.62e-07
1503982202	8.61e-07
1503982263	8.59e-07
1503982323	8.58e-07
1503982384	8.56e-07
1503982444	8.55e-07
1503982505	8.53e-07
1503982565	8.52e-07
1503982626	8.51e-07
1503982686	8.49e-07
1503982747	8.47e-07
1503982807	8.46e-07
1503982868	8.45e-07
1503982929	8.43e-07
1503982989	8.42e-07
1503983050	8.4e-07
1503983110	8.39e-07
1503983171	8.38e-07
1503983231	8.36e-07
1503983292	8.35e-07
1503983352	8.34e-07
1503983413	8.32e-07
1503983473	8.31e-07
1503983534	8.29e-07
1503983594	8.28e-07
1503983655	8.27e-07
1503983715	8.26e-07
1503983776	8.25e-07
1503983836	8.23e-07
1503983897	8.22e-07
1503983957	8.21e-07
1503984018	8.2e-07
1503984078	8.18e-07
1503984139	8.16e-07
1503984200	8.15e-07
1503984260	8.14e-07
1503984321	8.12e-07
1503984381	8.11e-07
1503984442	8.1e-07
1503984502	8.09e-07
1503984563	8.08e-07
1503984623	8.07e-07
1503984684	8.06e-07
1503984744	8.05e-07
1503984805	8.03e-07
1503984865	8.02e-07
1503984926	8.01e-07
1503984987	8e-07
1503985047	7.99e-07
1503985108	7.98e-07
1503985168	7.97e-07
1503985229	7.96e-07
1503985289	7.94e-07
1503985350	7.93e-07
1503985410	7.92e-07
1503985471	7.91e-07
1503985531	7.89e-07
1503985592	7.88e-07
1503985652	7.87e-07
1503985713	7.86e-07
1503985773	7.85e-07
1503985834	7.84e-07
1503985894	7.82e-07
1503985955	7.81e-07
1503986015	7.81e-07
1503986076	7.8e-07
1503986136	7.79e-07
1503986197	7.78e-07
1503986257	7.76e-07
1503986318	7.75e-07
1503986378	7.75e-07
1503986439	7.74e-07
1503986499	7.73e-07
1503986560	7.71e-07
1503986621	7.7e-07
1503986681	7.69e-07
1503986742	7.68e-07
1503986802	7.67e-07
1503986863	7.66e-07
1503986923	7.65e-07
1503986984	7.64e-07
1503987044	7.63e-07
1503987105	7.62e-07
1503987165	7.61e-07
1503987226	7.59e-07
1503987286	7.59e-07
1503987347	7.58e-07
1503987407	7.57e-07
1503987468	7.56e-07
1503987528	7.55e-07
1503987589	7.54e-07
1503987649	7.53e-07
1503987710	7.52e-07
1503987770	7.51e-07
1503987831	7.5e-07
1503987891	7.5e-07
1503987952	7.49e-07
1503988013	7.48e-07
1503988073	7.47e-07
1503988134	7.46e-07
1503988194	7.44e-07
1503988255	7.43e-07
1503988315	7.42e-07
1503988376	7.42e-07
1503988436	7.41e-07
1503988497	7.4e-07
1503988557	7.39e-07
1503988618	7.38e-07
1503988678	7.37e-07
1503988739	7.37e-07
1503988799	7.36e-07
1503988860	7.35e-07
1503988921	7.34e-07
1503988981	7.33e-07
1503989042	7.32e-07
1503989102	7.3e-07
1503989163	7.3e-07
1503989223	7.29e-07
1503989284	7.28e-07
1503989344	7.27e-07
1503989405	7.26e-07
1503989465	7.25e-07
1503989526	7.24e-07
1503989586	7.23e-07
1503989647	7.22e-07
1503989707	7.2e-07
1503989768	7.19e-07
1503989828	7.19e-07
1503989889	7.18e-07
1503989949	7.18e-07
1503990010	7.17e-07
1503990070	7.16e-07
1503990131	7.15e-07
1503990191	7.14e-07
1503990252	7.14e-07
1503990312	7.13e-07
1503990373	7.12e-07
1503990433	7.12e-07
1503990494	7.11e-07
1503990554	7.1e-07
1503990615	7.09e-07
1503990676	7.08e-07
1503990736	7.08e-07
1503990797	7.07e-07
1503990857	7.07e-07
1503990918	7.06e-07
1503990978	7.05e-07
1503991039	7.05e-07
1503991099	7.04e-07
1503991160	7.04e-07
1503991220	7.03e-07
1503991281	7.03e-07
1503991342	7.02e-07
1503991402	7.02e-07
1503991463	7.01e-07
1503991523	7e-07
1503991584	7e-07
1503991644	6.99e-07
1503991705	6.98e-07
1503991765	6.96e-07
1503991826	6.96e-07
1503991886	6.95e-07
1503991947	6.94e-07
1503992008	6.93e-07
1503992068	6.92e-07
1503992128	6.92e-07
1503992189	6.9e-07
1503992250	6.9e-07
1503992310	6.89e-07
1503992371	6.88e-07
1503992431	6.88e-07
1503992492	6.87e-07
1503992552	6.86e-07
1503992613	6.86e-07
1503992673	6.85e-07
1503992734	6.84e-07
1503992794	6.84e-07
1503992855	6.83e-07
1503992915	6.82e-07
1503992976	6.82e-07
1503993036	6.81e-07
1503993097	6.81e-07
1503993157	6.8e-07
1503993218	6.8e-07
1503993278	6.8e-07
1503993339	6.79e-07
1503993400	6.79e-07
1503993460	6.78e-07
1503993521	6.77e-07
1503993581	6.77e-07
1503993642	6.77e-07
1503993702	6.76e-07
1503993763	6.75e-07
1503993823	6.75e-07
1503993884	6.75e-07
1503993944	6.73e-07
1503994005	6.73e-07
1503994065	6.72e-07
1503994126	6.71e-07
1503994186	6.71e-07
1503994247	6.7e-07
1503994308	6.69e-07
1503994368	6.68e-07
1503994428	6.68e-07
1503994489	6.67e-07
1503994550	6.67e-07
1503994610	6.66e-07
1503994671	6.66e-07
1503994731	6.65e-07
1503994792	6.64e-07
1503994852	6.63e-07
1503994913	6.63e-07
1503994973	6.63e-07
1503995034	6.62e-07
1503995094	6.61e-07
1503995155	6.6e-07
1503995215	6.6e-07
1503995276	6.59e-07
1503995336	6.59e-07
1503995397	6.58e-07
1503995457	6.58e-07
1503995518	6.58e-07
1503995578	6.57e-07
1503995639	6.57e-07
1503995700	6.56e-07
1503995760	6.55e-07
1503995821	6.55e-07
1503995881	6.55e-07
1503995942	6.54e-07
1503996002	6.54e-07
1503996063	6.53e-07
1503996123	6.53e-07
1503996184	6.52e-07
1503996244	6.52e-07
1503996305	6.51e-07
1503996365	6.5e-07
1503996426	6.5e-07
1503996486	6.49e-07
1503996547	6.48e-07
1503996608	6.48e-07
1503996668	6.48e-07
1503996728	6.47e-07
1503996789	6.47e-07
1503996850	6.46e-07
1503996910	6.46e-07
1503996971	6.46e-07
1503997031	6.45e-07
1503997092	6.44e-07
1503997152	6.44e-07
1503997213	6.44e-07
1503997273	6.43e-07
1503997334	6.43e-07
1503997394	6.42e-07
1503997455	6.42e-07
1503997515	6.41e-07
1503997576	6.41e-07
1503997636	6.4e-07
1503997697	6.39e-07
1503997757	6.38e-07
1503997818	6.38e-07
1503997878	6.37e-07
1503997939	6.37e-07
1503997999	6.37e-07
1503998060	6.36e-07
1503998120	6.36e-07
1503998181	6.35e-07
1503998242	6.35e-07
1503998302	6.35e-07
1503998363	6.35e-07
1503998423	6.34e-07
1503998484	6.33e-07
1503998544	6.32e-07
1503998605	6.32e-07
1503998665	6.32e-07
1503998726	6.31e-07
1503998786	6.3e-07
1503998847	6.29e-07
1503998907	6.29e-07
1503998968	6.29e-07
1503999028	6.28e-07
1503999089	6.28e-07
1503999149	6.27e-07
1503999210	6.26e-07
1503999270	6.26e-07
1503999331	6.26e-07
1503999391	6.25e-07
1503999452	6.25e-07
1503999512	6.24e-07
1503999573	6.24e-07
1503999633	6.23e-07
1503999694	6.23e-07
1503999754	6.22e-07
1503999815	6.22e-07
1503999876	6.21e-07
1503999936	6.21e-07
1503999997	6.21e-07
1504000057	6.2e-07
1504000118	6.2e-07
1504000178	6.2e-07
1504000239	6.19e-07
1504000299	6.18e-07
1504000360	6.18e-07
1504000420	6.17e-07
1504000481	6.17e-07
1504000542	6.17e-07
1504000602	6.16e-07
1504000663	6.16e-07
1504000723	6.16e-07
1504000784	6.16e-07
1504000844	6.15e-07
1504000905	6.14e-07
1504000965	6.13e-07
1504001026	6.13e-07
1504001086	6.12e-07
1504001147	6.11e-07
1504001207	6.1e-07
1504001268	6.1e-07
1504001328	6.09e-07
1504001389	6.09e-07
1504001450	6.08e-07
1504001510	6.08e-07
1504001571	6.07e-07
1504001631	6.07e-07
1504001692	6.06e-07
1504001752	6.05e-07
1504001813	6.04e-07
1504001873	6.04e-07
1504001934	6.04e-07
1504001994	6.04e-07
1504002055	6.03e-07
1504002115	6.03e-07
1504002176	6.02e-07
1504002236	6.02e-07
1504002297	6.02e-07
1504002357	6.02e-07
1504002418	6.02e-07
1504002478	6.01e-07
1504002539	6.01e-07
1504002599	6e-07
1504002660	6e-07
1504002720	6e-07
1504002781	5.99e-07
1504002841	5.98e-07
1504002902	5.98e-07
1504002962	5.98e-07
1504003023	5.98e-07
1504003084	5.98e-07
1504003144	5.97e-07
1504003205	5.97e-07
1504003265	5.96e-07
1504003326	5.95e-07
1504003386	5.95e-07
1504003447	5.95e-07
1504003507	5.95e-07
1504003568	5.94e-07
1504003628	5.94e-07
1504003689	5.94e-07
1504003749	5.94e-07
1504003810	5.94e-07
1504003870	5.94e-07
1504003931	5.94e-07
1504003991	5.93e-07
1504004052	5.93e-07
1504004113	5.93e-07
1504004173	5.93e-07
1504004234	5.93e-07
1504004294	5.93e-07
1504004355	5.93e-07
1504004415	5.92e-07
1504004476	5.92e-07
1504004536	5.92e-07
1504004597	5.92e-07
1504004657	5.91e-07
1504004718	5.91e-07
1504004778	5.91e-07
1504004839	5.9e-07
1504004899	5.9e-07
1504004960	5.89e-07
1504005021	5.89e-07
1504005081	5.88e-07
1504005142	5.87e-07
1504005202	5.87e-07
1504005263	5.87e-07
1504005323	5.86e-07
1504005384	5.85e-07
1504005444	5.85e-07
1504005505	5.84e-07
1504005565	5.83e-07
1504005626	5.83e-07
1504005686	5.82e-07
1504005747	5.82e-07
1504005807	5.82e-07
1504005868	5.82e-07
1504005928	5.82e-07
1504005989	5.82e-07
1504006049	5.82e-07
1504006110	5.81e-07
1504006171	5.81e-07
1504006231	5.81e-07
1504006292	5.81e-07
1504006352	5.81e-07
1504006413	5.81e-07
1504006473	5.81e-07
1504006534	5.8e-07
1504006594	5.8e-07
1504006655	5.8e-07
1504006715	5.8e-07
1504006776	5.8e-07
1504006836	5.79e-07
1504006897	5.79e-07
1504006957	5.79e-07
1504007018	5.79e-07
1504007078	5.79e-07
1504007139	5.79e-07
1504007199	5.78e-07
1504007260	5.78e-07
1504007320	5.78e-07
1504007381	5.78e-07
1504007441	5.78e-07
1504007502	5.78e-07
1504007562	5.78e-07
1504007623	5.78e-07
1504007683	5.77e-07
1504007744	5.77e-07
1504007804	5.77e-07
1504007865	5.76e-07
1504007926	5.76e-07
1504007986	5.76e-07
1504008047	5.76e-07
1504008107	5.76e-07
1504008168	5.76e-07
1504008228	5.76e-07
1504008289	5.75e-07
1504008349	5.75e-07
1504008410	5.75e-07
1504008470	5.75e-07
1504008531	5.75e-07
1504008591	5.75e-07
1504008652	5.74e-07
1504008713	5.74e-07
1504008773	5.75e-07
1504008834	5.74e-07
1504008894	5.74e-07
1504008955	5.74e-07
1504009015	5.74e-07
1504009076	5.74e-07
1504009136	5.74e-07
1504009197	5.74e-07
1504009257	5.74e-07
1504009318	5.73e-07
1504009378	5.72e-07
1504009439	5.73e-07
1504009500	5.73e-07
1504009560	5.73e-07
1504009620	5.73e-07
1504009681	5.73e-07
1504009741	5.73e-07
1504009802	5.73e-07
1504009862	5.72e-07
1504009923	5.72e-07
1504009984	5.73e-07
1504010044	5.73e-07
1504010105	5.73e-07
1504010165	5.73e-07
1504010226	5.73e-07
1504010286	5.72e-07
1504010347	5.72e-07
1504010407	5.72e-07
1504010468	5.72e-07
1504010528	5.72e-07
1504010589	5.72e-07
1504010649	5.72e-07
1504010710	5.72e-07
1504010770	5.72e-07
1504010831	5.72e-07
1504010892	5.72e-07
1504010952	5.72e-07
1504011013	5.72e-07
1504011073	5.72e-07
1504011134	5.72e-07
1504011194	5.72e-07
1504011255	5.72e-07
1504011315	5.72e-07
1504011376	5.72e-07
1504011436	5.73e-07
1504011497	5.72e-07
1504011557	5.72e-07
1504011618	5.72e-07
1504011678	5.72e-07
1504011739	5.72e-07
1504011799	5.71e-07
1504011860	5.71e-07
1504011920	5.71e-07
1504011981	5.71e-07
1504012042	5.7e-07
1504012102	5.7e-07
1504012163	5.71e-07
1504012223	5.71e-07
1504012284	5.71e-07
1504012344	5.71e-07
1504012405	5.71e-07
1504012465	5.72e-07
1504012526	5.72e-07
1504012586	5.72e-07
1504012647	5.72e-07
1504012708	5.72e-07
1504012768	5.72e-07
1504012829	5.72e-07
1504012889	5.72e-07
1504012950	5.72e-07
1504013010	5.72e-07
1504013071	5.72e-07
1504013131	5.72e-07
1504013192	5.72e-07
1504013252	5.72e-07
1504013313	5.72e-07
1504013373	5.72e-07
1504013434	5.72e-07
1504013495	5.72e-07
1504013555	5.72e-07
1504013616	5.72e-07
1504013676	5.72e-07
1504013737	5.72e-07
1504013797	5.72e-07
1504013858	5.72e-07
1504013918	5.72e-07
1504013979	5.71e-07
1504014039	5.71e-07
1504014100	5.72e-07
1504014160	5.72e-07
1504014221	5.71e-07
1504014282	5.71e-07
1504014342	5.71e-07
1504014403	5.72e-07
1504014463	5.71e-07
1504014524	5.71e-07
1504014584	5.72e-07
1504014645	5.71e-07
1504014705	5.71e-07
1504014766	5.7e-07
1504014826	5.7e-07
1504014887	5.71e-07
1504014947	5.71e-07
1504015008	5.71e-07
1504015068	5.71e-07
1504015129	5.71e-07
1504015189	5.71e-07
1504015250	5.79e-07
1504015311	1.07e-06
1504015371	1.2e-06
1504015432	1.3e-06
1504015492	1.39e-06
1504015553	1.46e-06
1504015613	1.53e-06
1504015674	1.59e-06
1504015734	1.64e-06
1504015795	1.69e-06
1504015855	1.74e-06
1504015916	1.79e-06
1504015976	1.83e-06
1504016037	1.87e-06
1504016097	1.9e-06
1504016158	1.94e-06
1504016218	1.97e-06
1504016279	2.01e-06
1504016339	2.04e-06
1504016400	2.07e-06
1504016460	2.1e-06
1504016521	2.13e-06
1504016581	2.15e-06
1504016642	2.18e-06
1504016702	2.21e-06
1504016763	2.23e-06
1504016824	2.25e-06
1504016884	2.27e-06
1504016945	2.3e-06
1504017005	2.32e-06
1504017066	2.34e-06
1504017126	2.36e-06
1504017187	2.38e-06
1504017247	2.39e-06
1504017308	2.41e-06
1504018357	2.09e-06
1504018417	1.46e-06
1504018478	1.24e-06
1504018539	1.11e-06
1504018599	1.03e-06
1504018660	9.68e-07
1504018720	9.23e-07
1504018781	8.87e-07
1504018841	8.57e-07
1504018902	8.33e-07
1504018962	8.12e-07
1504019023	7.94e-07
1504019083	7.78e-07
1504019144	7.64e-07
1504019204	7.51e-07
1504019265	7.41e-07
1504019325	7.31e-07
1504019386	7.23e-07
1504019446	7.15e-07
1504019507	7.07e-07
1504019567	7e-07
1504019628	6.94e-07
1504019688	6.88e-07
1504019749	6.83e-07
1504019810	6.78e-07
1504019870	6.73e-07
1504019931	6.68e-07
1504019991	6.65e-07
1504020052	6.61e-07
1504020112	6.58e-07
1504020173	6.54e-07
1504020233	6.51e-07
1504020294	6.48e-07
1504020354	6.46e-07
1504020415	6.43e-07
1504020475	6.41e-07
1504020536	6.39e-07
1504020596	6.36e-07
1504020657	6.34e-07
1504020717	6.32e-07
1504020778	6.29e-07
1504020838	6.27e-07
1504020899	6.25e-07
1504020960	6.23e-07
1504021020	6.21e-07
1504021080	6.19e-07
1504021141	6.18e-07
1504021201	6.17e-07
1504021262	6.15e-07
1504021323	6.14e-07
1504021383	6.12e-07
1504021444	6.11e-07
1504021504	6.1e-07
1504021565	6.1e-07
1504021625	6.09e-07
1504021686	6.08e-07
1504021746	6.07e-07
1504021807	6.06e-07
1504021867	6.06e-07
1504021928	6.05e-07
1504021988	6.04e-07
1504022049	6.03e-07
1504022109	6.03e-07
1504022170	6.02e-07
1504022230	6.01e-07
1504022291	6.01e-07
1504022352	6e-07
1504022412	5.99e-07
1504022473	5.99e-07
1504022533	5.98e-07
1504022594	5.97e-07
1504022654	5.97e-07
1504022715	5.97e-07
1504022775	5.96e-07
1504022836	5.96e-07
1504022896	5.96e-07
1504022957	5.96e-07
1504023017	5.95e-07
1504023078	5.95e-07
1504023138	5.95e-07
1504023199	5.94e-07
1504023259	5.94e-07
1504023320	5.94e-07
1504023380	5.94e-07
1504023441	5.93e-07
1504023501	5.93e-07
1504023562	5.93e-07
1504023622	5.93e-07
1504023683	5.92e-07
1504023743	5.92e-07
1504023804	5.92e-07
1504023864	5.91e-07
1504023925	5.91e-07
1504023985	5.9e-07
1504024046	5.9e-07
1504024107	5.9e-07
1504024167	5.9e-07
1504024227	5.89e-07
1504024288	5.89e-07
1504024348	5.89e-07
1504024409	5.88e-07
1504024469	5.88e-07
1504024530	5.87e-07
1504024590	5.86e-07
1504024651	5.86e-07
1504024712	5.85e-07
1504024772	5.85e-07
1504024832	5.85e-07
1504024893	5.85e-07
1504024953	5.85e-07
1504025014	5.84e-07
1504025074	5.84e-07
1504025135	5.84e-07
1504025196	5.84e-07
1504025256	5.84e-07
1504025317	5.84e-07
1504025377	5.83e-07
1504025438	5.83e-07
1504025498	5.83e-07
1504025559	5.83e-07
1504025619	5.83e-07
1504025680	5.83e-07
1504025740	5.83e-07
1504025801	5.83e-07
1504025861	5.82e-07
1504025922	5.82e-07
1504025982	5.81e-07
1504026043	5.8e-07
1504026103	5.8e-07
1504026164	5.81e-07
1504026224	5.81e-07
1504026285	5.81e-07
1504026345	5.8e-07
1504026406	5.81e-07
1504026466	5.8e-07
1504026527	5.8e-07
1504026587	5.8e-07
1504026648	5.8e-07
1504026708	5.79e-07
1504026769	5.79e-07
1504026829	5.8e-07
1504026890	5.79e-07
1504026951	5.75e-07
1504027011	5.7e-07
1504027072	5.64e-07
1504027132	5.61e-07
1504027193	5.6e-07
1504027253	5.59e-07
1504027314	5.59e-07
1504027374	5.58e-07
1504027435	5.57e-07
1504027495	5.57e-07
1504027556	5.57e-07
1504027616	5.58e-07
1504027677	5.58e-07
1504027737	5.58e-07
1504027798	5.57e-07
1504027859	5.58e-07
1504027919	5.58e-07
1504027980	5.58e-07
1504028040	5.58e-07
1504028101	5.57e-07
1504028161	5.57e-07
1504028222	5.57e-07
1504028282	5.56e-07
1504028343	5.56e-07
1504028403	5.56e-07
1504028464	5.56e-07
1504028524	5.56e-07
1504028585	5.56e-07
1504028646	5.56e-07
1504028706	5.57e-07
1504028766	5.56e-07
1504028827	5.56e-07
1504028887	5.55e-07
1504028948	5.55e-07
1504029008	5.55e-07
1504029069	5.55e-07
1504029129	5.55e-07
1504029190	5.55e-07
1504029250	5.55e-07
1504029311	5.55e-07
1504029372	5.55e-07
1504029432	5.55e-07
1504029493	5.56e-07
1504029553	5.56e-07
1504029614	5.56e-07
1504029674	5.56e-07
1504029735	5.56e-07
1504029795	5.56e-07
1504029856	5.56e-07
1504029916	5.56e-07
1504029977	5.56e-07
1504030037	5.56e-07
1504030098	5.55e-07
1504030158	5.55e-07
1504030219	5.55e-07
1504030279	5.55e-07
1504030340	5.55e-07
1504030400	5.55e-07
1504030461	5.55e-07
1504030521	5.54e-07
1504030582	5.54e-07
1504030642	5.55e-07
1504030703	5.55e-07
1504030763	5.55e-07
1504030824	5.55e-07
1504030884	5.56e-07
1504030945	5.55e-07
1504031005	5.55e-07
1504031066	5.54e-07
1504031126	5.54e-07
1504031187	5.54e-07
1504031248	5.54e-07
1504031308	5.54e-07
1504031369	5.55e-07
1504031429	5.55e-07
1504031490	5.55e-07
1504031550	5.55e-07
1504031611	5.55e-07
1504031671	5.55e-07
1504031732	5.55e-07
1504031792	5.55e-07
1504031853	5.56e-07
1504031913	5.55e-07
1504031974	5.55e-07
1504032034	5.55e-07
1504032095	5.55e-07
1504032155	5.55e-07
1504032216	5.54e-07
1504032277	5.5e-07
1504032337	5.44e-07
1504032397	5.38e-07
1504032458	5.34e-07
1504032519	5.33e-07
1504032579	5.32e-07
1504032640	5.32e-07
1504032700	5.31e-07
1504032761	5.3e-07
1504032821	5.3e-07
1504032882	5.29e-07
1504032942	5.29e-07
1504033003	5.29e-07
1504033063	5.29e-07
1504033124	5.29e-07
1504033184	5.29e-07
1504033245	5.29e-07
1504033305	5.29e-07
1504033366	5.3e-07
1504033426	5.29e-07
1504033487	5.29e-07
1504033547	5.3e-07
1504033608	5.3e-07
1504033668	5.3e-07
1504033729	5.3e-07
1504033789	5.3e-07
1504033850	5.3e-07
1504033910	5.3e-07
1504033971	5.3e-07
1504034031	5.3e-07
1504034092	5.3e-07
1504034152	5.31e-07
1504034213	5.31e-07
1504034273	5.31e-07
1504034334	5.31e-07
1504034395	5.31e-07
1504034455	5.31e-07
1504034516	5.31e-07
1504034576	5.31e-07
1504034637	5.31e-07
1504034697	5.31e-07
1504034758	5.3e-07
1504034818	5.3e-07
1504034879	5.3e-07
1504034939	5.3e-07
1504035000	5.3e-07
1504035060	5.3e-07
1504035121	5.3e-07
1504035181	5.3e-07
1504035242	5.3e-07
1504035302	5.3e-07
1504035363	5.3e-07
1504035423	5.31e-07
1504035484	5.31e-07
1504035544	5.31e-07
1504035605	5.31e-07
1504035665	5.31e-07
1504035726	5.31e-07
1504035787	5.31e-07
1504035847	5.31e-07
1504035907	5.31e-07
1504035968	5.31e-07
1504036028	5.26e-07
1504036089	5.21e-07
1504036149	5.15e-07
1504036210	5.12e-07
1504036270	5.1e-07
1504036331	5.1e-07
1504036392	5.1e-07
1504036452	5.1e-07
1504036513	5.09e-07
1504036573	5.09e-07
1504036634	5.09e-07
1504036694	5.09e-07
1504036755	5.1e-07
1504036815	5.1e-07
1504036876	5.1e-07
1504036936	5.1e-07
1504036997	5.11e-07
1504037057	5.11e-07
1504037118	5.11e-07
1504037178	5.12e-07
1504037239	5.12e-07
1504037299	5.12e-07
1504037360	5.12e-07
1504037420	5.13e-07
1504037481	5.12e-07
1504037541	5.13e-07
1504037602	5.13e-07
1504037662	5.13e-07
1504037723	5.13e-07
1504037784	5.13e-07
1504037844	5.13e-07
1504037905	5.14e-07
1504037965	5.14e-07
1504038026	5.14e-07
1504038086	5.14e-07
1504038147	5.14e-07
1504038207	5.14e-07
1504038268	5.14e-07
1504038328	5.14e-07
1504038389	5.14e-07
1504038449	5.14e-07
1504038510	5.14e-07
1504038570	5.15e-07
1504038631	5.15e-07
1504038691	5.14e-07
1504038752	5.14e-07
1504038813	5.15e-07
1504038873	5.15e-07
1504038933	5.15e-07
1504038994	5.15e-07
1504039054	5.15e-07
1504039115	5.16e-07
1504039175	5.16e-07
1504039236	5.16e-07
1504039296	5.16e-07
1504039357	5.16e-07
1504039417	5.16e-07
1504039478	5.16e-07
1504039538	5.16e-07
1504039599	5.17e-07
1504039660	5.17e-07
1504039720	5.17e-07
1504039781	5.16e-07
1504039841	5.16e-07
1504039902	5.16e-07
1504039962	5.16e-07
1504040023	5.17e-07
1504040083	5.17e-07
1504040144	5.17e-07
1504040204	5.17e-07
1504040265	5.17e-07
1504040325	5.17e-07
1504040386	5.17e-07
1504040446	5.16e-07
1504040507	5.17e-07
1504040567	5.17e-07
1504040628	5.17e-07
1504040688	5.17e-07
1504040749	5.17e-07
1504040809	5.17e-07
1504040870	5.17e-07
1504040930	5.17e-07
1504040991	5.17e-07
1504041051	5.17e-07
1504041112	5.17e-07
1504041172	5.17e-07
1504041233	5.17e-07
1504041293	5.17e-07
1504041354	5.17e-07
1504041414	5.17e-07
1504041475	5.17e-07
1504041535	5.17e-07
1504041596	5.17e-07
1504041656	5.17e-07
1504041717	5.17e-07
1504041778	5.16e-07
1504041838	5.16e-07
1504041899	5.16e-07
1504041959	5.16e-07
1504042020	5.16e-07
1504042080	5.16e-07
1504042141	5.16e-07
1504042201	5.17e-07
1504042262	5.17e-07
1504042322	5.17e-07
1504042383	5.17e-07
1504042443	5.17e-07
1504042504	5.17e-07
1504042565	5.17e-07
1504042625	5.17e-07
1504042685	5.17e-07
1504042746	5.18e-07
1504042806	5.18e-07
1504042867	5.16e-07
1504042928	5.1e-07
1504042988	5.05e-07
1504043049	5.02e-07
1504043109	5e-07
1504043170	4.99e-07
1504043230	4.99e-07
1504043291	4.99e-07
1504043351	4.99e-07
1504043412	5e-07
1504043472	5e-07
1504043533	5e-07
1504043593	5.01e-07
1504043654	5e-07
1504043714	5e-07
1504043775	5e-07
1504043835	5e-07
1504043896	5e-07
1504043956	5e-07
1504044017	5e-07
1504044077	5.01e-07
1504044138	5e-07
1504044198	5e-07
1504044259	5.01e-07
1504044319	5.01e-07
1504044380	5.01e-07
1504044440	5.01e-07
1504044501	5.01e-07
1504044561	5e-07
1504044622	5e-07
1504044682	5.01e-07
1504044743	5.01e-07
1504044803	5.01e-07
1504044864	5.01e-07
1504044925	5.01e-07
1504044985	5.01e-07
1504045046	5.01e-07
1504045106	5.01e-07
1504045167	5.01e-07
1504045227	5.02e-07
1504045288	8.53e-07
1504045348	1.01e-06
1504045409	1.11e-06
1504045469	1.19e-06
1504045530	1.26e-06
1504045590	1.32e-06
1504045651	1.37e-06
1504045711	1.42e-06
1504045772	1.46e-06
1504045832	1.5e-06
1504045893	1.54e-06
1504045953	1.58e-06
1504046014	1.61e-06
1504046074	1.64e-06
1504046135	1.68e-06
1504046195	1.71e-06
1504047234	3.45e-06
1504047294	1.23e-06
1504047355	9.63e-07
1504047415	8.59e-07
1504047476	7.98e-07
1504047536	7.55e-07
1504047597	7.24e-07
1504047657	6.99e-07
1504047718	6.79e-07
1504047778	6.62e-07
1504047839	6.49e-07
1504047899	6.37e-07
1504047960	6.26e-07
1504048020	6.18e-07
1504048081	6.1e-07
1504048142	6.03e-07
1504048202	5.97e-07
1504048263	5.91e-07
1504048323	5.86e-07
1504048384	5.81e-07
1504048444	5.77e-07
1504048505	5.73e-07
1504048565	5.7e-07
1504048626	5.67e-07
1504048686	5.64e-07
1504048747	5.61e-07
1504048807	5.59e-07
1504048868	5.57e-07
1504048928	5.55e-07
1504048989	5.53e-07
1504049049	5.51e-07
1504049110	5.49e-07
1504049170	5.47e-07
1504049231	5.46e-07
1504049291	5.44e-07
1504049352	5.42e-07
1504049412	5.41e-07
1504049473	5.4e-07
1504049533	5.39e-07
1504049594	5.38e-07
1504049654	5.36e-07
1504049715	5.3e-07
1504049775	5.24e-07
1504049836	5.18e-07
1504049896	5.15e-07
1504049957	5.13e-07
1504050017	5.12e-07
1504050078	5.11e-07
1504050138	5.11e-07
1504050199	5.1e-07
1504050259	5.1e-07
1504050320	5.09e-07
1504050380	5.09e-07
1504050441	5.08e-07
1504050501	5.08e-07
1504050562	5.07e-07
1504050623	5.07e-07
1504050683	5.07e-07
1504050744	5.07e-07
1504050804	5.06e-07
1504050865	5.06e-07
1504050925	5.06e-07
1504050986	5.06e-07
1504051046	5.06e-07
1504051107	5.05e-07
1504051167	5.05e-07
1504051228	5.05e-07
1504051288	5.04e-07
1504051349	5.04e-07
1504051409	5.04e-07
1504051470	5.04e-07
1504051530	5.04e-07
1504051591	5.03e-07
1504051651	5.04e-07
1504051712	5.04e-07
1504051772	5.04e-07
1504051833	5.04e-07
1504051893	5.03e-07
1504051954	5.03e-07
1504052014	5.03e-07
1504052075	5.02e-07
1504052135	5.02e-07
1504052196	5.02e-07
1504052256	5.02e-07
1504052317	5.03e-07
1504052377	5.02e-07
1504052438	5.02e-07
1504052498	5.01e-07
1504052559	5.01e-07
1504052619	5.01e-07
1504052680	5.02e-07
1504052740	5.02e-07
1504052801	5.02e-07
1504052861	5.02e-07
1504052922	5e-07
1504052982	4.95e-07
1504053043	4.9e-07
1504053103	4.86e-07
1504053164	4.84e-07
1504053224	4.84e-07
1504053285	4.83e-07
1504053345	4.83e-07
1504053406	4.83e-07
1504053467	4.83e-07
1504053527	4.83e-07
1504053587	4.83e-07
1504053648	4.83e-07
1504053709	4.83e-07
1504053769	4.83e-07
1504053830	4.83e-07
1504053890	4.83e-07
1504053951	4.84e-07
1504054011	4.84e-07
1504054072	4.83e-07
1504054132	4.84e-07
1504054193	4.84e-07
1504054253	4.84e-07
1504054314	4.84e-07
1504054374	4.84e-07
1504054435	4.85e-07
1504054495	4.85e-07
1504054556	4.85e-07
1504054616	4.86e-07
1504054677	4.86e-07
1504054737	4.86e-07
1504054798	4.86e-07
1504054858	4.86e-07
1504054919	4.86e-07
1504054979	4.86e-07
1504055040	4.87e-07
1504055100	4.86e-07
1504055161	4.87e-07
1504055221	4.87e-07
1504055282	4.87e-07
1504055342	4.87e-07
1504055403	4.87e-07
1504055463	4.87e-07
1504055524	4.87e-07
1504055584	4.87e-07
1504055645	4.87e-07
1504055706	4.87e-07
1504055766	4.87e-07
1504055827	4.87e-07
1504055887	4.84e-07
1504055948	4.79e-07
1504056008	4.74e-07
1504056069	4.71e-07
1504056129	4.69e-07
1504056190	4.69e-07
1504056250	4.68e-07
1504056311	4.68e-07
1504056371	4.68e-07
1504056432	4.68e-07
1504056492	4.68e-07
1504056553	4.68e-07
1504056613	4.69e-07
1504056674	4.68e-07
1504056734	4.68e-07
1504056795	4.69e-07
1504056855	4.69e-07
1504056916	4.69e-07
1504056977	4.69e-07
1504057037	4.69e-07
1504057098	4.7e-07
1504057158	4.7e-07
1504057219	4.7e-07
1504057279	4.7e-07
1504057340	4.7e-07
1504057400	4.7e-07
1504057461	4.7e-07
1504057521	4.71e-07
1504057582	4.71e-07
1504057642	4.71e-07
1504057703	4.71e-07
1504057763	4.7e-07
1504057824	4.69e-07
1504057884	4.64e-07
1504057945	4.6e-07
1504058005	4.58e-07
1504058066	4.57e-07
1504058126	4.57e-07
1504058187	4.57e-07
1504058247	4.57e-07
1504058308	4.58e-07
1504058368	4.58e-07
1504058429	4.58e-07
1504058489	4.58e-07
1504058550	4.59e-07
1504058610	4.59e-07
1504058671	4.59e-07
1504058732	4.6e-07
1504058792	4.6e-07
1504058853	4.6e-07
1504058913	4.61e-07
1504058974	4.61e-07
1504059034	4.62e-07
1504059095	4.62e-07
1504059155	4.62e-07
1504059216	4.63e-07
1504059276	4.63e-07
1504059337	4.63e-07
1504059397	4.64e-07
1504059458	4.64e-07
1504059518	4.64e-07
1504059579	4.64e-07
1504059639	4.64e-07
1504059700	4.65e-07
1504059760	4.65e-07
1504059821	4.66e-07
1504059881	4.66e-07
1504059942	4.66e-07
1504060002	4.66e-07
1504060063	4.67e-07
1504060123	4.67e-07
1504060184	4.67e-07
1504060244	4.67e-07
1504060305	4.68e-07
1504060365	4.68e-07
1504060426	4.68e-07
1504060487	4.68e-07
1504060547	4.67e-07
1504060608	4.67e-07
1504060668	4.67e-07
1504060729	4.67e-07
1504060789	4.67e-07
1504060850	4.67e-07
1504060910	4.67e-07
1504060971	4.67e-07
1504061031	4.67e-07
1504061092	4.67e-07
1504061152	4.67e-07
1504061213	4.67e-07
1504061273	4.67e-07
1504061334	4.67e-07
1504061394	4.67e-07
1504061455	4.66e-07
1504061515	4.66e-07
1504061576	4.67e-07
1504061636	4.67e-07
1504061697	4.67e-07
1504061757	4.66e-07
1504061818	4.66e-07
1504061878	4.66e-07
1504061939	4.66e-07
1504062000	4.66e-07
1504062060	4.66e-07
1504062121	4.66e-07
1504062181	4.65e-07
1504062242	4.65e-07
1504062302	4.65e-07
1504062363	4.65e-07
1504062423	4.64e-07
1504062484	4.64e-07
1504062544	4.63e-07
1504062605	4.63e-07
1504062665	4.62e-07
1504062726	4.62e-07
1504062786	4.62e-07
1504062847	4.61e-07
1504062907	4.61e-07
1504062968	4.61e-07
1504063028	4.6e-07
1504063089	4.6e-07
1504063149	4.6e-07
1504063210	4.59e-07
1504063270	4.59e-07
1504063331	4.59e-07
1504063391	4.58e-07
1504063452	4.58e-07
1504063512	4.58e-07
1504063573	4.58e-07
1504063633	4.58e-07
1504063694	4.58e-07
1504063754	4.58e-07
1504063815	4.58e-07
1504063875	4.57e-07
1504063936	4.57e-07
1504063996	4.57e-07
1504064057	4.57e-07
1504064117	4.57e-07
1504064178	4.56e-07
1504064238	4.56e-07
1504064299	4.56e-07
1504064359	4.56e-07
1504064420	4.56e-07
1504064480	4.56e-07
1504064541	4.56e-07
1504064601	4.56e-07
1504064662	4.56e-07
1504064722	4.56e-07
1504064783	4.55e-07
1504064843	4.55e-07
1504064904	4.54e-07
1504064965	4.54e-07
1504065025	4.54e-07
1504065086	4.53e-07
1504065146	4.53e-07
1504065207	4.53e-07
1504065267	4.52e-07
1504065328	4.52e-07
1504065388	4.52e-07
1504065449	4.51e-07
1504065509	4.51e-07
1504065570	4.5e-07
1504065630	4.5e-07
1504065691	4.5e-07
1504065751	4.5e-07
1504065812	4.5e-07
1504065872	4.5e-07
1504065933	4.49e-07
1504065993	4.5e-07
1504066054	4.49e-07
1504066114	4.49e-07
1504066175	4.49e-07
1504066235	4.49e-07
1504066296	4.49e-07
1504066356	4.49e-07
1504066417	4.48e-07
1504066477	4.49e-07
1504066538	4.48e-07
1504066598	4.48e-07
1504066659	4.48e-07
1504066719	4.47e-07
1504066780	4.47e-07
1504066840	4.46e-07
1504066901	4.46e-07
1504066961	4.46e-07
1504067022	4.45e-07
1504067083	4.45e-07
1504067143	4.44e-07
1504067204	4.44e-07
1504067264	4.44e-07
1504067325	4.43e-07
1504067385	4.43e-07
1504067446	4.43e-07
1504067506	4.42e-07
1504067567	4.42e-07
1504067627	4.42e-07
1504067688	4.41e-07
1504067748	4.41e-07
1504067809	4.4e-07
1504067869	4.4e-07
1504067930	4.4e-07
1504067990	4.4e-07
1504068051	4.4e-07
1504068111	4.39e-07
1504068172	4.39e-07
1504068232	4.39e-07
1504068293	4.39e-07
1504068353	4.39e-07
1504068414	4.39e-07
1504068475	4.39e-07
1504068535	4.39e-07
1504068596	4.39e-07
1504068656	4.39e-07
1504068717	4.39e-07
1504068777	4.39e-07
1504068838	4.39e-07
1504068898	4.39e-07
1504068959	4.38e-07
1504069019	4.38e-07
1504069080	4.38e-07
1504069140	4.38e-07
1504069201	4.38e-07
1504069261	4.38e-07
1504069322	4.38e-07
1504069382	4.37e-07
1504069443	4.37e-07
1504069503	4.37e-07
1504069564	4.36e-07
1504069624	4.36e-07
1504069685	4.35e-07
1504069745	4.35e-07
1504069806	4.34e-07
1504069866	4.34e-07
1504069927	4.34e-07
1504069987	4.34e-07
1504070048	4.33e-07
1504070108	4.33e-07
1504070169	4.33e-07
1504070229	4.33e-07
1504070290	4.32e-07
1504070351	4.32e-07
1504070411	4.32e-07
1504070472	4.31e-07
1504070532	4.31e-07
1504070592	4.31e-07
1504070653	4.31e-07
1504070713	4.31e-07
1504070774	4.31e-07
1504070835	4.31e-07
1504070895	4.31e-07
1504070956	4.31e-07
1504071016	4.3e-07
1504071077	4.3e-07
1504071137	4.3e-07
1504071198	4.29e-07
1504071258	4.29e-07
1504071319	4.28e-07
1504071379	4.28e-07
1504071440	4.28e-07
1504071500	4.28e-07
1504071561	4.28e-07
1504071621	4.27e-07
1504071682	4.27e-07
1504071743	4.26e-07
1504071803	4.26e-07
1504071864	4.26e-07
1504071924	4.25e-07
1504071985	4.25e-07
1504072045	4.25e-07
1504072106	4.24e-07
1504072166	4.24e-07
1504072227	4.24e-07
1504072287	4.24e-07
1504072348	4.24e-07
1504072408	4.24e-07
1504072469	4.24e-07
1504072529	4.24e-07
1504072590	4.24e-07
1504072650	4.24e-07
1504072711	4.24e-07
1504072772	4.24e-07
1504072832	4.24e-07
1504072892	4.23e-07
1504072953	4.23e-07
1504073014	4.23e-07
1504073074	4.23e-07
1504073135	4.23e-07
1504073195	4.23e-07
1504073256	4.23e-07
1504073316	4.22e-07
1504073377	4.22e-07
1504073437	4.23e-07
1504073498	4.22e-07
1504073558	4.22e-07
1504073619	4.22e-07
1504073679	4.22e-07
1504073740	4.22e-07
1504073800	4.22e-07
1504073861	4.21e-07
1504073921	4.21e-07
1504073982	4.21e-07
1504074042	4.21e-07
1504074103	4.21e-07
1504074163	4.21e-07
1504074224	4.21e-07
1504074284	4.2e-07
1504074345	4.2e-07
1504074405	4.2e-07
1504074466	4.2e-07
1504074526	4.2e-07
1504074587	4.19e-07
1504074647	4.19e-07
1504074708	4.19e-07
1504074768	4.19e-07
1504074829	4.19e-07
1504074889	4.18e-07
1504074950	4.18e-07
1504075010	4.18e-07
1504075071	4.18e-07
1504075131	4.17e-07
1504075192	4.17e-07
1504075253	4.17e-07
1504075313	4.17e-07
1504075374	4.17e-07
1504075434	4.16e-07
1504075495	4.16e-07
1504075555	4.16e-07
1504075616	4.16e-07
1504075676	4.16e-07
1504075737	4.15e-07
1504075797	4.15e-07
1504075858	4.15e-07
1504075918	4.14e-07
1504075979	4.14e-07
1504076039	4.14e-07
1504076100	4.14e-07
1504076160	4.14e-07
1504076221	4.13e-07
1504076281	4.13e-07
1504076342	4.13e-07
1504076402	4.13e-07
1504076463	4.13e-07
1504076524	4.13e-07
1504076584	4.12e-07
1504076645	4.12e-07
1504076705	4.12e-07
1504076766	4.12e-07
1504076826	4.12e-07
1504076887	4.11e-07
1504076947	4.12e-07
1504077008	4.11e-07
1504077068	4.11e-07
1504077129	4.11e-07
1504077189	4.11e-07
1504077250	4.11e-07
1504077310	4.1e-07
1504077371	4.1e-07
1504077431	4.1e-07
1504077492	4.1e-07
1504077552	4.09e-07
1504077613	4.09e-07
1504077674	4.09e-07
1504077734	4.09e-07
1504077794	4.08e-07
1504077855	4.08e-07
1504077915	4.08e-07
1504077976	4.08e-07
1504078036	4.08e-07
1504078097	4.08e-07
1504078157	4.07e-07
1504078218	4.07e-07
1504078278	4.07e-07
1504078339	4.07e-07
1504078400	4.07e-07
1504078460	4.07e-07
1504078520	4.06e-07
1504078581	4.06e-07
1504078642	4.06e-07
1504078702	4.06e-07
1504078763	4.05e-07
1504078823	4.05e-07
1504078884	4.05e-07
1504078944	4.05e-07
1504079005	4.05e-07
1504079065	4.05e-07
1504079126	4.04e-07
1504079186	4.04e-07
1504079247	4.04e-07
1504079307	4.04e-07
1504079368	4.04e-07
1504079428	4.03e-07
1504079489	4.03e-07
1504079549	4.03e-07
1504079610	4.03e-07
1504079670	4.03e-07
1504079731	4.03e-07
1504079791	4.02e-07
1504079852	4.02e-07
1504079912	4.02e-07
1504079973	4.02e-07
1504080033	4.01e-07
1504080094	4.01e-07
1504080154	4.01e-07
1504080215	4.01e-07
1504080275	4e-07
1504080336	4e-07
1504080397	4e-07
1504080457	4e-07
1504080518	4e-07
1504080578	3.99e-07
1504080638	3.99e-07
1504080699	3.99e-07
1504080759	3.99e-07
1504080820	3.99e-07
1504080880	3.98e-07
1504080941	3.98e-07
1504081002	3.98e-07
1504081062	3.98e-07
1504081123	3.98e-07
1504081183	3.98e-07
1504081244	3.98e-07
1504081304	3.98e-07
1504081365	3.97e-07
1504081425	3.98e-07
1504081486	3.97e-07
1504081546	3.97e-07
1504081607	3.97e-07
1504081667	3.97e-07
1504081728	3.97e-07
1504081788	3.96e-07
1504081849	3.96e-07
1504081910	3.96e-07
1504081970	3.96e-07
1504082031	3.96e-07
1504082091	3.95e-07
1504082152	3.95e-07
1504082212	3.95e-07
1504082272	3.95e-07
1504082333	3.94e-07
1504082393	3.94e-07
1504082454	3.94e-07
1504082514	3.94e-07
1504082575	3.94e-07
1504082635	3.93e-07
1504082696	3.93e-07
1504082756	3.93e-07
1504082817	3.93e-07
1504082878	3.93e-07
1504082938	3.93e-07
1504082999	3.93e-07
1504083059	3.93e-07
1504083120	3.92e-07
1504083180	3.92e-07
1504083241	3.92e-07
1504083301	3.92e-07
1504083361	3.92e-07
1504083422	3.92e-07
1504083482	3.92e-07
1504083543	3.92e-07
1504083604	3.92e-07
1504083664	3.92e-07
1504083725	3.92e-07
1504083785	3.91e-07
1504083846	3.91e-07
1504083906	3.91e-07
1504083967	3.91e-07
1504084027	3.91e-07
1504084088	3.91e-07
1504084148	3.91e-07
1504084209	3.91e-07
1504084269	3.91e-07
1504084330	3.91e-07
1504084390	3.91e-07
1504084451	3.91e-07
1504084512	3.9e-07
1504084572	3.9e-07
1504084633	3.9e-07
1504084693	3.9e-07
1504084754	3.9e-07
1504084814	3.9e-07
1504084875	3.9e-07
1504084935	3.9e-07
1504084996	3.9e-07
1504085056	3.9e-07
1504085117	3.89e-07
1504085177	3.89e-07
1504085238	3.89e-07
1504085298	3.89e-07
1504085359	3.89e-07
1504085420	3.89e-07
1504085480	3.89e-07
1504085540	3.88e-07
1504085601	3.88e-07
1504085662	3.88e-07
1504085722	3.88e-07
1504085783	3.88e-07
1504085843	3.88e-07
1504085904	3.88e-07
1504085964	3.87e-07
1504086025	3.87e-07
1504086085	3.87e-07
1504086146	3.87e-07
1504086206	3.87e-07
1504086267	3.87e-07
1504086327	3.87e-07
1504086388	3.87e-07
1504086448	3.87e-07
1504086509	3.87e-07
1504086569	3.87e-07
1504086630	3.87e-07
1504086690	3.86e-07
1504086751	3.86e-07
1504086812	3.86e-07
1504086872	3.86e-07
1504086933	3.87e-07
1504086993	3.87e-07
1504087054	3.86e-07
1504087114	3.86e-07
1504087175	3.87e-07
1504087235	3.87e-07
1504087296	3.87e-07
1504087356	3.87e-07
1504087417	3.87e-07
1504087477	3.86e-07
1504087538	3.86e-07
1504087598	3.86e-07
1504087659	3.86e-07
1504087719	3.86e-07
1504087780	3.86e-07
1504087840	3.86e-07
1504087901	3.86e-07
1504087961	3.86e-07
1504088022	3.85e-07
1504088082	3.85e-07
1504088143	3.85e-07
1504088203	3.85e-07
1504088264	3.85e-07
1504088324	3.85e-07
1504088385	3.84e-07
1504088445	3.84e-07
1504088506	3.84e-07
1504088566	3.84e-07
1504088627	3.84e-07
1504088687	3.84e-07
1504088748	3.84e-07
1504088808	3.83e-07
1504088869	3.83e-07
1504088930	3.83e-07
1504088990	3.83e-07
1504089051	3.83e-07
1504089111	3.83e-07
1504089172	3.83e-07
1504089232	3.84e-07
1504089293	3.84e-07
1504089353	3.84e-07
1504089414	3.85e-07
1504089474	3.85e-07
1504089535	3.85e-07
1504089595	3.85e-07
1504089656	3.86e-07
1504089716	3.86e-07
1504089777	3.86e-07
1504089837	3.86e-07
1504089898	3.86e-07
1504089958	3.86e-07
1504090019	3.86e-07
1504090079	3.86e-07
1504090140	3.86e-07
1504090200	3.86e-07
1504090261	3.86e-07
1504090321	3.86e-07
1504090382	3.86e-07
1504090442	3.86e-07
1504090503	3.86e-07
1504090563	3.86e-07
1504090624	3.86e-07
1504090684	3.86e-07
1504090745	3.86e-07
1504090805	3.85e-07
1504090866	3.86e-07
1504090927	3.86e-07
1504090987	3.86e-07
1504091048	3.86e-07
1504091108	3.86e-07
1504091169	3.86e-07
1504091229	3.86e-07
1504091290	3.86e-07
1504091350	3.86e-07
1504091411	3.86e-07
1504091471	3.86e-07
1504091532	3.86e-07
1504091592	3.87e-07
1504091653	3.87e-07
1504091714	3.87e-07
1504091774	3.87e-07
1504091835	3.88e-07
1504091895	3.88e-07
1504091956	3.88e-07
1504092016	3.88e-07
1504092077	3.89e-07
1504092137	3.89e-07
1504092198	3.89e-07
1504092258	3.89e-07
1504092319	3.89e-07
1504092380	3.9e-07
1504092440	3.9e-07
1504092500	3.9e-07
1504092561	3.9e-07
1504092621	3.91e-07
1504092682	3.91e-07
1504092742	3.91e-07
1504092803	3.91e-07
1504092863	3.91e-07
1504092924	3.92e-07
1504092984	3.92e-07
1504093045	3.92e-07
1504093105	3.92e-07
1504093166	3.92e-07
1504093227	3.93e-07
1504093287	3.93e-07
1504093348	3.93e-07
1504093408	3.94e-07
1504093469	3.94e-07
1504093529	3.94e-07
1504093590	3.94e-07
1504093650	3.94e-07
1504093711	3.94e-07
1504093771	3.95e-07
1504093832	3.95e-07
1504093892	3.95e-07
1504093953	3.95e-07
1504094013	3.96e-07
1504094074	3.96e-07
1504094134	3.96e-07
1504094195	3.97e-07
1504094255	3.97e-07
1504094316	3.98e-07
1504094376	3.98e-07
1504094437	3.99e-07
1504094497	3.99e-07
1504094558	3.99e-07
1504094618	3.99e-07
1504094679	4e-07
1504094739	4e-07
1504094800	4.01e-07
1504094860	4.01e-07
1504094921	4.01e-07
1504094982	4.02e-07
1504095042	4.02e-07
1504095102	4.03e-07
1504095163	4.03e-07
1504095224	4.04e-07
1504095284	4.04e-07
1504095344	4.05e-07
1504095405	4.05e-07
1504095465	4.05e-07
1504095526	4.06e-07
1504095587	4.06e-07
1504095647	4.06e-07
1504095708	4.07e-07
1504095768	4.07e-07
1504095829	4.08e-07
1504095889	4.08e-07
1504095950	4.08e-07
1504096010	4.09e-07
1504096071	4.09e-07
1504096131	4.1e-07
1504096192	4.11e-07
1504096252	4.11e-07
1504096313	4.11e-07
1504096373	4.12e-07
1504096434	4.12e-07
1504096494	4.13e-07
1504096555	4.14e-07
1504096615	4.14e-07
1504096676	4.15e-07
1504096736	4.15e-07
1504096797	4.16e-07
1504096857	4.16e-07
1504096918	7.27e-07
1504096979	8.52e-07
1504097039	9.31e-07
1504097100	9.96e-07
1504097160	1.05e-06
1504097221	1.1e-06
1504097281	1.15e-06
1504097342	1.19e-06
1504097402	1.22e-06
1504097463	1.26e-06
1504097523	1.29e-06
1504097584	1.32e-06
1504097644	1.35e-06
1504097705	1.38e-06
1504097765	1.41e-06
1504098687	8.85e-07
1504098748	7.6e-07
1504098808	6.96e-07
1504098869	6.55e-07
1504098929	6.25e-07
1504098990	6.03e-07
1504099050	5.86e-07
1504099111	5.72e-07
1504099171	5.6e-07
1504099232	5.51e-07
1504099292	5.42e-07
1504099353	5.35e-07
1504099413	5.29e-07
1504099474	5.23e-07
1504099534	5.19e-07
1504099595	5.14e-07
1504099655	5.1e-07
1504099716	5.07e-07
1504099776	5.03e-07
1504099837	5e-07
1504099897	4.98e-07
1504099958	4.96e-07
1504100018	4.94e-07
1504100079	4.92e-07
1504100139	4.9e-07
1504100200	4.89e-07
1504100260	4.87e-07
1504100321	4.86e-07
1504100381	4.85e-07
1504100442	4.84e-07
1504100502	4.83e-07
1504100563	4.82e-07
1504100623	4.81e-07
1504100684	4.8e-07
1504100744	4.79e-07
1504100805	4.78e-07
1504100865	4.78e-07
1504100926	4.77e-07
1504100986	4.77e-07
1504101047	4.77e-07
1504101107	4.76e-07
1504101168	4.76e-07
1504101228	4.75e-07
1504101289	4.75e-07
1504101349	4.75e-07
1504101410	4.75e-07
1504101470	4.75e-07
1504101531	4.75e-07
1504101591	4.74e-07
1504101652	4.74e-07
1504101712	4.74e-07
1504101773	4.74e-07
1504101833	4.74e-07
1504101894	4.74e-07
1504101954	4.74e-07
1504102015	4.74e-07
1504102075	4.74e-07
1504102136	4.74e-07
1504102196	4.74e-07
1504102257	4.74e-07
1504102317	4.74e-07
1504102378	4.74e-07
1504102438	4.74e-07
1504102499	4.74e-07
1504102559	4.74e-07
1504102620	4.74e-07
1504102680	4.75e-07
1504102741	4.74e-07
1504102801	4.75e-07
1504102862	4.75e-07
1504102922	4.75e-07
1504102983	4.75e-07
1504103043	4.75e-07
1504103104	4.75e-07
1504103164	4.75e-07
1504103225	4.75e-07
1504103285	4.75e-07
1504103346	4.75e-07
1504103406	4.75e-07
1504103467	4.75e-07
1504103527	4.75e-07
1504103588	4.75e-07
1504103648	4.75e-07
1504103709	4.75e-07
1504103769	4.75e-07
1504103830	4.75e-07
1504103890	4.76e-07
1504103951	4.76e-07
1504104011	4.76e-07
1504104072	4.76e-07
1504104132	4.76e-07
1504104193	4.76e-07
1504104253	4.77e-07
1504104314	4.77e-07
1504104374	4.77e-07
1504104435	4.77e-07
1504104495	4.77e-07
1504104556	4.77e-07
1504104616	4.77e-07
1504104677	4.78e-07
1504104737	4.78e-07
1504104798	4.78e-07
1504104858	4.79e-07
1504104919	4.79e-07
1504104979	4.79e-07
1504105040	4.79e-07
1504105100	4.79e-07
1504105161	4.79e-07
1504105221	4.79e-07
1504105282	4.79e-07
1504105342	4.8e-07
1504105403	4.8e-07
1504105463	4.8e-07
1504105524	4.8e-07
1504105584	4.8e-07
1504105645	4.8e-07
1504105705	4.81e-07
1504105766	4.81e-07
1504105826	4.81e-07
1504105887	4.81e-07
1504105947	4.81e-07
1504106008	4.81e-07
1504106068	4.81e-07
1504106129	4.81e-07
1504106189	4.81e-07
1504106250	4.82e-07
1504106310	4.82e-07
1504106371	4.82e-07
1504106431	4.82e-07
1504106492	4.82e-07
1504106552	4.82e-07
1504106613	4.82e-07
1504106673	4.82e-07
1504106734	4.82e-07
1504106794	4.83e-07
1504106855	4.83e-07
1504106915	4.83e-07
1504106976	4.83e-07
1504107036	4.83e-07
1504107097	4.83e-07
1504107157	4.83e-07
1504107218	4.84e-07
1504107278	4.84e-07
1504107339	4.84e-07
1504107399	4.84e-07
1504107460	4.84e-07
1504107520	4.84e-07
1504107581	4.84e-07
1504107641	4.84e-07
1504107702	4.85e-07
1504107762	4.85e-07
1504107823	4.85e-07
1504107883	4.85e-07
1504107944	4.86e-07
1504108004	4.86e-07
1504108065	4.86e-07
1504108125	4.86e-07
1504108186	4.86e-07
1504108246	4.86e-07
1504108307	4.87e-07
1504108368	4.87e-07
1504108428	4.88e-07
1504108488	4.87e-07
1504108549	4.86e-07
1504108609	4.81e-07
1504108670	4.76e-07
1504108731	4.73e-07
1504108791	4.71e-07
1504108852	4.71e-07
1504108912	4.71e-07
1504108973	4.7e-07
1504109033	4.71e-07
1504109094	4.71e-07
1504109154	4.71e-07
1504109215	4.71e-07
1504109275	4.71e-07
1504109336	4.71e-07
1504109396	4.72e-07
1504109457	4.72e-07
1504109517	4.72e-07
1504109578	4.72e-07
1504109638	4.72e-07
1504109699	4.73e-07
1504109759	4.73e-07
1504109820	4.74e-07
1504109880	4.74e-07
1504109941	4.74e-07
1504110001	4.74e-07
1504110062	4.75e-07
1504110122	4.75e-07
1504110183	4.75e-07
1504110243	4.75e-07
1504110304	4.76e-07
1504110364	4.76e-07
1504110425	4.76e-07
1504110485	4.76e-07
1504110546	4.76e-07
1504110606	4.76e-07
1504110667	4.77e-07
1504110727	4.77e-07
1504110788	4.77e-07
1504110848	4.78e-07
1504110909	4.78e-07
1504110969	4.78e-07
1504111030	4.79e-07
1504111090	4.79e-07
1504111151	4.79e-07
1504111211	4.79e-07
1504111272	4.8e-07
1504111332	4.8e-07
1504111393	4.8e-07
1504111453	4.8e-07
1504111514	4.8e-07
1504111574	4.8e-07
1504111635	4.81e-07
1504111695	4.81e-07
1504111756	4.81e-07
1504111816	4.82e-07
1504111877	4.82e-07
1504111937	4.82e-07
1504111998	4.82e-07
1504112058	4.82e-07
1504112119	4.83e-07
1504112179	4.83e-07
1504112240	4.83e-07
1504112300	4.83e-07
1504112361	4.84e-07
1504112421	4.84e-07
1504112482	4.84e-07
1504112542	4.84e-07
1504112603	4.84e-07
1504112663	4.84e-07
1504112724	4.85e-07
1504112784	4.85e-07
1504112845	4.86e-07
1504112905	4.86e-07
1504112966	4.86e-07
1504113026	4.86e-07
1504113087	4.86e-07
1504113147	4.86e-07
1504113208	4.87e-07
1504113268	4.87e-07
1504113329	4.87e-07
1504113389	4.88e-07
1504113450	4.88e-07
1504113510	4.88e-07
1504113571	4.89e-07
1504113631	4.89e-07
1504113692	4.89e-07
1504113752	4.9e-07
1504113813	4.9e-07
1504113873	4.9e-07
1504113934	4.9e-07
1504113994	4.9e-07
1504114055	4.91e-07
1504114115	4.91e-07
1504114176	4.91e-07
1504114236	4.88e-07
1504114297	4.83e-07
1504114357	4.78e-07
1504114418	4.75e-07
1504114478	4.73e-07
1504114539	4.73e-07
1504114599	4.72e-07
1504114660	4.72e-07
1504114721	4.72e-07
1504114781	4.73e-07
1504114842	4.73e-07
1504114902	4.73e-07
1504114963	4.73e-07
1504115023	4.74e-07
1504115084	4.74e-07
1504115144	4.74e-07
1504115205	4.75e-07
1504115265	4.75e-07
1504115326	4.75e-07
1504115386	4.75e-07
1504115447	4.75e-07
1504115507	4.76e-07
1504115568	4.76e-07
1504115628	4.76e-07
1504115689	4.77e-07
1504115749	4.77e-07
1504115809	4.77e-07
1504115870	4.78e-07
1504115931	4.78e-07
1504115991	4.78e-07
1504116052	4.78e-07
1504116112	4.79e-07
1504116173	4.79e-07
1504116233	4.79e-07
1504116294	4.8e-07
1504116354	4.8e-07
1504116415	4.8e-07
1504116475	4.8e-07
1504116536	4.81e-07
1504116596	4.81e-07
1504116657	4.81e-07
1504116717	4.81e-07
1504116778	4.82e-07
1504116838	4.82e-07
1504116899	4.82e-07
1504116959	4.82e-07
1504117020	4.82e-07
1504117080	4.83e-07
1504117141	4.83e-07
1504117201	4.83e-07
1504117262	4.83e-07
1504117322	4.84e-07
1504117383	4.84e-07
1504117443	4.84e-07
1504117504	4.84e-07
1504117564	4.85e-07
1504117625	4.85e-07
1504117685	4.85e-07
1504117746	4.85e-07
1504117806	4.86e-07
1504117867	4.86e-07
1504117927	4.86e-07
1504117988	4.86e-07
1504118048	4.87e-07
1504118109	4.87e-07
1504118169	4.87e-07
1504118230	4.88e-07
1504118290	4.88e-07
1504118351	4.88e-07
1504118411	4.88e-07
1504118472	4.88e-07
1504118532	4.89e-07
1504118593	4.89e-07
1504118653	4.89e-07
1504118714	4.9e-07
1504118774	4.9e-07
1504118835	4.9e-07
1504118896	4.9e-07
1504118956	4.9e-07
1504119016	4.91e-07
1504119077	4.91e-07
1504119137	4.91e-07
1504119198	4.91e-07
1504119258	4.91e-07
1504119319	4.87e-07
1504119379	4.82e-07
1504119440	4.77e-07
1504119500	4.74e-07
1504119561	4.73e-07
1504119621	4.72e-07
1504119682	4.72e-07
1504119742	4.72e-07
1504119803	4.72e-07
1504119864	4.72e-07
1504119924	4.73e-07
1504119985	4.73e-07
1504120045	4.73e-07
1504120106	4.74e-07
1504120166	4.74e-07
1504120227	4.74e-07
1504120287	4.74e-07
1504120347	4.75e-07
1504120408	4.75e-07
1504120468	4.75e-07
1504120529	4.75e-07
1504120589	4.75e-07
1504120650	4.76e-07
1504120710	4.76e-07
1504120771	4.76e-07
1504120831	4.77e-07
1504120892	4.77e-07
1504120952	4.77e-07
1504121013	4.77e-07
1504121073	4.78e-07
1504121134	4.78e-07
1504121194	4.78e-07
1504121255	4.78e-07
1504121315	4.79e-07
1504121376	4.79e-07
1504121436	4.79e-07
1504121497	4.79e-07
1504121557	4.79e-07
1504121618	4.8e-07
1504121678	4.8e-07
1504121739	4.8e-07
1504121799	4.8e-07
1504121860	4.81e-07
1504121920	4.81e-07
1504121981	4.81e-07
1504122041	4.82e-07
1504122102	4.82e-07
1504122162	4.82e-07
1504122223	4.82e-07
1504122283	4.83e-07
1504122344	4.83e-07
1504122404	4.83e-07
1504122465	4.83e-07
1504122525	4.84e-07
1504122586	4.84e-07
1504122646	4.84e-07
1504122707	4.84e-07
1504122767	4.85e-07
1504122828	4.85e-07
1504122888	4.85e-07
1504122949	4.85e-07
1504123009	4.85e-07
1504123070	4.85e-07
1504123130	4.86e-07
1504123191	4.86e-07
1504123251	4.86e-07
1504123312	4.86e-07
1504123372	4.87e-07
1504123433	4.87e-07
1504123494	4.87e-07
1504123554	4.87e-07
1504123615	4.88e-07
1504123675	4.88e-07
1504123736	4.88e-07
1504123796	4.88e-07
1504123857	4.88e-07
1504123917	4.88e-07
1504123978	4.89e-07
1504124038	4.89e-07
1504124099	4.89e-07
1504124159	4.89e-07
1504124220	4.9e-07
1504124280	4.9e-07
1504124341	4.9e-07
1504124401	4.9e-07
1504124462	4.91e-07
1504124523	4.91e-07
1504124583	4.89e-07
1504124643	4.84e-07
1504124704	4.79e-07
1504124764	4.74e-07
1504124825	4.73e-07
1504124885	4.72e-07
1504124946	4.72e-07
1504125006	4.72e-07
1504125067	4.72e-07
1504125127	4.72e-07
1504125188	4.72e-07
1504125248	4.73e-07
1504125309	4.73e-07
1504125369	4.73e-07
1504125430	4.73e-07
1504125490	4.74e-07
1504125551	4.74e-07
1504125611	4.74e-07
1504125672	4.74e-07
1504125732	4.75e-07
1504125793	4.75e-07
1504125853	4.75e-07
1504125914	4.76e-07
1504125974	4.76e-07
1504126035	4.76e-07
1504126096	4.77e-07
1504126156	4.77e-07
1504126216	4.77e-07
1504126277	4.77e-07
1504126337	4.77e-07
1504126398	4.78e-07
1504126458	4.78e-07
1504126519	4.78e-07
1504126579	4.78e-07
1504126640	4.79e-07
1504126701	4.79e-07
1504126761	4.79e-07
1504126822	4.79e-07
1504126882	4.79e-07
1504126942	4.8e-07
1504127003	4.8e-07
1504127064	4.8e-07
1504127124	4.8e-07
1504127185	4.8e-07
1504127245	4.8e-07
1504127306	4.81e-07
1504127366	4.81e-07
1504127427	4.81e-07
1504127487	4.81e-07
1504127548	4.81e-07
1504127608	4.82e-07
1504127669	4.82e-07
1504127729	4.82e-07
1504127790	4.82e-07
1504127850	4.83e-07
1504127911	4.83e-07
1504127971	4.83e-07
1504128032	4.83e-07
1504128092	4.84e-07
1504128153	4.84e-07
1504128213	4.84e-07
1504128274	4.84e-07
1504128334	4.84e-07
1504128395	4.85e-07
1504128455	4.85e-07
1504128516	4.85e-07
1504128576	4.85e-07
1504128637	4.85e-07
1504128697	4.85e-07
1504128758	4.85e-07
1504128818	4.86e-07
1504128879	4.86e-07
1504128939	4.86e-07
1504129000	4.86e-07
1504129060	4.87e-07
1504129121	4.87e-07
1504129181	4.87e-07
1504129242	4.88e-07
1504129302	4.88e-07
1504129363	4.88e-07
1504129423	4.88e-07
1504129484	4.88e-07
1504129544	4.89e-07
1504129605	4.89e-07
1504129665	4.89e-07
1504129726	4.89e-07
1504129786	4.89e-07
1504129847	4.89e-07
1504129907	4.89e-07
1504129968	4.9e-07
1504130028	4.9e-07
1504130089	4.89e-07
1504130149	4.84e-07
1504130210	4.79e-07
1504130270	4.74e-07
1504130331	4.72e-07
1504130391	4.71e-07
1504130452	4.7e-07
1504130512	4.7e-07
1504130573	4.7e-07
1504130633	4.71e-07
1504130693	4.71e-07
1504130754	4.71e-07
1504130814	4.71e-07
1504130875	4.72e-07
1504130935	4.72e-07
1504130996	4.72e-07
1504131056	4.73e-07
1504131117	4.73e-07
1504131177	4.73e-07
1504131238	4.73e-07
1504131298	4.73e-07
1504131359	4.74e-07
1504131419	4.74e-07
1504131480	4.74e-07
1504131540	4.75e-07
1504131601	4.75e-07
1504131661	4.75e-07
1504131722	4.75e-07
1504131782	4.76e-07
1504131843	4.76e-07
1504131903	4.76e-07
1504131964	4.76e-07
1504132024	4.76e-07
1504132085	4.77e-07
1504132145	4.77e-07
1504132206	4.77e-07
1504132266	4.77e-07
1504132327	4.78e-07
1504132387	4.78e-07
1504132448	4.78e-07
1504132508	4.78e-07
1504132569	4.78e-07
1504132629	4.79e-07
1504132690	4.79e-07
1504132750	4.79e-07
1504132811	4.79e-07
1504132872	4.79e-07
1504132932	4.79e-07
1504132993	4.8e-07
1504133053	4.8e-07
1504133114	4.8e-07
1504133174	4.81e-07
1504133235	4.81e-07
1504133295	4.81e-07
1504133356	4.81e-07
1504133416	4.82e-07
1504133477	4.82e-07
1504133537	4.82e-07
1504133598	4.82e-07
1504133658	4.82e-07
1504133719	4.82e-07
1504133779	4.83e-07
1504133840	4.83e-07
1504133900	4.83e-07
1504133961	4.83e-07
1504134021	4.83e-07
1504134082	4.83e-07
1504134142	4.84e-07
1504134203	4.84e-07
1504134263	4.84e-07
1504134324	4.84e-07
1504134384	4.84e-07
1504134445	4.85e-07
1504134505	4.85e-07
1504134566	4.85e-07
1504134626	4.85e-07
1504134687	4.85e-07
1504134747	4.85e-07
1504134808	4.85e-07
1504134868	4.86e-07
1504134929	4.86e-07
1504134989	4.86e-07
1504135050	4.86e-07
1504135110	4.87e-07
1504135171	4.87e-07
1504135231	4.87e-07
1504135292	4.88e-07
1504135352	4.88e-07
1504135412	4.88e-07
1504135473	4.88e-07
1504135533	4.89e-07
1504135594	4.88e-07
1504135654	4.83e-07
1504135715	4.78e-07
1504135775	4.74e-07
1504135836	4.7e-07
1504135896	4.69e-07
1504135957	4.69e-07
1504136017	4.69e-07
1504136078	4.69e-07
1504136138	4.69e-07
1504136199	4.69e-07
1504136260	4.7e-07
1504136320	4.7e-07
1504136381	4.7e-07
1504136441	4.7e-07
1504136502	4.71e-07
1504136562	4.71e-07
1504136623	4.71e-07
1504136683	4.72e-07
1504136744	4.72e-07
1504136804	4.72e-07
1504136865	4.73e-07
1504136925	4.73e-07
1504136986	4.73e-07
1504137046	4.73e-07
1504137107	4.74e-07
1504137167	4.74e-07
1504137228	4.74e-07
1504137288	4.75e-07
1504137349	4.75e-07
1504137409	4.75e-07
1504137470	4.75e-07
1504137530	4.75e-07
1504137591	4.76e-07
1504137651	4.76e-07
1504137712	4.76e-07
1504137772	4.77e-07
1504137833	4.77e-07
1504137893	4.77e-07
1504137954	4.77e-07
1504138014	4.77e-07
1504138075	4.77e-07
1504138135	4.78e-07
1504138196	4.78e-07
1504138256	4.78e-07
1504138317	4.78e-07
1504138377	4.79e-07
1504138438	4.79e-07
1504138498	4.79e-07
1504138559	4.8e-07
1504138619	4.8e-07
1504138680	4.8e-07
1504138740	4.8e-07
1504138801	4.8e-07
1504138861	4.81e-07
1504138922	4.81e-07
1504138982	4.81e-07
1504139043	4.81e-07
1504139103	4.81e-07
1504139164	4.81e-07
1504139224	4.82e-07
1504139285	4.82e-07
1504139345	4.82e-07
1504139406	4.82e-07
1504139466	4.82e-07
1504139527	4.83e-07
1504139587	4.83e-07
1504139648	4.83e-07
1504139708	4.83e-07
1504139769	4.83e-07
1504139829	4.84e-07
1504139890	4.84e-07
1504139950	4.84e-07
1504140011	4.84e-07
1504140071	4.85e-07
1504140132	4.85e-07
1504140192	4.85e-07
1504140253	4.85e-07
1504140313	4.85e-07
1504140374	4.85e-07
1504140434	4.86e-07
1504140495	4.86e-07
1504140555	4.86e-07
1504140616	4.86e-07
1504140676	4.86e-07
1504140737	4.86e-07
1504140797	4.86e-07
1504140858	4.83e-07
1504140918	4.79e-07
1504140979	4.74e-07
1504141039	4.69e-07
1504141100	4.67e-07
1504141160	4.66e-07
1504141221	4.66e-07
1504141281	4.66e-07
1504141342	4.66e-07
1504141402	4.66e-07
1504141463	4.66e-07
1504141524	4.66e-07
1504141584	4.66e-07
1504141645	4.67e-07
1504141705	4.67e-07
1504141766	4.67e-07
1504141826	4.67e-07
1504141887	4.67e-07
1504141947	4.67e-07
1504142008	4.67e-07
1504142068	4.67e-07
1504142129	4.68e-07
1504142189	4.68e-07
1504142250	4.68e-07
1504142310	4.68e-07
1504142371	4.68e-07
1504142431	4.68e-07
1504142492	4.68e-07
1504142552	4.68e-07
1504142613	4.69e-07
1504142673	4.69e-07
1504142734	4.69e-07
1504142794	4.69e-07
1504142855	4.69e-07
1504142915	4.69e-07
1504142976	4.69e-07
1504143036	4.7e-07
1504143097	4.7e-07
1504143157	4.7e-07
1504143218	4.7e-07
1504143278	4.7e-07
1504143339	4.7e-07
1504143399	4.71e-07
1504143459	4.71e-07
1504143520	4.71e-07
1504143580	4.71e-07
1504143641	4.71e-07
1504143701	4.71e-07
1504143762	4.71e-07
1504143822	4.72e-07
1504143883	4.72e-07
1504143943	4.72e-07
1504144004	4.72e-07
1504144065	4.72e-07
1504144125	4.72e-07
1504144186	4.72e-07
1504144246	4.72e-07
1504144307	4.73e-07
1504144367	4.73e-07
1504144428	4.73e-07
1504144488	4.73e-07
1504144549	4.73e-07
1504144609	4.73e-07
1504144670	4.73e-07
1504144730	4.73e-07
1504144791	4.73e-07
1504144851	4.73e-07
1504144912	4.73e-07
1504144972	4.73e-07
1504145033	4.73e-07
1504145093	4.73e-07
1504145154	4.73e-07
1504145214	4.73e-07
1504145275	4.73e-07
1504145335	4.73e-07
1504145396	4.73e-07
1504145456	4.74e-07
1504145517	4.74e-07
1504145577	4.74e-07
1504145638	4.74e-07
1504145698	4.74e-07
1504145759	4.74e-07
1504145819	4.74e-07
1504145880	4.74e-07
1504145940	4.74e-07
1504146001	4.74e-07
1504146062	4.74e-07
1504146122	4.74e-07
1504146182	4.74e-07
1504146243	4.74e-07
1504146303	4.74e-07
1504146364	4.74e-07
1504146424	4.74e-07
1504146485	4.74e-07
1504146545	4.74e-07
1504146606	4.74e-07
1504146666	4.74e-07
1504146727	4.74e-07
1504146787	4.74e-07
1504146848	4.74e-07
1504146908	4.74e-07
1504146969	4.74e-07
1504147029	4.74e-07
1504147090	4.74e-07
1504147150	4.74e-07
1504147211	4.74e-07
1504147272	4.74e-07
1504147332	4.74e-07
1504147393	4.74e-07
1504147453	4.74e-07
1504147514	4.74e-07
1504147574	4.75e-07
1504147635	4.75e-07
1504147695	4.75e-07
1504147756	4.75e-07
1504147816	4.75e-07
1504147877	4.75e-07
1504147937	4.75e-07
1504147998	4.75e-07
1504148058	4.75e-07
1504148119	4.75e-07
1504148179	4.75e-07
1504148240	4.75e-07
1504148300	4.75e-07
1504148361	4.76e-07
1504148421	4.75e-07
1504148482	4.76e-07
1504148542	4.76e-07
1504148603	4.76e-07
1504148663	4.76e-07
1504148724	4.76e-07
1504148784	4.76e-07
1504148845	4.76e-07
1504148905	4.76e-07
1504148966	4.76e-07
1504149026	4.76e-07
1504149087	4.76e-07
1504149147	4.76e-07
1504149208	4.76e-07
1504149268	4.76e-07
1504149329	4.77e-07
1504149389	4.76e-07
1504149450	4.77e-07
1504149510	4.77e-07
1504149571	4.77e-07
1504149631	4.77e-07
1504149692	4.77e-07
1504149752	4.77e-07
1504149813	4.77e-07
1504149873	4.77e-07
1504149934	4.77e-07
1504149994	4.77e-07
1504150055	4.77e-07
1504150115	4.77e-07
1504150176	4.77e-07
1504150236	4.77e-07
1504150297	4.77e-07
1504150357	4.77e-07
1504150418	4.77e-07
1504150478	4.78e-07
1504150539	4.78e-07
1504150599	4.78e-07
1504150660	4.78e-07
1504150720	4.78e-07
1504150781	4.78e-07
1504150841	4.78e-07
1504150902	4.78e-07
1504150962	4.78e-07
1504151023	4.78e-07
1504151083	4.78e-07
1504151144	4.78e-07
1504151204	4.78e-07
1504151265	4.78e-07
1504151325	4.78e-07
1504151386	4.78e-07
1504151446	4.78e-07
1504151507	4.78e-07
1504151567	4.78e-07
1504151628	4.78e-07
1504151688	4.79e-07
1504151749	4.79e-07
1504151809	4.79e-07
1504151870	4.79e-07
1504151930	4.79e-07
1504151991	4.79e-07
1504152051	4.79e-07
1504152112	4.79e-07
1504152172	4.79e-07
1504152233	4.79e-07
1504152293	4.79e-07
1504152354	4.79e-07
1504152414	4.79e-07
1504152475	4.79e-07
1504152535	4.79e-07
1504152596	4.79e-07
1504152656	4.79e-07
1504152717	4.79e-07
1504152777	4.79e-07
1504152838	4.8e-07
1504152898	4.8e-07
1504152959	4.8e-07
1504153019	4.8e-07
1504153080	4.8e-07
1504153140	4.8e-07
1504153201	4.8e-07
1504153261	4.8e-07
1504153322	4.8e-07
1504153382	4.8e-07
1504153443	4.8e-07
1504153503	4.8e-07
1504153564	4.8e-07
1504153624	4.8e-07
1504153685	4.8e-07
1504153745	4.8e-07
1504153806	4.8e-07
1504153866	4.8e-07
1504153927	4.8e-07
1504153987	4.8e-07
1504154048	4.8e-07
1504154108	4.8e-07
1504154169	4.8e-07
1504154229	4.8e-07
1504154290	4.8e-07
1504154350	4.8e-07
1504154411	4.8e-07
1504154471	4.8e-07
1504154532	4.8e-07
1504154592	4.8e-07
1504154653	4.8e-07
1504154713	4.8e-07
1504154774	4.8e-07
1504154834	4.8e-07
1504154895	4.81e-07
1504154955	4.81e-07
1504155016	4.81e-07
1504155076	4.81e-07
1504155137	4.81e-07
1504155197	4.81e-07
1504155258	4.81e-07
1504155318	4.81e-07
1504155379	4.81e-07
1504155439	4.81e-07
1504155500	4.81e-07
1504155560	4.81e-07
1504155621	4.81e-07
1504155681	4.81e-07
1504155742	4.81e-07
1504155802	4.81e-07
1504155863	4.81e-07
1504155923	4.81e-07
1504155984	4.81e-07
1504156044	4.81e-07
1504156105	4.81e-07
1504156165	4.81e-07
1504156226	4.81e-07
1504156286	4.81e-07
1504156347	4.81e-07
1504156407	4.81e-07
1504156468	4.81e-07
1504156528	4.81e-07
1504156589	4.81e-07
1504156649	4.81e-07
1504156710	4.81e-07
1504156770	4.81e-07
1504156831	4.81e-07
1504156891	4.81e-07
1504156952	4.81e-07
1504157012	4.81e-07
1504157073	4.81e-07
1504157133	4.81e-07
1504157194	4.81e-07
1504157254	4.81e-07
1504157315	4.82e-07
1504157375	4.81e-07
1504157436	4.81e-07
1504157496	4.81e-07
1504157557	4.81e-07
1504157617	4.82e-07
1504157678	4.82e-07
1504157738	4.82e-07
1504157799	4.82e-07
1504157859	4.82e-07
1504157920	4.82e-07
1504157980	4.82e-07
1504158041	4.81e-07
1504158101	4.82e-07
1504158162	4.82e-07
1504158222	4.81e-07
1504158283	4.82e-07
1504158343	4.82e-07
1504158404	4.82e-07
1504158464	4.82e-07
1504158525	4.82e-07
1504158585	4.82e-07
1504158646	4.82e-07
1504158706	4.82e-07
1504158767	4.81e-07
1504158827	4.81e-07
1504158888	4.82e-07
1504158948	4.81e-07
1504159009	4.81e-07
1504159069	4.82e-07
1504159130	4.81e-07
1504159191	4.81e-07
1504159251	4.81e-07
1504159312	4.81e-07
1504159372	4.81e-07
1504159433	4.82e-07
1504159493	4.81e-07
1504159554	4.81e-07
1504159614	4.81e-07
1504159675	4.81e-07
1504159735	4.81e-07
1504159796	4.81e-07
1504159856	4.81e-07
1504159917	4.81e-07
1504159977	4.81e-07
1504160038	4.81e-07
1504160098	4.81e-07
1504160159	4.81e-07
1504160219	4.81e-07
1504160280	4.81e-07
1504160340	4.81e-07
1504160401	4.81e-07
1504160461	4.81e-07
1504160522	4.81e-07
1504160582	4.81e-07
1504160643	4.81e-07
1504160703	4.81e-07
1504160764	4.81e-07
1504160824	4.81e-07
1504160885	4.81e-07
1504160945	4.81e-07
1504161006	4.81e-07
1504161066	4.81e-07
1504161127	4.81e-07
1504161187	4.81e-07
1504161248	4.81e-07
1504161308	4.81e-07
1504161369	4.81e-07
1504161429	4.81e-07
1504161490	4.81e-07
1504161550	4.81e-07
1504161611	4.81e-07
1504161671	4.81e-07
1504161732	4.81e-07
1504161792	4.81e-07
1504161853	4.81e-07
1504161913	4.81e-07
1504161974	4.8e-07
1504162035	4.8e-07
1504162095	4.8e-07
1504162156	4.8e-07
1504162216	4.8e-07
1504162277	4.8e-07
1504162337	4.8e-07
1504162397	4.8e-07
1504162458	4.8e-07
1504162518	4.8e-07
1504162579	4.8e-07
1504162639	4.8e-07
1504162700	4.8e-07
1504162760	4.8e-07
1504162821	4.8e-07
1504162881	4.8e-07
1504162942	4.8e-07
1504163002	4.8e-07
1504163063	4.8e-07
1504163123	4.8e-07
1504163184	4.8e-07
1504163244	4.8e-07
1504163305	4.8e-07
1504163365	4.8e-07
1504163426	4.8e-07
1504163486	4.8e-07
1504163547	4.8e-07
1504163607	4.8e-07
1504163668	4.8e-07
1504163728	4.8e-07
1504163789	4.8e-07
1504163849	4.8e-07
1504163910	4.8e-07
1504163970	4.8e-07
1504164031	4.8e-07
1504164091	4.8e-07
1504164152	4.8e-07
1504164212	4.8e-07
1504164273	4.8e-07
1504164333	4.8e-07
1504164394	4.8e-07
1504164454	4.8e-07
1504164515	4.8e-07
1504164575	4.8e-07
1504164636	4.8e-07
1504164696	4.81e-07
1504164757	4.81e-07
1504164817	4.81e-07
1504164878	4.81e-07
1504164938	4.81e-07
1504164999	4.81e-07
1504165059	4.81e-07
1504165120	4.8e-07
1504165180	4.81e-07
1504165241	4.81e-07
1504165301	4.81e-07
1504165362	4.81e-07
1504165422	4.81e-07
1504165483	4.81e-07
1504165543	4.81e-07
1504165604	4.81e-07
1504165664	4.8e-07
1504165725	4.8e-07
1504165785	4.8e-07
1504165846	4.8e-07
1504165906	4.8e-07
1504165966	4.8e-07
1504166027	4.8e-07
1504166087	4.8e-07
1504166148	4.8e-07
1504166209	4.8e-07
1504166269	4.8e-07
1504166330	4.8e-07
1504166390	4.8e-07
1504166451	4.8e-07
1504166511	4.8e-07
1504166572	4.8e-07
1504166632	4.8e-07
1504166693	4.8e-07
1504166753	4.8e-07
1504166814	4.8e-07
1504166874	4.8e-07
1504166934	4.8e-07
1504166995	4.8e-07
1504167056	4.8e-07
1504167116	4.81e-07
1504167177	4.8e-07
1504167237	4.8e-07
1504167298	4.8e-07
1504167358	4.8e-07
1504167419	4.8e-07
1504167479	4.8e-07
1504167540	4.8e-07
1504167600	4.8e-07
1504167660	4.8e-07
1504167721	4.81e-07
1504167781	4.8e-07
1504167842	4.81e-07
1504167902	4.8e-07
1504167963	4.8e-07
1504168023	4.81e-07
1504168084	4.8e-07
1504168144	4.8e-07
1504168205	4.8e-07
1504168265	4.8e-07
1504168326	4.8e-07
1504168386	4.8e-07
1504168447	4.8e-07
1504168507	4.8e-07
1504168568	4.8e-07
1504168628	4.8e-07
1504168689	4.8e-07
1504168749	4.8e-07
1504168810	4.8e-07
1504168870	4.8e-07
1504168931	4.8e-07
1504168991	4.8e-07
1504169052	4.8e-07
1504169112	4.8e-07
1504169173	4.8e-07
1504169233	4.8e-07
1504169294	4.8e-07
1504169354	4.8e-07
1504169415	4.8e-07
1504169475	4.8e-07
1504169536	4.8e-07
1504169596	4.8e-07
1504169657	4.8e-07
1504169718	4.8e-07
1504169778	4.8e-07
1504169839	4.8e-07
1504169899	4.8e-07
1504169960	4.8e-07
1504170020	4.8e-07
1504170081	4.8e-07
1504170141	4.8e-07
1504170202	4.8e-07
1504170262	4.8e-07
1504170323	4.8e-07
1504170383	4.8e-07
1504170444	4.8e-07
1504170504	4.8e-07
1504170565	4.8e-07
1504170625	4.8e-07
1504170686	4.8e-07
1504170746	4.8e-07
1504170807	4.8e-07
1504170867	4.8e-07
1504170928	4.8e-07
1504170988	4.8e-07
1504171049	4.8e-07
1504171109	4.8e-07
1504171170	4.8e-07
1504171230	4.8e-07
1504171291	4.8e-07
1504171351	4.8e-07
1504171412	4.8e-07
1504171472	4.8e-07
1504171533	4.8e-07
1504171593	4.8e-07
1504171654	4.8e-07
1504171714	4.8e-07
1504171775	4.79e-07
1504171835	4.8e-07
1504171896	4.79e-07
1504171956	4.8e-07
1504172017	4.79e-07
1504172077	4.79e-07
1504172138	4.79e-07
1504172198	4.79e-07
1504172259	4.79e-07
1504172319	4.79e-07
1504172380	4.79e-07
1504172440	4.79e-07
1504172501	4.79e-07
1504172561	4.79e-07
1504172622	4.79e-07
1504172682	4.79e-07
1504172743	4.79e-07
1504172803	4.79e-07
1504172864	4.79e-07
1504172924	4.79e-07
1504172985	4.79e-07
1504173045	4.79e-07
1504173106	4.79e-07
1504173166	4.79e-07
1504173227	4.79e-07
1504173287	4.79e-07
1504173348	4.79e-07
1504173408	4.79e-07
1504173468	4.79e-07
1504173529	4.79e-07
1504173590	4.79e-07
1504173650	4.78e-07
1504173711	4.79e-07
1504173771	4.78e-07
1504173832	4.78e-07
1504173892	4.78e-07
1504173952	4.78e-07
1504174013	4.78e-07
1504174074	4.78e-07
1504174134	4.78e-07
1504174195	4.78e-07
1504174255	4.78e-07
1504174315	4.78e-07
1504174376	4.78e-07
1504174437	4.78e-07
1504174497	4.78e-07
1504174558	4.78e-07
1504174618	4.78e-07
1504174678	4.78e-07
1504174739	4.78e-07
1504174799	4.78e-07
1504174860	4.78e-07
1504174920	4.78e-07
1504174981	4.78e-07
1504175041	4.78e-07
1504175102	4.78e-07
1504175162	4.78e-07
1504175223	4.78e-07
1504175283	4.78e-07
1504175344	4.78e-07
1504175404	4.78e-07
1504175465	4.77e-07
1504175525	4.77e-07
1504175586	4.77e-07
1504175646	4.77e-07
1504175707	4.77e-07
1504175767	4.77e-07
1504175828	4.77e-07
1504175888	4.77e-07
1504175949	4.77e-07
1504176009	4.77e-07
1504176070	4.77e-07
1504176130	4.77e-07
1504176191	4.77e-07
1504176251	4.77e-07
1504176312	4.77e-07
1504176372	4.77e-07
1504176433	4.77e-07
1504176493	4.77e-07
1504176554	4.77e-07
1504176614	4.77e-07
1504176675	4.77e-07
1504176735	4.76e-07
1504176796	4.77e-07
1504176856	4.76e-07
1504176917	4.76e-07
1504176977	4.76e-07
1504177038	4.76e-07
1504177098	4.76e-07
1504177159	4.76e-07
1504177219	4.76e-07
1504177280	4.76e-07
1504177340	4.76e-07
1504177401	4.76e-07
1504177461	4.76e-07
1504177522	4.76e-07
1504177582	4.76e-07
1504177643	4.76e-07
1504177703	4.76e-07
1504177764	4.76e-07
1504177824	4.75e-07
1504177885	4.76e-07
1504177945	4.75e-07
1504178006	4.75e-07
1504178066	4.75e-07
1504178127	4.75e-07
1504178187	4.75e-07
1504178248	4.75e-07
1504178308	4.75e-07
1504178369	4.75e-07
1504178429	4.75e-07
1504178490	4.75e-07
1504178550	4.75e-07
1504178611	4.75e-07
1504178672	4.75e-07
1504178732	4.75e-07
1504178793	4.75e-07
1504178853	4.75e-07
1504178914	4.75e-07
1504178974	4.75e-07
1504179035	4.76e-07
1504179095	4.76e-07
1504179156	4.76e-07
1504179216	4.76e-07
1504179277	4.76e-07
1504179337	4.76e-07
1504179398	4.76e-07
1504179458	4.77e-07
1504179519	4.77e-07
1504179579	4.77e-07
1504179640	4.77e-07
1504179700	4.77e-07
1504179761	4.77e-07
1504179821	4.77e-07
1504179882	4.78e-07
1504179942	4.78e-07
1504180003	4.78e-07
1504180063	4.78e-07
1504180124	4.78e-07
1504180184	4.78e-07
1504180245	4.78e-07
1504180305	4.79e-07
1504180366	4.78e-07
1504180426	4.79e-07
1504180487	4.79e-07
1504180547	4.79e-07
1504180608	4.79e-07
1504180668	4.79e-07
1504180729	4.79e-07
1504180789	4.8e-07
1504180850	4.8e-07
1504180910	4.8e-07
1504180971	4.8e-07
1504181031	4.8e-07
1504181092	4.8e-07
1504181152	4.81e-07
1504181213	4.81e-07
1504181273	4.81e-07
1504181334	4.81e-07
1504181395	4.82e-07
1504181455	4.82e-07
1504181515	4.82e-07
1504181576	4.82e-07
1504181636	4.83e-07
1504181697	4.83e-07
1504181757	4.83e-07
1504181818	4.83e-07
1504181878	4.84e-07
1504181939	4.84e-07
1504181999	4.84e-07
1504182060	4.84e-07
1504182120	4.8e-07
1504182181	4.76e-07
1504182241	4.72e-07
1504182302	4.69e-07
1504182362	4.68e-07
1504182423	4.67e-07
1504182483	4.67e-07
1504182544	4.67e-07
1504182604	4.68e-07
1504182665	4.68e-07
1504182725	4.69e-07
1504182786	4.69e-07
1504182846	4.69e-07
1504182907	4.7e-07
1504182967	4.7e-07
1504183028	4.7e-07
1504183088	4.71e-07
1504183149	4.71e-07
1504183209	4.72e-07
1504183270	4.72e-07
1504183330	4.72e-07
1504183391	4.73e-07
1504183451	4.73e-07
1504183512	4.73e-07
1504183572	4.74e-07
1504183633	4.74e-07
1504183693	4.74e-07
1504183754	4.75e-07
1504183814	4.75e-07
1504183875	4.76e-07
1504183935	4.76e-07
1504183996	4.76e-07
1504184056	4.77e-07
1504184117	4.77e-07
1504184177	4.77e-07
1504184238	4.77e-07
