1504394675	2.48
1504394736	1.21
1504394796	0.63
1504394857	0.000738
1504394917	0.000331
1504394978	0.000242
1504395038	0.000199
1504395099	0.000167
1504395159	0.000145
1504395220	0.000128
1504395280	0.000114
1504395341	0.000103
1504395401	9.34e-05
1504395462	7.96e-05
1504395522	7.44e-05
1504395583	6.99e-05
1504395643	6.6e-05
1504395704	6.25e-05
1504395764	5.95e-05
1504395825	5.68e-05
1504395885	5.44e-05
1504395946	5.22e-05
1504396006	5.03e-05
1504396067	4.85e-05
1504396128	4.68e-05
1504396188	4.54e-05
1504396249	4.4e-05
1504396309	4.27e-05
1504396370	4.15e-05
1504396430	4.05e-05
1504396490	3.94e-05
1504396551	3.85e-05
1504396611	3.76e-05
1504396672	3.68e-05
1504396733	3.6e-05
1504396793	3.53e-05
1504396854	3.46e-05
1504396914	3.39e-05
1504396974	3.33e-05
1504397035	3.27e-05
1504397095	3.21e-05
1504397156	3.16e-05
1504397216	3.11e-05
1504397277	3.06e-05
1504397337	3.01e-05
1504397398	2.97e-05
1504397458	2.92e-05
1504397519	2.88e-05
1504397579	2.84e-05
1504397640	2.8e-05
1504397700	2.76e-05
1504397761	2.73e-05
1504397821	2.69e-05
1504397882	2.66e-05
1504397942	2.63e-05
1504398003	2.6e-05
1504398063	2.57e-05
1504398124	2.54e-05
1504398184	2.51e-05
1504398245	2.48e-05
1504398305	2.46e-05
1504398366	2.43e-05
1504398427	2.4e-05
1504398487	2.38e-05
1504398548	2.36e-05
1504398608	2.33e-05
1504398668	2.31e-05
1504398729	2.29e-05
1504398789	2.27e-05
1504398850	2.25e-05
1504398911	2.23e-05
1504398971	2.21e-05
1504399031	2.19e-05
1504399092	2.17e-05
1504399153	2.15e-05
1504399213	2.13e-05
1504399274	2.11e-05
1504399334	2.1e-05
1504399395	2.08e-05
1504399455	2.06e-05
1504399516	2.05e-05
1504399576	2.03e-05
1504399637	2.02e-05
1504399697	2e-05
1504399758	1.99e-05
1504399818	1.97e-05
1504399879	1.96e-05
1504399939	1.95e-05
1504400000	1.93e-05
1504400060	1.92e-05
1504400120	1.91e-05
1504400181	1.89e-05
1504400241	1.88e-05
1504400302	1.87e-05
1504400363	1.86e-05
1504400423	1.84e-05
1504400484	1.83e-05
1504400544	1.82e-05
1504400605	1.81e-05
1504400665	1.8e-05
1504400726	1.79e-05
1504400786	1.78e-05
1504400846	1.77e-05
1504400907	1.76e-05
1504400967	1.75e-05
1504401028	1.74e-05
1504401088	1.73e-05
1504401149	1.72e-05
1504401209	1.71e-05
1504401270	1.7e-05
1504401331	1.69e-05
1504401391	1.68e-05
1504401452	1.67e-05
1504401512	1.66e-05
1504401572	1.65e-05
1504401633	1.64e-05
1504401693	1.63e-05
1504401754	1.63e-05
1504401814	1.62e-05
1504401875	1.61e-05
1504401935	1.6e-05
1504401996	1.59e-05
1504402056	1.59e-05
1504402117	1.58e-05
1504402177	1.57e-05
1504402238	1.56e-05
1504402298	1.56e-05
1504402359	1.55e-05
1504402419	1.54e-05
1504402480	1.53e-05
1504402541	1.53e-05
1504402601	1.52e-05
1504402661	1.51e-05
1504402722	1.51e-05
1504402783	1.5e-05
1504402843	1.49e-05
1504402904	1.49e-05
1504402964	1.48e-05
1504403025	1.47e-05
1504403085	1.47e-05
1504403146	1.46e-05
1504403206	1.45e-05
1504403266	1.45e-05
1504403327	1.44e-05
1504403388	1.44e-05
1504403448	1.43e-05
1504403509	1.42e-05
1504403569	1.42e-05
1504403630	1.41e-05
1504403690	1.41e-05
1504403751	1.4e-05
1504403811	1.4e-05
1504403872	1.39e-05
1504403932	1.38e-05
1504403993	1.38e-05
1504404053	1.37e-05
1504404114	1.37e-05
1504404174	1.36e-05
1504404235	1.36e-05
1504404295	1.35e-05
1504404355	1.35e-05
1504404416	1.34e-05
1504404476	1.34e-05
1504404537	1.33e-05
1504404597	1.33e-05
1504404658	1.32e-05
1504404718	1.32e-05
1504404779	1.31e-05
1504404839	1.31e-05
1504404900	1.31e-05
1504404961	1.3e-05
1504405021	1.3e-05
1504405082	1.29e-05
1504405142	1.29e-05
1504405202	1.28e-05
1504405263	1.28e-05
1504405323	1.28e-05
1504405384	1.27e-05
1504405444	1.27e-05
1504405505	1.26e-05
1504405565	1.26e-05
1504405626	1.25e-05
1504405687	1.25e-05
1504405747	1.25e-05
1504405808	1.24e-05
1504405868	1.24e-05
1504405929	1.23e-05
1504405989	1.23e-05
1504406050	1.23e-05
1504406110	1.22e-05
1504406171	1.22e-05
1504406231	1.21e-05
1504406292	1.21e-05
1504406352	1.21e-05
1504406413	1.2e-05
1504406473	1.2e-05
1504406533	1.2e-05
1504406594	1.19e-05
1504406654	1.19e-05
1504406715	1.19e-05
1504406775	1.18e-05
1504406836	1.18e-05
1504406896	1.17e-05
1504406957	1.17e-05
1504407018	1.17e-05
1504407078	1.16e-05
1504407139	1.16e-05
1504407199	1.16e-05
1504407259	1.15e-05
1504407320	1.15e-05
1504407380	1.15e-05
1504407441	1.14e-05
1504407501	1.14e-05
1504407562	1.14e-05
1504407622	1.14e-05
1504407683	1.13e-05
1504407743	1.13e-05
1504407804	1.13e-05
1504407864	1.12e-05
1504407925	1.12e-05
1504407986	1.12e-05
1504408046	1.11e-05
1504408107	1.11e-05
1504408167	1.11e-05
1504408228	1.11e-05
1504408288	1.1e-05
1504408349	1.1e-05
1504408409	1.1e-05
1504408470	1.09e-05
1504408530	1.09e-05
1504408591	1.09e-05
1504408651	1.08e-05
1504408712	1.08e-05
1504408772	1.08e-05
1504408833	1.08e-05
1504408893	1.07e-05
1504408954	1.07e-05
1504409014	1.07e-05
1504409075	1.07e-05
1504409135	1.06e-05
1504409196	1.06e-05
1504409256	1.06e-05
1504409317	1.06e-05
1504409377	1.05e-05
1504409438	1.05e-05
1504409498	1.05e-05
1504409559	1.05e-05
1504409619	1.04e-05
1504409680	1.04e-05
1504409741	1.04e-05
1504409801	1.04e-05
1504409861	1.03e-05
1504409922	1.03e-05
1504409983	1.03e-05
1504410043	1.03e-05
1504410104	1.02e-05
1504410164	1.02e-05
1504410225	1.02e-05
1504410285	1.02e-05
1504410346	1.01e-05
1504410406	1.01e-05
1504410467	1.01e-05
1504410527	1.01e-05
1504410588	1e-05
1504410648	1e-05
1504410709	1e-05
1504410769	9.97e-06
1504410830	9.95e-06
1504410890	9.93e-06
1504410951	9.9e-06
1504411011	9.88e-06
1504411072	9.86e-06
1504411132	9.84e-06
1504411193	9.82e-06
1504411253	9.79e-06
1504411314	9.78e-06
1504411374	9.76e-06
1504411435	9.73e-06
1504411495	9.71e-06
1504411556	9.69e-06
1504411616	9.67e-06
1504411677	9.65e-06
1504411737	9.63e-06
1504411798	9.61e-06
1504411858	9.59e-06
1504411919	9.57e-06
1504411979	9.55e-06
1504412040	9.53e-06
1504412100	9.51e-06
1504412161	9.49e-06
1504412221	9.48e-06
1504412282	9.46e-06
1504412342	9.43e-06
1504412403	9.41e-06
1504412463	9.4e-06
1504412524	9.38e-06
1504412585	9.36e-06
1504412645	9.34e-06
1504412706	9.32e-06
1504412766	9.3e-06
1504412827	9.28e-06
1504412887	9.26e-06
1504412948	9.25e-06
1504413008	9.22e-06
1504413069	9.21e-06
1504413129	9.19e-06
1504413190	9.17e-06
1504413250	9.15e-06
1504413311	9.13e-06
1504413371	9.11e-06
1504413432	9.1e-06
1504413492	9.08e-06
1504413553	9.06e-06
1504413614	9.04e-06
1504413674	9.02e-06
1504413735	9e-06
1504413795	8.98e-06
1504413855	8.97e-06
1504413916	8.95e-06
1504413976	8.93e-06
1504414037	8.91e-06
1504414098	8.9e-06
1504414158	8.88e-06
1504414219	8.86e-06
1504414279	8.85e-06
1504414340	8.83e-06
1504414400	8.82e-06
1504414460	8.8e-06
1504414521	8.78e-06
1504414581	8.77e-06
1504414642	8.75e-06
1504414703	8.74e-06
1504414763	8.72e-06
1504414824	8.71e-06
1504414884	8.69e-06
1504414945	8.68e-06
1504415005	8.66e-06
1504415066	8.65e-06
1504415126	8.63e-06
1504415187	8.62e-06
1504415247	8.6e-06
1504415308	8.59e-06
1504415368	8.57e-06
1504415429	8.56e-06
1504415489	8.54e-06
1504415550	8.53e-06
1504415610	8.51e-06
1504415671	8.5e-06
1504415731	8.49e-06
1504415792	8.47e-06
1504415852	8.46e-06
1504415913	8.44e-06
1504415973	8.43e-06
1504416034	8.41e-06
1504416094	8.4e-06
1504416155	8.39e-06
1504416215	8.37e-06
1504416276	8.36e-06
1504416336	8.35e-06
1504416396	8.33e-06
1504416457	8.32e-06
1504416518	8.3e-06
1504416578	8.29e-06
1504416638	8.28e-06
1504416699	8.26e-06
1504416759	8.25e-06
1504416820	8.23e-06
1504416880	8.22e-06
1504416941	8.21e-06
1504417001	8.19e-06
1504417062	8.18e-06
1504417122	8.17e-06
1504417183	8.15e-06
1504417243	8.14e-06
1504417304	8.13e-06
1504417364	8.12e-06
1504417425	8.11e-06
1504417485	8.09e-06
1504417546	8.08e-06
1504417606	8.07e-06
1504417667	8.06e-06
1504417727	8.04e-06
1504417788	8.03e-06
1504417848	8.02e-06
1504417909	8.01e-06
1504417969	8e-06
1504418030	7.98e-06
1504418090	7.97e-06
1504418151	7.96e-06
1504418211	7.95e-06
1504418272	7.94e-06
1504418332	7.93e-06
1504418393	7.91e-06
1504418453	7.9e-06
1504418514	7.89e-06
1504418574	7.88e-06
1504418635	7.87e-06
1504418695	7.86e-06
1504418756	7.84e-06
1504418816	7.83e-06
1504418877	7.82e-06
1504418937	7.81e-06
1504418998	7.8e-06
1504419058	7.79e-06
1504419119	7.77e-06
1504419179	7.77e-06
1504419240	7.75e-06
1504419300	7.74e-06
1504419361	7.73e-06
1504419421	7.72e-06
1504419482	7.71e-06
1504419542	7.7e-06
1504419603	7.69e-06
1504419664	7.68e-06
1504419724	7.67e-06
1504419785	7.65e-06
1504419845	7.64e-06
1504419906	7.63e-06
1504419966	7.62e-06
1504420027	7.61e-06
1504420087	7.6e-06
1504420148	7.59e-06
1504420208	7.58e-06
1504420269	7.57e-06
1504420329	7.56e-06
1504420390	7.55e-06
1504420450	7.53e-06
1504420511	7.52e-06
1504420571	7.51e-06
1504420632	7.5e-06
1504420692	7.49e-06
1504420753	7.48e-06
1504420813	7.47e-06
1504420874	7.46e-06
1504420934	7.45e-06
1504420995	7.44e-06
1504421055	7.43e-06
1504421116	7.42e-06
1504421176	7.41e-06
1504421237	7.4e-06
1504421297	7.39e-06
1504421358	7.38e-06
1504421418	7.38e-06
1504421479	7.36e-06
1504421539	7.35e-06
1504421600	7.35e-06
1504421660	7.34e-06
1504421721	7.33e-06
1504421781	7.32e-06
1504421842	7.31e-06
1504421902	7.3e-06
1504421963	7.29e-06
1504422023	7.28e-06
1504422084	7.27e-06
1504422144	7.26e-06
1504422205	7.25e-06
1504422265	7.24e-06
1504422326	7.23e-06
1504422386	7.23e-06
1504422447	7.22e-06
1504422507	7.21e-06
1504422568	7.2e-06
1504422628	7.19e-06
1504422689	7.18e-06
1504422749	7.17e-06
1504422810	7.16e-06
1504422870	7.15e-06
1504422931	7.14e-06
1504422991	7.13e-06
1504423052	7.13e-06
1504423112	7.12e-06
1504423173	7.11e-06
1504423233	7.1e-06
1504423293	7.09e-06
1504423354	7.08e-06
1504423414	7.07e-06
1504423475	7.07e-06
1504423535	7.06e-06
1504423596	7.05e-06
1504423657	7.04e-06
1504423717	7.03e-06
1504423777	7.02e-06
1504423838	7.02e-06
1504423899	7.01e-06
1504423959	7e-06
1504424020	6.99e-06
1504424080	6.98e-06
1504424141	6.97e-06
1504424201	6.97e-06
1504424261	6.96e-06
1504424322	6.95e-06
1504424382	6.94e-06
1504424443	6.93e-06
1504424503	6.93e-06
1504424564	6.92e-06
1504424624	6.91e-06
1504424685	6.9e-06
1504424745	6.9e-06
1504424806	6.89e-06
1504424866	6.88e-06
1504424927	6.88e-06
1504424987	6.87e-06
1504425048	6.86e-06
1504425108	6.85e-06
1504425169	6.84e-06
1504425230	6.84e-06
1504425290	6.83e-06
1504425350	6.82e-06
1504425411	6.81e-06
1504425471	6.81e-06
1504425532	6.8e-06
1504425592	6.79e-06
1504425653	6.78e-06
1504425713	6.77e-06
1504425774	6.77e-06
1504425834	6.76e-06
1504425895	6.75e-06
1504425955	6.74e-06
1504426016	6.74e-06
1504426076	6.73e-06
1504426137	6.72e-06
1504426197	6.72e-06
1504426258	6.71e-06
1504426318	6.7e-06
1504426379	6.69e-06
1504426439	6.69e-06
1504426500	6.68e-06
1504426560	6.67e-06
1504426621	6.66e-06
1504426681	6.66e-06
1504426742	6.65e-06
1504426802	6.64e-06
1504426863	6.63e-06
1504426923	6.63e-06
1504426984	6.62e-06
1504427044	6.61e-06
1504427105	6.6e-06
1504427165	6.6e-06
1504427226	6.59e-06
1504427286	6.58e-06
1504427347	6.58e-06
1504427407	6.57e-06
1504427468	6.56e-06
1504427528	6.55e-06
1504427589	6.55e-06
1504427649	6.54e-06
1504427710	6.53e-06
1504427770	6.52e-06
1504427831	6.52e-06
1504427891	6.51e-06
1504427952	6.5e-06
1504428012	6.5e-06
1504428073	6.49e-06
1504428133	6.48e-06
1504428194	6.48e-06
1504428254	6.47e-06
1504428315	6.46e-06
1504428375	6.45e-06
1504428436	6.45e-06
1504428496	6.44e-06
1504428557	6.43e-06
1504428618	6.43e-06
1504428678	6.42e-06
1504428738	6.41e-06
1504428799	6.41e-06
1504428859	6.4e-06
1504428920	6.39e-06
1504428980	6.39e-06
1504429041	6.38e-06
1504429101	6.37e-06
1504429162	6.36e-06
1504429222	6.36e-06
1504429283	6.35e-06
1504429343	6.35e-06
1504429404	6.34e-06
1504429464	6.33e-06
1504429525	6.33e-06
1504429585	6.32e-06
1504429646	6.31e-06
1504429706	6.31e-06
1504429767	6.3e-06
1504429827	6.29e-06
1504429888	6.29e-06
1504429948	6.28e-06
1504430009	6.27e-06
1504430069	6.27e-06
1504430130	6.26e-06
1504430190	6.26e-06
1504430251	6.25e-06
1504430311	6.24e-06
1504430372	6.24e-06
1504430432	6.23e-06
1504430493	6.22e-06
1504430553	6.22e-06
1504430614	6.22e-06
1504430674	6.21e-06
1504430735	6.2e-06
1504430795	6.2e-06
1504430856	6.19e-06
1504430916	6.18e-06
1504430977	6.18e-06
1504431038	6.17e-06
1504431098	6.17e-06
1504431159	6.16e-06
1504431219	6.15e-06
1504431280	6.15e-06
1504431340	6.14e-06
1504431400	6.14e-06
1504431461	6.13e-06
1504431522	6.12e-06
1504431582	6.12e-06
1504431643	6.11e-06
1504431703	6.11e-06
1504431764	6.1e-06
1504431824	6.09e-06
1504431885	6.09e-06
1504431945	6.09e-06
1504432006	6.08e-06
1504432066	6.07e-06
1504432127	6.07e-06
1504432187	6.06e-06
1504432248	6.06e-06
1504432308	6.05e-06
1504432369	6.04e-06
1504432429	6.04e-06
1504432490	6.03e-06
1504432550	6.03e-06
1504432611	6.02e-06
1504432671	6.02e-06
1504432732	6.01e-06
1504432792	6.01e-06
1504432853	6e-06
1504432913	6e-06
1504432974	5.99e-06
1504433034	5.98e-06
1504433095	5.98e-06
1504433156	5.97e-06
1504433216	5.97e-06
1504433277	5.96e-06
1504433337	5.96e-06
1504433398	5.95e-06
1504433458	5.95e-06
1504433518	5.94e-06
1504433579	5.94e-06
1504433639	5.93e-06
1504433700	5.93e-06
1504433760	5.92e-06
1504433821	5.92e-06
1504433881	5.92e-06
1504433942	5.91e-06
1504434002	5.9e-06
1504434063	5.9e-06
1504434123	5.9e-06
1504434184	5.89e-06
1504434244	5.89e-06
1504434305	5.88e-06
1504434365	5.88e-06
1504434426	5.87e-06
1504434486	5.87e-06
1504434547	5.86e-06
1504434607	5.85e-06
1504434668	5.85e-06
1504434728	5.85e-06
1504434789	5.84e-06
1504434849	5.84e-06
1504434910	5.83e-06
1504434970	5.83e-06
1504435031	5.82e-06
1504435091	5.82e-06
1504435152	5.81e-06
1504435212	5.81e-06
1504435273	5.81e-06
1504435333	5.8e-06
1504435394	5.8e-06
1504435455	5.79e-06
1504435515	5.79e-06
1504435576	5.78e-06
1504435636	5.78e-06
1504435697	5.77e-06
1504435757	5.77e-06
1504435818	5.76e-06
1504435878	5.76e-06
1504435939	5.75e-06
1504435999	5.75e-06
1504436060	5.75e-06
1504436120	5.74e-06
1504436181	5.73e-06
1504436241	5.73e-06
1504436302	5.72e-06
1504436362	5.72e-06
1504436423	5.71e-06
1504436483	5.71e-06
1504436544	5.71e-06
1504436604	5.7e-06
1504436665	5.7e-06
1504436725	5.69e-06
1504436786	5.69e-06
1504436846	5.68e-06
1504436906	5.68e-06
1504436967	5.68e-06
1504437027	5.67e-06
1504437088	5.67e-06
1504437148	5.66e-06
1504437209	5.66e-06
1504437269	5.65e-06
1504437330	5.65e-06
1504437390	5.65e-06
1504437451	5.64e-06
1504437511	5.64e-06
1504437572	5.63e-06
1504437632	5.63e-06
1504437693	5.63e-06
1504437753	5.62e-06
1504437814	5.62e-06
1504437874	5.61e-06
1504437935	5.61e-06
1504437995	5.6e-06
1504438056	5.6e-06
1504438116	5.6e-06
1504438177	5.59e-06
1504438237	5.59e-06
1504438298	5.58e-06
1504438358	5.58e-06
1504438419	5.58e-06
1504438479	5.57e-06
1504438540	5.57e-06
1504438600	5.56e-06
1504438661	5.56e-06
1504438721	5.56e-06
1504438782	5.55e-06
1504438842	5.55e-06
1504438902	5.54e-06
1504438963	5.54e-06
1504439023	5.53e-06
1504439084	5.53e-06
1504439145	5.53e-06
1504439205	5.52e-06
1504439266	5.52e-06
1504439326	5.51e-06
1504439387	5.51e-06
1504439447	5.51e-06
1504439508	5.5e-06
1504439568	5.5e-06
1504439629	5.5e-06
1504439689	5.49e-06
1504439750	5.49e-06
1504439810	5.48e-06
1504439871	5.48e-06
1504439931	5.48e-06
1504439992	5.47e-06
1504440052	5.47e-06
1504440113	5.47e-06
1504440173	5.46e-06
1504440234	5.46e-06
1504440294	5.45e-06
1504440355	5.45e-06
1504440415	5.45e-06
1504440476	5.44e-06
1504440536	5.44e-06
1504440597	5.44e-06
1504440657	5.43e-06
1504440718	5.43e-06
1504440778	5.42e-06
1504440839	5.42e-06
1504440899	5.42e-06
1504440960	5.41e-06
1504441020	5.41e-06
1504441081	5.41e-06
1504441141	5.4e-06
1504441202	5.4e-06
1504441262	5.39e-06
1504441323	5.39e-06
1504441383	5.39e-06
1504441444	5.39e-06
1504441504	5.38e-06
1504441565	5.38e-06
1504441625	5.37e-06
1504441686	5.37e-06
1504441746	5.37e-06
1504441807	5.36e-06
1504441867	5.36e-06
1504441928	5.36e-06
1504441988	5.35e-06
1504442049	5.35e-06
1504442109	5.35e-06
1504442170	5.34e-06
1504442230	5.34e-06
1504442291	5.33e-06
1504442351	5.33e-06
1504442412	5.33e-06
1504442472	5.32e-06
1504442533	5.32e-06
1504442593	5.3e-06
1504442654	5.26e-06
1504442714	5.25e-06
1504442775	5.24e-06
1504442835	5.24e-06
1504442896	5.23e-06
1504442956	5.23e-06
1504443017	5.23e-06
1504443077	5.22e-06
1504443138	5.22e-06
1504443198	5.22e-06
1504443259	5.22e-06
1504443319	5.22e-06
1504443380	5.21e-06
1504443440	5.21e-06
1504443501	5.21e-06
1504443561	5.2e-06
1504443622	5.2e-06
1504443683	5.2e-06
1504443743	5.19e-06
1504443804	5.19e-06
1504443864	5.19e-06
1504443925	5.18e-06
1504443985	5.18e-06
1504444046	5.18e-06
1504444106	5.17e-06
1504444167	5.17e-06
1504444227	5.17e-06
1504444288	5.16e-06
1504444348	5.16e-06
1504444409	5.16e-06
1504444469	5.15e-06
1504444530	5.15e-06
1504444590	5.15e-06
1504444651	5.14e-06
1504444711	5.14e-06
1504444772	5.14e-06
1504444832	5.13e-06
1504444893	5.13e-06
1504444953	5.13e-06
1504445013	5.12e-06
1504445074	5.12e-06
1504445135	5.12e-06
1504445195	5.12e-06
1504445256	5.11e-06
1504445316	5.11e-06
1504445377	5.11e-06
1504445437	5.1e-06
1504445498	5.1e-06
1504445558	5.1e-06
1504445619	5.09e-06
1504445679	5.09e-06
1504445740	5.09e-06
1504445800	5.09e-06
1504445861	5.08e-06
1504445921	5.08e-06
1504445982	5.08e-06
1504446042	5.07e-06
1504446103	5.08e-06
1504446163	5.07e-06
1504446224	5.07e-06
1504446284	5.06e-06
1504446345	5.06e-06
1504446405	5.06e-06
1504446466	5.05e-06
1504446526	5.05e-06
1504446587	5.05e-06
1504446647	5.05e-06
1504446708	5.04e-06
1504446768	5.04e-06
1504446829	5.04e-06
1504446889	5.03e-06
1504446950	5.03e-06
1504447010	5.03e-06
1504447071	5.02e-06
1504447131	5.02e-06
1504447192	5.02e-06
1504447253	5.02e-06
1504447313	5.01e-06
1504447374	5.01e-06
1504447434	5.01e-06
1504447495	5.01e-06
1504447555	5e-06
1504447616	5e-06
1504447676	5e-06
1504447737	4.99e-06
1504447797	4.99e-06
1504447858	4.99e-06
1504447918	4.98e-06
1504447978	4.98e-06
1504448039	4.98e-06
1504448100	4.98e-06
1504448160	4.97e-06
1504448221	4.97e-06
1504448281	4.97e-06
1504448342	4.97e-06
1504448402	4.96e-06
1504448462	4.96e-06
1504448523	4.96e-06
1504448583	4.96e-06
1504448644	4.95e-06
1504448704	4.95e-06
1504448765	4.95e-06
1504448825	4.94e-06
1504448886	4.94e-06
1504448946	4.94e-06
1504449007	4.94e-06
1504449067	4.93e-06
1504449128	4.93e-06
1504449189	4.93e-06
1504449249	4.92e-06
1504449309	4.92e-06
1504449370	4.92e-06
1504449431	4.92e-06
1504449491	4.91e-06
1504449551	4.91e-06
1504449612	4.91e-06
1504449672	4.91e-06
1504449733	4.91e-06
1504449793	4.95e-06
1504449854	4.94e-06
1504449914	4.94e-06
1504449975	4.94e-06
1504450035	4.94e-06
1504450096	4.93e-06
1504450157	4.93e-06
1504450217	4.93e-06
1504450278	4.92e-06
1504450338	4.92e-06
1504450399	4.92e-06
1504450459	4.92e-06
1504450520	4.91e-06
1504450580	4.91e-06
1504450640	4.91e-06
1504450701	4.9e-06
1504450761	4.9e-06
1504450822	4.9e-06
1504450882	4.9e-06
1504450943	4.89e-06
1504451003	4.89e-06
1504451064	4.89e-06
1504451124	4.89e-06
1504451185	4.88e-06
1504451245	4.88e-06
1504451306	4.88e-06
1504451366	4.88e-06
1504451427	4.88e-06
1504451487	4.87e-06
1504451548	4.87e-06
1504451608	4.87e-06
1504451669	4.87e-06
1504451729	4.86e-06
1504451790	4.86e-06
1504451850	4.86e-06
1504451911	4.86e-06
1504451971	4.85e-06
1504452032	4.85e-06
1504452092	4.85e-06
1504452153	4.85e-06
1504452213	4.85e-06
1504452274	4.84e-06
1504452334	4.84e-06
1504452395	4.84e-06
1504452455	4.84e-06
1504452516	4.83e-06
1504452576	4.83e-06
1504452637	4.83e-06
1504452697	4.83e-06
1504452758	4.82e-06
1504452818	4.82e-06
1504452879	4.82e-06
1504452939	4.82e-06
1504453000	4.82e-06
1504453060	4.81e-06
1504453121	4.81e-06
1504453181	4.81e-06
1504453242	4.81e-06
1504453302	4.8e-06
1504453363	4.8e-06
1504453423	2.22e-05
1504453484	2.95e-05
1504453544	3.07e-05
1504453605	3.15e-05
1504453665	3.2e-05
1504453726	3.22e-05
1504453786	3.23e-05
1504453847	3.23e-05
1504453907	3.23e-05
1504453968	3.23e-05
1504454028	3.23e-05
1504454089	3.23e-05
1504454149	3.24e-05
1504454210	3.24e-05
1504455252	4e-05
1504455312	5.75e-06
1504455373	5.44e-06
1504455433	5.3e-06
1504455494	5.21e-06
1504455554	5.14e-06
1504455615	5.09e-06
1504455675	5.05e-06
1504455736	5.02e-06
1504455796	4.99e-06
1504455857	4.97e-06
1504455918	4.95e-06
1504455978	4.93e-06
1504456038	4.91e-06
1504456099	4.9e-06
1504456160	4.89e-06
1504456220	4.87e-06
1504456281	4.86e-06
1504456341	4.85e-06
1504456402	4.85e-06
1504456462	4.84e-06
1504456523	4.83e-06
1504456583	4.82e-06
1504456644	4.82e-06
1504456704	4.81e-06
1504456765	4.81e-06
1504456825	4.8e-06
1504456886	4.8e-06
1504456946	4.79e-06
1504457007	4.79e-06
1504457067	4.79e-06
1504457128	4.78e-06
1504457188	4.78e-06
1504457249	4.78e-06
1504457309	4.77e-06
1504457370	4.77e-06
1504457430	4.77e-06
1504457491	4.77e-06
1504457551	4.76e-06
1504457612	4.76e-06
1504457672	4.76e-06
1504457733	4.75e-06
1504457793	4.75e-06
1504457854	4.75e-06
1504457914	4.74e-06
1504457975	4.74e-06
1504458035	4.74e-06
1504458096	4.74e-06
1504458156	4.73e-06
1504458217	4.73e-06
1504458277	4.73e-06
1504458338	4.72e-06
1504458398	4.72e-06
1504458459	4.72e-06
1504458519	4.72e-06
1504458580	4.71e-06
1504458640	4.71e-06
1504458701	4.71e-06
1504458761	4.71e-06
1504458822	4.71e-06
1504458882	4.7e-06
1504458943	4.7e-06
1504459003	4.7e-06
1504459064	4.7e-06
1504459124	4.69e-06
1504459185	4.69e-06
1504459245	4.69e-06
1504459306	4.69e-06
1504459366	4.69e-06
1504459427	4.68e-06
1504459487	4.68e-06
1504459548	4.68e-06
1504459608	4.68e-06
1504459669	4.68e-06
1504459729	4.67e-06
1504459790	4.67e-06
1504459850	4.67e-06
1504459911	4.67e-06
1504459971	4.67e-06
1504460032	4.66e-06
1504460092	4.66e-06
1504460153	4.66e-06
1504460213	4.66e-06
1504460274	4.66e-06
1504460334	4.65e-06
1504460395	4.65e-06
1504460455	4.65e-06
1504460516	4.65e-06
1504460576	4.65e-06
1504460637	4.64e-06
1504460697	4.64e-06
1504460758	4.64e-06
1504460818	4.64e-06
1504460879	4.64e-06
1504460939	4.63e-06
1504461000	4.63e-06
1504461060	4.63e-06
1504461121	4.63e-06
1504461181	4.63e-06
1504461242	4.62e-06
1504461302	4.62e-06
1504461363	4.62e-06
1504461423	4.62e-06
1504461484	4.62e-06
1504461544	4.62e-06
1504461605	4.61e-06
1504461665	4.61e-06
1504461726	4.61e-06
1504461786	4.61e-06
1504461847	4.61e-06
1504461907	4.61e-06
1504461968	4.6e-06
1504462028	4.6e-06
1504462089	4.6e-06
1504462149	4.6e-06
1504462210	4.6e-06
1504462270	4.6e-06
1504462331	4.59e-06
1504462391	4.59e-06
1504462452	4.59e-06
1504462512	4.59e-06
1504462573	4.59e-06
1504462633	4.58e-06
1504462694	4.58e-06
1504462754	4.58e-06
1504462815	4.58e-06
1504462875	4.58e-06
1504462936	4.57e-06
1504462996	4.57e-06
1504463057	4.57e-06
1504463117	4.57e-06
1504463178	4.57e-06
1504463238	4.57e-06
1504463299	4.57e-06
1504463359	4.56e-06
1504463420	4.56e-06
1504463480	4.56e-06
1504463541	4.56e-06
1504463601	4.56e-06
1504463662	4.55e-06
1504463722	4.55e-06
1504463783	4.55e-06
1504463843	4.55e-06
1504463904	4.55e-06
1504463964	4.55e-06
1504464025	4.54e-06
1504464085	4.54e-06
1504464146	4.54e-06
1504464206	4.54e-06
1504464267	4.54e-06
1504464327	4.54e-06
1504464388	4.54e-06
1504464448	4.53e-06
1504464509	4.53e-06
1504464569	4.53e-06
1504464630	4.53e-06
1504464690	4.53e-06
1504464751	4.53e-06
1504464811	4.53e-06
1504464871	4.52e-06
1504464932	4.52e-06
1504464992	4.52e-06
1504465053	4.52e-06
1504465113	4.52e-06
1504465174	4.52e-06
1504465234	4.52e-06
1504465295	4.52e-06
1504465355	4.51e-06
1504465416	4.51e-06
1504465477	4.51e-06
1504465537	4.51e-06
1504465598	4.51e-06
1504465658	4.51e-06
1504465719	4.51e-06
1504465779	4.5e-06
1504465840	4.5e-06
1504465900	4.5e-06
1504465961	4.5e-06
1504466021	4.5e-06
1504466082	4.5e-06
1504466142	4.5e-06
1504466203	4.5e-06
1504466263	4.5e-06
1504466324	4.5e-06
1504466384	4.49e-06
1504466445	4.49e-06
1504466505	4.49e-06
1504466566	4.49e-06
1504466626	4.49e-06
1504466687	4.49e-06
1504466747	4.49e-06
1504466808	4.49e-06
1504466868	4.48e-06
1504466929	4.48e-06
1504466989	4.48e-06
1504467050	4.48e-06
1504467110	4.48e-06
1504467171	4.48e-06
1504467231	4.48e-06
1504467292	4.48e-06
1504467352	4.47e-06
1504467413	4.47e-06
1504467473	4.47e-06
1504467534	4.47e-06
1504467594	4.47e-06
1504467655	4.47e-06
1504467715	4.46e-06
1504467776	4.46e-06
1504467836	4.46e-06
1504467897	4.46e-06
1504467957	4.46e-06
1504468018	4.46e-06
1504468078	4.46e-06
1504468139	4.45e-06
1504468199	4.45e-06
1504468260	4.45e-06
1504468320	4.45e-06
1504468381	4.45e-06
1504468441	4.45e-06
1504468502	4.44e-06
1504468562	4.44e-06
1504468623	4.44e-06
1504468683	4.44e-06
1504468744	4.44e-06
1504468804	4.44e-06
1504468865	4.43e-06
1504468925	4.43e-06
1504468986	4.43e-06
1504469046	4.43e-06
1504469107	4.43e-06
1504469167	4.43e-06
1504469228	4.43e-06
1504469288	4.43e-06
1504469349	4.42e-06
1504469409	4.42e-06
1504469470	4.42e-06
1504469530	4.42e-06
1504469591	4.42e-06
1504469651	4.42e-06
1504469712	4.42e-06
1504469772	4.42e-06
1504469833	4.42e-06
1504469893	4.41e-06
1504469954	4.41e-06
1504470014	4.41e-06
1504470075	4.41e-06
1504470135	4.41e-06
1504470196	4.41e-06
1504470256	4.41e-06
1504470317	4.41e-06
1504470377	4.41e-06
1504470438	4.41e-06
1504470498	4.4e-06
1504470559	4.4e-06
1504470619	4.4e-06
1504470680	4.4e-06
1504470740	4.4e-06
1504470801	4.4e-06
1504470861	4.4e-06
1504470922	4.4e-06
1504470982	4.4e-06
1504471043	4.39e-06
1504471103	4.39e-06
1504471164	4.39e-06
1504471224	4.39e-06
1504471285	4.39e-06
1504471345	4.39e-06
1504471406	4.39e-06
1504471466	4.39e-06
1504471527	4.39e-06
1504471588	4.38e-06
1504471648	4.38e-06
1504471709	4.38e-06
1504471769	4.38e-06
1504471829	4.38e-06
1504471890	4.38e-06
1504471950	4.38e-06
1504472011	4.37e-06
1504472071	4.36e-06
1504472132	4.35e-06
1504472192	4.34e-06
1504472253	4.33e-06
1504472313	4.32e-06
1504472374	4.32e-06
1504472434	4.31e-06
1504472495	4.31e-06
1504472555	4.31e-06
1504472616	4.31e-06
1504472676	4.3e-06
1504472737	4.3e-06
1504472797	4.3e-06
1504472858	4.3e-06
1504472918	4.3e-06
1504472979	4.3e-06
1504473039	4.3e-06
1504473100	4.29e-06
1504473160	4.29e-06
1504473221	4.29e-06
1504473281	4.29e-06
1504473342	4.29e-06
1504473403	4.29e-06
1504473463	4.29e-06
1504473523	4.29e-06
1504473584	4.29e-06
1504473645	4.29e-06
1504473705	4.28e-06
1504473766	4.28e-06
1504473826	4.28e-06
1504473887	4.28e-06
1504473947	4.28e-06
1504474008	4.28e-06
1504474068	4.28e-06
1504474129	4.28e-06
1504474189	4.28e-06
1504474250	4.27e-06
1504474310	4.27e-06
1504474371	4.27e-06
1504474431	4.27e-06
1504474492	4.27e-06
1504474552	4.27e-06
1504474613	4.27e-06
1504474673	4.27e-06
1504474734	4.27e-06
1504474794	4.26e-06
1504474855	4.26e-06
1504474915	4.26e-06
1504474976	4.26e-06
1504475036	4.26e-06
1504475097	4.26e-06
1504475157	4.26e-06
1504475218	4.26e-06
1504475278	4.25e-06
1504475339	4.25e-06
1504475399	4.25e-06
1504475460	4.25e-06
1504475520	4.25e-06
1504475581	4.25e-06
1504475641	4.25e-06
1504475702	4.25e-06
1504475762	4.25e-06
1504475823	4.25e-06
1504475883	4.24e-06
1504475944	4.24e-06
1504476005	4.24e-06
1504476065	4.24e-06
1504476126	4.24e-06
1504476186	4.23e-06
1504476246	4.23e-06
1504476307	4.22e-06
1504476367	4.21e-06
1504476428	4.19e-06
1504476489	4.19e-06
1504476549	4.18e-06
1504476610	4.17e-06
1504476670	4.17e-06
1504476731	4.17e-06
1504476791	4.16e-06
1504476852	4.16e-06
1504476912	4.16e-06
1504476973	4.16e-06
1504477033	4.16e-06
1504477094	4.16e-06
1504477154	4.16e-06
1504477215	4.15e-06
1504477275	4.15e-06
1504477336	4.15e-06
1504477396	4.15e-06
1504477457	4.15e-06
1504477517	4.15e-06
1504477578	4.15e-06
1504477638	4.15e-06
1504477699	4.15e-06
1504477759	4.15e-06
1504477820	4.15e-06
1504477880	4.15e-06
1504477941	4.14e-06
1504478001	4.14e-06
1504478062	4.14e-06
1504478122	4.14e-06
1504478183	4.14e-06
1504478243	4.14e-06
1504478304	4.14e-06
1504478364	4.14e-06
1504478425	4.13e-06
1504478485	4.13e-06
1504478546	4.13e-06
1504478606	4.13e-06
1504478667	4.13e-06
1504478727	4.13e-06
1504478788	4.13e-06
1504478848	4.12e-06
1504478909	4.11e-06
1504478969	4.1e-06
1504479030	4.09e-06
1504479091	4.08e-06
1504479151	4.07e-06
1504479212	4.07e-06
1504479272	4.06e-06
1504479333	4.06e-06
1504479393	4.05e-06
1504479454	4.05e-06
1504479514	4.05e-06
1504479575	4.05e-06
1504479635	4.05e-06
1504479695	4.05e-06
1504479756	4.05e-06
1504479816	4.05e-06
1504479877	4.04e-06
1504479937	4.04e-06
1504479998	4.04e-06
1504480058	4.04e-06
1504480119	4.04e-06
1504480179	4.04e-06
1504480240	4.04e-06
1504480300	4.04e-06
1504480361	4.04e-06
1504480421	4.04e-06
1504480482	4.03e-06
1504480542	4.03e-06
1504480603	4.03e-06
1504480663	4.03e-06
1504480724	4.03e-06
1504480784	4.03e-06
1504480845	4.03e-06
1504480905	4.03e-06
1504480966	4.03e-06
1504481026	4.03e-06
1504481087	4.02e-06
1504481147	4.02e-06
1504481208	4.02e-06
1504481268	4.02e-06
1504481329	4.02e-06
1504481389	4.02e-06
1504481450	4.02e-06
1504481510	4.01e-06
1504481571	4e-06
1504481631	4e-06
1504481692	3.99e-06
1504481752	3.98e-06
1504481813	3.97e-06
1504481873	3.96e-06
1504481934	3.96e-06
1504481994	3.95e-06
1504482055	3.95e-06
1504482115	3.95e-06
1504482176	3.95e-06
1504482236	3.95e-06
1504482297	3.95e-06
1504482357	3.94e-06
1504482418	3.94e-06
1504482478	3.94e-06
1504482539	3.94e-06
1504482599	3.94e-06
1504482660	3.94e-06
1504482720	3.94e-06
1504482781	3.94e-06
1504482841	3.94e-06
1504482902	3.94e-06
1504482962	3.93e-06
1504483023	3.93e-06
1504483083	3.93e-06
1504483144	3.93e-06
1504483205	3.93e-06
1504483265	3.93e-06
1504483326	3.93e-06
1504483386	3.93e-06
1504483446	3.93e-06
1504483507	3.93e-06
1504483567	3.92e-06
1504483628	3.93e-06
1504483688	3.92e-06
1504483749	3.92e-06
1504483809	3.92e-06
1504483870	3.92e-06
1504483930	3.92e-06
1504483991	3.92e-06
1504484051	3.92e-06
1504484112	3.92e-06
1504484172	3.92e-06
1504484233	3.92e-06
1504484293	3.91e-06
1504484354	3.91e-06
1504484414	3.91e-06
1504484475	3.91e-06
1504484535	3.91e-06
1504484596	3.91e-06
1504484656	3.91e-06
1504484717	3.91e-06
1504484777	3.91e-06
1504484838	3.91e-06
1504484898	3.91e-06
1504484959	3.9e-06
1504485019	3.9e-06
1504485080	3.89e-06
1504485140	3.88e-06
1504485201	3.87e-06
1504485261	3.86e-06
1504485322	3.86e-06
1504485382	3.85e-06
1504485443	3.85e-06
1504485503	3.84e-06
1504485564	3.84e-06
1504485624	3.84e-06
1504485685	3.84e-06
1504485745	3.84e-06
1504485806	3.84e-06
1504485866	3.84e-06
1504485927	3.83e-06
1504485987	3.83e-06
1504486048	3.83e-06
1504486108	3.83e-06
1504486169	3.83e-06
1504486229	3.83e-06
1504486289	3.83e-06
1504486350	3.83e-06
1504486411	3.83e-06
1504486471	3.83e-06
1504486532	3.83e-06
1504486592	3.82e-06
1504486653	3.82e-06
1504486713	3.82e-06
1504486774	3.82e-06
1504486834	3.82e-06
1504486895	3.82e-06
1504486955	3.82e-06
1504487016	3.82e-06
1504487076	3.81e-06
1504487137	3.81e-06
1504487197	3.81e-06
1504487258	3.81e-06
1504487318	3.81e-06
1504487379	3.81e-06
1504487439	3.81e-06
1504487500	3.81e-06
1504487560	3.81e-06
1504487621	3.81e-06
1504487681	3.81e-06
1504487742	3.8e-06
1504487802	3.8e-06
1504487863	3.8e-06
1504487923	3.8e-06
1504487984	3.8e-06
1504488044	3.8e-06
1504488105	3.8e-06
1504488165	3.8e-06
1504488226	3.8e-06
1504488286	3.79e-06
1504488347	3.79e-06
1504488407	3.79e-06
1504488468	3.79e-06
1504488528	3.79e-06
1504488589	3.79e-06
1504488649	3.79e-06
1504488710	3.79e-06
1504488770	3.79e-06
1504488831	3.79e-06
1504488891	3.78e-06
1504488952	3.78e-06
1504489012	3.78e-06
1504489073	3.78e-06
1504489133	3.78e-06
1504489194	3.78e-06
1504489254	3.78e-06
1504489315	3.78e-06
1504489375	3.78e-06
1504489436	3.78e-06
1504489496	3.77e-06
1504489556	3.77e-06
1504489617	3.77e-06
1504489677	3.77e-06
1504489738	3.77e-06
1504489798	3.77e-06
1504489859	3.77e-06
1504489919	3.77e-06
1504489980	3.77e-06
1504490040	3.77e-06
1504490101	3.76e-06
1504490161	3.76e-06
1504490222	3.76e-06
1504490282	3.76e-06
1504490343	3.76e-06
1504490403	3.76e-06
1504490464	3.76e-06
1504490525	3.76e-06
1504490585	3.76e-06
1504490645	3.76e-06
1504490706	3.75e-06
1504490766	3.75e-06
1504490827	3.75e-06
1504490887	3.75e-06
1504490948	3.75e-06
1504491008	3.75e-06
1504491069	3.75e-06
1504491129	3.75e-06
1504491190	3.75e-06
1504491250	3.75e-06
1504491311	3.74e-06
1504491371	3.74e-06
1504491432	3.74e-06
1504491492	3.74e-06
1504491553	3.74e-06
1504491614	3.74e-06
1504491674	3.74e-06
1504491734	3.74e-06
1504491795	3.74e-06
1504491855	3.74e-06
1504491916	3.74e-06
1504491977	3.73e-06
1504492037	3.73e-06
1504492097	3.73e-06
1504492158	3.73e-06
1504492219	3.73e-06
1504492279	3.73e-06
1504492339	3.73e-06
1504492400	3.73e-06
1504492461	3.73e-06
1504492521	3.73e-06
1504492582	3.73e-06
1504492642	3.73e-06
1504492703	3.72e-06
1504492763	3.72e-06
1504492824	3.72e-06
1504492884	3.72e-06
1504492945	3.72e-06
1504493005	3.72e-06
1504493066	3.72e-06
1504493126	3.72e-06
1504493187	3.72e-06
1504493247	3.72e-06
1504493308	3.72e-06
1504493368	3.72e-06
1504493429	3.71e-06
1504493489	3.71e-06
1504493550	3.71e-06
1504493610	3.71e-06
1504493671	3.71e-06
1504493731	3.71e-06
1504493792	3.71e-06
1504493852	3.71e-06
1504493913	3.71e-06
1504493973	3.71e-06
1504494034	3.71e-06
1504494094	3.71e-06
1504494155	3.7e-06
1504494215	3.7e-06
1504494276	3.7e-06
1504494336	3.7e-06
1504494397	3.7e-06
1504494457	3.7e-06
1504494518	3.7e-06
1504494578	3.7e-06
1504494639	3.7e-06
1504494699	3.7e-06
1504494760	3.7e-06
1504494820	3.7e-06
1504494881	3.69e-06
1504494941	3.69e-06
1504495002	3.69e-06
1504495062	3.69e-06
1504495123	3.69e-06
1504495183	3.69e-06
1504495244	3.69e-06
1504495304	3.69e-06
1504495365	3.69e-06
1504495426	3.69e-06
1504495486	3.69e-06
1504495547	3.69e-06
1504495607	3.69e-06
1504495667	3.69e-06
1504495728	3.68e-06
1504495788	3.68e-06
1504495849	3.68e-06
1504495910	3.68e-06
1504495970	3.68e-06
1504496031	3.68e-06
1504496091	3.68e-06
1504496152	3.68e-06
1504496212	3.68e-06
1504496273	3.68e-06
1504496333	3.68e-06
1504496394	3.68e-06
1504496454	3.67e-06
1504496515	3.67e-06
1504496575	3.67e-06
1504496636	3.67e-06
1504496696	3.67e-06
1504496757	3.67e-06
1504496817	3.67e-06
1504496878	3.67e-06
1504496938	3.67e-06
1504496999	3.67e-06
1504497059	3.67e-06
1504497120	3.67e-06
1504497180	3.67e-06
1504497241	3.67e-06
1504497301	3.67e-06
1504497362	3.66e-06
1504497422	3.66e-06
1504497483	3.66e-06
1504497543	3.66e-06
1504497604	3.66e-06
1504497664	3.66e-06
1504497725	3.66e-06
1504497785	3.66e-06
1504497846	3.66e-06
1504497906	3.66e-06
1504497967	3.66e-06
1504498027	3.66e-06
1504498088	3.66e-06
1504498148	3.65e-06
1504498209	3.65e-06
1504498269	3.65e-06
1504498330	3.65e-06
1504498390	3.65e-06
1504498451	3.65e-06
1504498511	3.65e-06
1504498572	3.65e-06
1504498632	3.65e-06
1504498693	3.65e-06
1504498753	3.65e-06
1504498814	3.65e-06
1504498874	3.65e-06
1504498935	3.65e-06
1504498995	3.64e-06
1504499056	3.64e-06
1504499116	3.64e-06
1504499176	3.64e-06
1504499237	3.64e-06
1504499298	3.64e-06
1504499358	3.64e-06
1504499419	3.64e-06
1504499479	3.64e-06
1504499539	3.64e-06
1504499600	3.64e-06
1504499660	3.64e-06
1504499721	3.64e-06
1504499781	3.64e-06
1504499842	3.63e-06
1504499902	3.63e-06
1504499963	3.63e-06
1504500023	3.63e-06
1504500084	3.63e-06
1504500144	3.63e-06
1504500205	3.63e-06
1504500265	3.63e-06
1504500326	3.63e-06
1504500386	3.63e-06
1504500447	3.63e-06
1504500507	3.63e-06
1504500568	3.63e-06
1504500628	3.63e-06
1504500689	3.62e-06
1504500749	3.62e-06
1504500810	3.62e-06
1504500870	3.62e-06
1504500931	3.62e-06
1504500991	3.62e-06
1504501052	3.62e-06
1504501112	3.62e-06
1504501173	3.62e-06
1504501233	3.62e-06
1504501294	3.62e-06
1504501354	3.62e-06
1504501415	3.62e-06
1504501475	3.62e-06
1504501536	3.61e-06
1504501596	3.61e-06
1504501657	3.61e-06
1504501717	3.61e-06
1504501778	3.61e-06
1504501838	3.61e-06
1504501899	3.61e-06
1504501959	3.61e-06
1504502020	3.61e-06
1504502080	3.61e-06
1504502141	3.61e-06
1504502201	3.61e-06
1504502262	3.61e-06
1504502322	3.61e-06
1504502382	3.6e-06
1504502443	3.6e-06
1504502503	3.6e-06
1504502564	3.6e-06
1504502625	3.6e-06
1504502685	3.6e-06
1504502746	3.6e-06
1504502806	3.6e-06
1504502867	3.6e-06
1504502927	3.6e-06
1504502988	3.6e-06
1504503048	3.6e-06
1504503109	3.6e-06
1504503169	3.6e-06
1504503229	3.59e-06
1504503290	3.59e-06
1504503350	3.59e-06
1504503411	3.59e-06
1504503471	3.59e-06
1504503532	3.59e-06
1504503592	3.59e-06
1504503653	3.59e-06
1504503713	3.59e-06
1504503774	3.59e-06
1504503834	3.59e-06
1504503895	3.59e-06
1504503955	3.59e-06
1504504016	3.58e-06
1504504076	3.58e-06
1504504137	3.58e-06
1504504197	3.58e-06
1504504258	3.58e-06
1504504318	3.58e-06
1504504379	3.58e-06
1504504439	3.58e-06
1504504500	3.58e-06
1504504560	3.58e-06
1504504621	3.58e-06
1504504681	3.58e-06
1504504742	3.57e-06
1504504802	3.57e-06
1504504863	3.57e-06
1504504923	3.57e-06
1504504984	3.57e-06
1504505045	3.57e-06
1504505105	3.57e-06
1504505165	3.57e-06
1504505226	3.57e-06
1504505286	3.57e-06
1504505347	3.57e-06
1504505407	3.57e-06
1504505468	3.57e-06
1504505528	3.56e-06
1504505589	3.56e-06
1504505649	3.56e-06
1504505710	3.56e-06
1504505770	3.56e-06
1504505831	3.56e-06
1504505891	3.56e-06
1504505952	3.56e-06
1504506012	3.56e-06
1504506073	3.56e-06
1504506133	3.56e-06
1504506194	3.56e-06
1504506254	3.56e-06
1504506315	3.55e-06
1504506375	3.55e-06
1504506436	3.55e-06
1504506496	3.55e-06
1504506557	3.55e-06
1504506618	3.55e-06
1504506678	3.55e-06
1504506738	3.55e-06
1504506799	3.55e-06
1504506859	3.55e-06
1504506920	3.55e-06
1504506980	3.55e-06
1504507041	3.55e-06
1504507101	3.55e-06
1504507162	3.54e-06
1504507222	3.54e-06
1504507283	3.54e-06
1504507343	3.54e-06
1504507404	3.54e-06
1504507464	3.54e-06
1504507525	3.54e-06
1504507585	3.54e-06
1504507646	3.54e-06
1504507706	3.54e-06
1504507767	3.54e-06
1504507827	3.54e-06
1504507888	3.53e-06
1504507948	3.53e-06
1504508009	3.53e-06
1504508069	3.53e-06
1504508130	3.53e-06
1504508190	3.53e-06
1504508251	3.53e-06
1504508311	3.53e-06
1504508372	3.53e-06
1504508432	3.53e-06
1504508493	3.53e-06
1504508553	3.53e-06
1504508614	3.53e-06
1504508674	3.53e-06
1504508734	3.52e-06
1504508795	3.52e-06
1504508856	3.52e-06
1504508916	3.52e-06
1504508977	3.52e-06
1504509037	3.52e-06
1504509098	3.52e-06
1504509158	3.52e-06
1504509219	3.52e-06
1504509279	3.52e-06
1504509340	3.52e-06
1504509400	3.52e-06
1504509461	3.51e-06
1504509521	3.51e-06
1504509582	3.51e-06
1504509642	3.51e-06
1504509703	3.51e-06
1504509763	3.51e-06
1504509824	3.51e-06
1504509884	3.51e-06
1504509945	3.51e-06
1504510005	3.51e-06
1504510066	3.51e-06
1504510126	3.51e-06
1504510187	3.51e-06
1504510247	3.51e-06
1504510308	3.5e-06
1504510368	3.5e-06
1504510429	3.5e-06
1504510489	3.5e-06
1504510550	3.5e-06
1504510610	3.5e-06
1504510671	3.5e-06
1504510731	3.5e-06
1504510792	3.5e-06
1504510852	3.5e-06
1504510913	3.5e-06
1504510973	3.5e-06
1504511034	3.5e-06
1504511094	3.49e-06
1504511155	3.49e-06
1504511215	3.49e-06
1504511276	3.49e-06
1504511336	3.49e-06
1504511397	3.49e-06
1504511457	3.49e-06
1504511518	3.49e-06
1504511578	3.49e-06
1504511639	3.49e-06
1504511699	3.49e-06
1504511760	3.49e-06
1504511821	3.49e-06
1504511881	3.48e-06
1504511942	3.48e-06
1504512002	3.48e-06
1504512063	3.48e-06
1504512123	3.48e-06
1504512184	3.48e-06
1504512244	3.48e-06
1504512305	3.48e-06
1504512365	3.48e-06
1504512426	3.48e-06
1504512486	3.48e-06
1504512547	3.48e-06
1504512607	3.47e-06
1504512668	3.48e-06
1504512728	3.47e-06
1504512789	3.47e-06
1504512849	3.47e-06
1504512910	3.47e-06
1504512970	3.47e-06
1504513031	3.47e-06
1504513091	3.47e-06
1504513152	3.47e-06
1504513212	3.47e-06
1504513273	3.47e-06
1504513333	3.47e-06
1504513394	3.46e-06
1504513454	3.46e-06
1504513515	3.46e-06
1504513575	3.46e-06
1504513636	3.46e-06
1504513696	3.46e-06
1504513757	3.46e-06
1504513817	3.46e-06
1504513878	3.46e-06
1504513938	3.46e-06
1504513999	3.46e-06
1504514059	3.46e-06
1504514120	3.46e-06
1504514180	3.45e-06
1504514241	3.45e-06
1504514301	3.45e-06
1504514362	3.45e-06
1504514422	3.45e-06
1504514483	3.45e-06
1504514543	3.45e-06
1504514604	3.45e-06
1504514664	3.45e-06
1504514725	3.45e-06
1504514785	3.45e-06
1504514846	3.45e-06
1504514906	3.45e-06
1504514967	3.44e-06
1504515027	3.44e-06
1504515088	3.44e-06
1504515148	3.44e-06
1504515209	3.44e-06
1504515270	3.44e-06
1504515330	3.44e-06
1504515391	3.44e-06
1504515451	3.44e-06
1504515512	3.44e-06
1504515572	3.44e-06
1504515632	3.44e-06
1504515693	3.44e-06
1504515753	3.44e-06
1504515814	3.43e-06
1504515874	3.43e-06
1504515935	3.43e-06
1504515995	3.43e-06
1504516056	3.43e-06
1504516117	3.43e-06
1504516177	3.43e-06
1504516238	3.43e-06
1504516298	3.43e-06
1504516359	3.43e-06
1504516419	3.43e-06
1504516480	3.43e-06
1504516540	3.43e-06
1504516601	3.42e-06
1504516661	3.42e-06
1504516722	3.42e-06
1504516782	3.42e-06
1504516843	3.42e-06
1504516903	3.42e-06
1504516964	3.42e-06
1504517024	3.42e-06
1504517085	3.42e-06
1504517145	3.42e-06
1504517206	3.42e-06
1504517266	3.42e-06
1504517327	3.42e-06
1504517387	3.41e-06
1504517448	3.41e-06
1504517508	3.41e-06
1504517569	3.41e-06
1504517629	3.41e-06
1504517690	3.41e-06
1504517750	3.41e-06
1504517811	3.41e-06
1504517871	3.41e-06
1504517931	3.41e-06
1504517992	3.41e-06
1504518052	3.4e-06
1504518113	3.4e-06
1504518174	3.4e-06
1504518234	3.4e-06
1504518295	3.4e-06
1504518355	3.4e-06
1504518416	3.4e-06
1504518476	3.4e-06
1504518537	3.4e-06
1504518597	3.4e-06
1504518658	3.4e-06
1504518718	3.4e-06
1504518779	3.4e-06
1504518839	3.39e-06
1504518900	3.39e-06
1504518960	3.39e-06
1504519021	3.39e-06
1504519081	3.39e-06
1504519142	3.39e-06
1504519202	3.39e-06
1504519263	3.39e-06
1504519323	3.39e-06
1504519384	3.39e-06
1504519444	3.39e-06
1504519505	3.39e-06
1504519565	3.38e-06
1504519626	3.39e-06
1504519686	3.38e-06
1504519747	3.38e-06
1504519807	3.38e-06
1504519868	3.38e-06
1504519928	3.38e-06
1504519989	3.38e-06
1504520049	3.38e-06
1504520110	3.38e-06
1504520170	3.38e-06
1504520231	3.38e-06
1504520291	3.38e-06
1504520352	3.37e-06
1504520412	3.37e-06
1504520473	3.37e-06
1504520533	3.37e-06
1504520594	3.37e-06
1504520654	3.37e-06
1504520715	3.37e-06
1504520775	3.37e-06
1504520836	3.37e-06
1504520897	3.37e-06
1504520957	3.37e-06
1504521018	3.37e-06
1504521078	3.37e-06
1504521139	3.36e-06
1504521199	3.36e-06
1504521259	3.36e-06
1504521320	3.36e-06
1504521381	3.36e-06
1504521441	3.36e-06
1504521502	3.36e-06
1504521562	3.36e-06
1504521623	3.36e-06
1504521683	3.36e-06
1504521744	3.36e-06
1504521804	3.35e-06
1504521865	3.35e-06
1504521925	3.35e-06
1504521986	3.35e-06
1504522046	3.35e-06
1504522107	3.35e-06
1504522167	3.35e-06
1504522228	3.35e-06
1504522288	3.35e-06
1504522349	3.35e-06
1504522409	3.35e-06
1504522470	3.35e-06
1504522530	3.35e-06
1504522591	3.35e-06
1504522651	3.34e-06
1504522712	3.34e-06
1504522772	3.34e-06
1504522833	3.34e-06
1504522893	3.34e-06
1504522954	3.34e-06
1504523014	3.34e-06
1504523075	3.34e-06
1504523135	3.34e-06
1504523196	3.34e-06
1504523256	3.34e-06
1504523317	3.34e-06
1504523377	3.34e-06
1504523438	3.34e-06
1504523498	3.33e-06
1504523559	3.33e-06
1504523619	3.33e-06
1504523680	3.33e-06
1504523740	3.33e-06
1504523801	3.33e-06
1504523861	3.33e-06
1504523922	3.33e-06
1504523982	3.33e-06
1504524043	3.33e-06
1504524103	3.33e-06
1504524164	3.33e-06
1504524224	3.33e-06
1504524285	3.32e-06
1504524345	3.32e-06
1504524406	3.32e-06
1504524466	3.32e-06
1504524527	3.32e-06
1504524587	3.32e-06
1504524648	3.32e-06
1504524708	3.32e-06
1504524769	3.32e-06
1504524829	3.32e-06
1504524890	3.32e-06
1504524950	3.32e-06
1504525011	3.32e-06
1504525071	3.32e-06
1504525131	3.32e-06
1504525192	3.31e-06
1504525252	3.31e-06
1504525313	3.31e-06
1504525373	3.31e-06
1504525434	3.31e-06
1504525494	3.31e-06
1504525555	3.31e-06
1504525615	3.31e-06
1504525676	3.31e-06
1504525736	3.31e-06
1504525797	3.31e-06
1504525857	3.31e-06
1504525918	3.31e-06
1504525979	3.31e-06
1504526039	3.31e-06
1504526099	3.31e-06
1504526160	3.31e-06
1504526220	3.31e-06
1504526281	3.31e-06
1504526341	3.31e-06
1504526402	3.31e-06
1504526462	3.31e-06
1504526523	3.31e-06
1504526583	3.31e-06
1504526644	3.31e-06
1504526704	3.31e-06
1504526765	3.31e-06
1504526825	3.31e-06
1504526886	3.31e-06
1504526946	3.31e-06
1504527007	3.31e-06
1504527067	3.31e-06
1504527128	3.31e-06
1504527189	3.3e-06
1504527249	3.3e-06
1504527310	3.29e-06
1504527370	3.28e-06
1504527431	3.27e-06
1504527491	3.27e-06
1504527552	3.26e-06
1504527612	3.26e-06
1504527673	3.26e-06
1504527733	3.26e-06
1504527793	3.26e-06
1504527854	3.25e-06
1504527914	3.25e-06
1504527975	3.25e-06
1504528035	3.25e-06
1504528096	3.25e-06
1504528156	3.25e-06
1504528217	3.25e-06
1504528277	3.25e-06
1504528338	3.25e-06
1504528398	3.25e-06
1504528459	3.25e-06
1504528519	3.25e-06
1504528580	3.25e-06
1504528640	3.25e-06
1504528701	3.25e-06
1504528761	3.25e-06
1504528822	3.25e-06
1504528882	3.25e-06
1504528943	3.25e-06
1504529003	3.25e-06
1504529064	3.25e-06
1504529124	3.25e-06
1504529185	3.25e-06
1504529245	3.25e-06
1504529306	3.25e-06
1504529366	3.25e-06
1504529427	3.25e-06
1504529487	3.25e-06
1504529548	3.25e-06
1504529608	3.25e-06
1504529669	3.24e-06
1504529729	3.24e-06
1504529790	3.24e-06
1504529850	3.24e-06
1504529911	3.24e-06
1504529971	3.24e-06
1504530032	3.24e-06
1504530092	3.24e-06
1504530153	3.24e-06
1504530213	3.24e-06
1504530274	3.24e-06
1504530334	3.24e-06
1504530395	3.24e-06
1504530455	3.24e-06
1504530516	3.24e-06
1504530576	3.24e-06
1504530637	3.24e-06
1504530698	3.24e-06
1504530758	3.24e-06
1504530818	3.24e-06
1504530879	3.24e-06
1504530939	3.24e-06
1504531000	3.24e-06
1504531060	3.24e-06
1504531121	3.24e-06
1504531181	3.24e-06
1504531242	3.24e-06
1504531302	3.24e-06
1504531363	3.23e-06
1504531423	3.23e-06
1504531484	3.23e-06
1504531544	3.23e-06
1504531605	3.23e-06
1504531665	3.23e-06
1504531726	3.23e-06
1504531786	3.23e-06
1504531847	3.23e-06
1504531907	3.23e-06
1504531968	3.23e-06
1504532028	3.23e-06
1504532089	3.23e-06
1504532149	3.23e-06
1504532210	3.23e-06
1504532270	3.23e-06
1504532331	3.23e-06
1504532391	3.23e-06
1504532452	3.23e-06
1504532512	3.23e-06
1504532573	3.23e-06
1504532633	3.23e-06
1504532694	3.23e-06
1504532754	3.23e-06
1504532815	3.23e-06
1504532875	3.23e-06
1504532936	3.23e-06
1504532996	3.23e-06
1504533057	3.23e-06
1504533117	3.23e-06
1504533178	3.23e-06
1504533238	3.23e-06
1504533299	3.22e-06
1504533359	3.22e-06
1504533419	3.22e-06
1504533480	3.22e-06
1504533540	3.22e-06
1504533601	3.22e-06
1504533661	3.22e-06
1504533722	3.22e-06
1504533782	3.22e-06
1504533843	3.22e-06
1504533903	3.22e-06
1504533964	3.22e-06
1504534024	3.22e-06
1504534085	3.22e-06
1504534145	3.22e-06
1504534206	3.22e-06
1504534266	3.22e-06
1504534327	3.22e-06
1504534387	3.22e-06
1504534448	3.22e-06
1504534508	3.22e-06
1504534569	3.22e-06
1504534629	3.22e-06
1504534690	3.22e-06
1504534750	3.22e-06
1504534811	3.22e-06
1504534871	3.22e-06
1504534932	3.22e-06
1504534992	3.22e-06
1504535053	3.22e-06
1504535113	3.22e-06
1504535174	3.22e-06
1504535234	3.22e-06
1504535295	3.22e-06
