1406326534	0.0011
1406326595	0.00108
1406326655	0.00106
1406326716	0.00104
1406326776	0.00102
1406326837	0.001
1406326897	0.000982
1406326957	0.000966
1406327018	0.000947
1406327078	0.000927
1406327139	0.00091
1406327199	0.000894
1406327260	0.000878
1406327320	0.000864
1406327381	0.00085
1406327441	0.000835
1406327502	0.00082
1406327562	0.000806
1406327623	0.000793
1406327683	0.000779
1406327744	0.000765
1406327804	0.000753
1406327865	0.000739
1406327925	0.000727
1406327986	0.000714
1406328046	0.000703
1406328106	0.000691
1406328167	0.000678
1406328227	0.000666
1406328288	0.000654
1406328348	0.000643
1406328409	0.000631
1406328469	0.000619
1406328530	0.000607
1406328590	0.000596
1406328651	0.000586
1406328711	0.000576
1406328772	0.000565
1406328832	0.000555
1406328893	0.000545
1406328953	0.000535
1406329014	0.000525
1406329074	0.000516
1406329134	0.000506
1406329195	0.000497
1406329255	0.000487
1406329316	0.000479
1406329376	0.000469
1406329437	0.000461
1406329497	0.000452
1406329558	0.000445
1406329618	0.000436
1406329679	0.000428
1406329739	0.000421
1406329800	0.000413
1406329860	0.000406
1406329921	0.000399
1406329981	0.000392
1406330042	0.000386
1406330102	0.00038
1406330163	0.000374
1406330223	0.000368
1406330284	0.000363
1406330344	0.000357
1406330405	0.000352
1406330465	0.000346
1406330525	0.000341
1406330586	0.000336
1406330646	0.000332
1406330707	0.000327
1406330767	0.000322
1406330828	0.000318
1406330888	0.000313
1406330949	0.000309
1406331009	0.000305
1406331070	0.000302
1406331130	0.000299
1406331190	0.000296
1406331251	0.000293
1406331311	0.00029
1406331372	0.000286
1406331432	0.000283
1406331493	0.00028
1406331553	0.000277
1406331614	0.000274
1406331674	0.000271
1406331735	0.000268
1406331795	0.000265
1406331856	0.000263
1406331916	0.00026
1406331977	0.000257
1406332037	0.000254
1406332097	0.000252
1406332158	0.000249
1406332218	0.000246
1406332279	0.000244
1406332339	0.000241
1406332400	0.000239
1406332460	0.000237
1406332521	0.000234
1406332581	0.000232
1406332642	0.00023
1406332702	0.000228
1406332763	0.000225
1406332823	0.000223
1406332883	0.000221
1406332944	0.000219
1406333004	0.000217
1406333065	0.000215
1406333125	0.000212
1406333186	0.00021
1406333246	0.000208
1406333307	0.000207
1406333367	0.000204
1406333428	0.000202
1406333488	0.000201
1406333549	0.000199
1406333609	0.000197
1406333669	0.000196
1406333730	0.000194
1406333790	0.000192
1406333851	0.000189
1406333911	0.000187
1406333972	0.000185
1406334032	0.000183
1406334093	0.000181
1406334153	0.000179
1406334214	0.000177
1406334274	0.000175
1406334335	0.000173
1406334395	0.000172
1406334456	0.00017
1406334516	0.000168
1406334577	0.000166
1406334637	0.000165
1406334698	0.000164
1406334758	0.000162
1406334818	0.000161
1406334879	0.00016
1406334939	0.000158
1406335000	0.000157
1406335060	0.000156
1406335121	0.000154
1406335181	0.000153
1406335242	0.000151
1406335302	0.00015
1406335363	0.000149
1406335423	0.000147
1406335484	0.000146
1406335544	0.000145
1406335605	0.000144
1406335665	0.000143
1406335726	0.000141
1406335786	0.000139
1406335847	0.000138
1406335907	0.000136
1406335968	0.000135
1406336028	0.000134
1406336088	0.000133
1406336149	0.000131
1406336209	0.00013
1406336270	0.000129
1406336330	0.000128
1406336391	0.000127
1406336451	0.000126
1406336512	0.000125
1406336572	0.000124
1406336633	0.000123
1406336693	0.000122
1406336754	0.000121
1406336814	0.00012
1406336875	0.000119
1406336935	0.000118
1406336996	0.000116
1406337056	0.000115
1406337116	0.000114
1406337177	0.000113
1406337238	0.000112
1406337298	0.000111
1406337359	0.00011
1406337419	0.000109
1406337480	0.000108
1406337540	0.000107
1406337600	0.000106
1406337661	0.000105
1406337721	0.000104
1406337782	0.000103
1406337842	0.000102
1406337903	0.000101
1406337963	0.0001
1406338024	9.96e-05
1406338084	9.85e-05
1406338145	9.76e-05
1406338205	9.66e-05
1406338266	9.59e-05
1406338326	9.53e-05
1406338387	9.42e-05
1406338447	9.34e-05
1406338508	9.25e-05
1406338568	9.18e-05
1406338629	9.08e-05
1406338689	9e-05
1406338750	8.92e-05
1406338810	8.83e-05
1406338870	8.74e-05
1406338931	8.67e-05
1406338991	8.3e-05
1406339052	8.22e-05
1406339112	8.16e-05
1406339173	8.1e-05
1406339233	8.04e-05
1406339294	7.98e-05
1406339354	7.92e-05
1406339415	7.87e-05
1406339475	7.81e-05
1406339535	7.75e-05
1406339596	7.7e-05
1406339656	7.64e-05
1406339717	7.59e-05
1406339777	7.53e-05
1406339838	7.48e-05
1406339898	7.43e-05
1406339959	7.37e-05
1406340019	7.32e-05
1406340080	7.27e-05
1406340140	7.22e-05
1406340201	7.17e-05
1406340261	7.1e-05
1406340322	7.05e-05
1406340382	7e-05
1406340443	6.95e-05
1406340503	6.9e-05
1406340564	6.85e-05
1406340624	6.81e-05
1406340685	6.76e-05
1406340745	6.71e-05
1406340806	6.66e-05
1406340866	6.62e-05
1406340926	6.57e-05
1406340987	6.53e-05
1406341047	6.48e-05
1406341108	6.44e-05
1406341168	6.39e-05
1406341229	6.35e-05
1406341289	6.31e-05
1406341350	6.27e-05
1406341410	6.22e-05
1406341471	6.18e-05
1406341531	6.14e-05
1406341592	6.1e-05
1406341652	6.06e-05
1406341713	6.02e-05
1406341773	5.98e-05
1406341834	5.94e-05
1406341894	5.9e-05
1406341955	5.86e-05
1406342015	5.82e-05
1406342076	5.78e-05
1406342136	5.75e-05
1406342196	5.71e-05
1406342257	5.67e-05
1406342317	5.63e-05
1406342378	5.6e-05
1406342438	5.56e-05
1406342499	5.52e-05
1406342559	5.51e-05
1406342620	5.45e-05
1406342680	5.41e-05
1406342741	5.38e-05
1406342801	5.34e-05
1406342861	5.31e-05
1406342922	5.28e-05
1406342983	5.24e-05
1406343043	5.21e-05
1406343104	5.18e-05
1406343164	5.14e-05
1406343224	5.11e-05
1406343285	5.08e-05
1406343345	5.05e-05
1406343406	5.01e-05
1406343466	4.98e-05
1406343527	4.95e-05
1406343587	4.92e-05
1406343648	4.89e-05
1406343708	4.86e-05
1406343769	4.83e-05
1406343829	4.8e-05
1406343890	4.77e-05
1406343950	4.74e-05
1406344010	4.71e-05
1406344071	4.68e-05
1406344131	4.66e-05
1406344192	4.63e-05
1406344252	4.6e-05
1406344313	4.57e-05
1406344373	4.55e-05
1406344434	4.52e-05
1406344494	4.49e-05
1406344555	4.47e-05
1406344615	4.44e-05
1406344676	4.41e-05
1406344736	4.2e-05
1406344797	4.18e-05
1406344857	4.15e-05
1406344918	4.13e-05
1406344978	4.1e-05
1406345039	4.08e-05
1406345099	4.06e-05
1406345160	4.04e-05
1406345220	4.01e-05
1406345280	3.99e-05
1406345341	3.97e-05
1406345401	3.94e-05
1406345462	3.92e-05
1406345522	3.9e-05
1406345583	3.88e-05
1406345643	3.86e-05
1406345704	3.83e-05
1406345764	3.81e-05
1406345825	3.79e-05
1406345885	3.77e-05
1406345946	3.75e-05
1406346006	3.73e-05
1406346067	3.71e-05
1406346127	3.69e-05
1406346188	3.67e-05
1406346248	3.65e-05
1406346309	3.63e-05
1406346369	3.61e-05
1406346430	3.59e-05
1406346490	3.57e-05
1406346551	3.55e-05
1406346611	3.53e-05
1406346672	3.51e-05
1406346732	3.49e-05
1406346793	3.47e-05
1406346853	3.45e-05
1406346914	3.43e-05
1406346974	3.42e-05
1406347035	3.4e-05
1406347095	3.38e-05
1406347156	3.36e-05
1406347216	3.34e-05
1406347277	3.33e-05
1406347337	3.31e-05
1406347398	3.23e-05
1406347458	3.21e-05
1406347519	3.21e-05
1406347579	3.19e-05
1406347639	3.17e-05
1406347700	3.16e-05
1406347760	3.14e-05
1406347821	3.13e-05
1406347881	3.11e-05
1406347942	3.09e-05
1406348002	3.08e-05
1406348063	3.06e-05
1406348123	3.04e-05
1406348184	3.03e-05
1406348244	3.02e-05
1406348305	2.99e-05
1406348365	2.97e-05
1406348426	2.96e-05
1406348486	2.94e-05
1406348547	2.93e-05
1406348607	2.91e-05
1406348667	2.9e-05
1406348728	2.88e-05
1406348788	2.87e-05
1406348849	2.85e-05
1406348909	2.84e-05
1406348970	2.82e-05
1406349030	2.81e-05
1406349091	2.79e-05
1406349151	2.78e-05
1406349212	2.77e-05
1406349272	2.75e-05
1406349332	2.74e-05
1406349393	2.73e-05
1406349453	2.71e-05
1406349514	2.7e-05
1406349574	2.69e-05
1406349635	2.67e-05
1406349695	2.66e-05
1406349756	2.65e-05
1406349816	2.63e-05
1406349877	2.62e-05
1406349937	2.61e-05
1406349998	2.6e-05
1406350058	2.59e-05
1406350118	2.57e-05
1406350179	2.56e-05
1406350239	2.55e-05
1406350300	2.54e-05
1406350360	2.53e-05
1406350421	2.52e-05
1406350481	2.5e-05
1406350542	2.49e-05
1406350602	2.48e-05
1406350663	2.47e-05
1406350723	2.46e-05
1406350784	2.45e-05
1406350844	2.44e-05
1406350905	2.43e-05
1406350965	2.42e-05
1406351026	2.41e-05
1406351086	2.4e-05
1406351147	2.38e-05
1406351207	2.37e-05
1406351268	2.36e-05
1406351328	2.35e-05
1406351388	2.34e-05
1406351449	2.33e-05
1406351509	2.32e-05
1406351570	2.31e-05
1406351630	2.3e-05
1406351691	2.29e-05
1406351751	2.28e-05
1406351812	2.27e-05
1406351872	2.27e-05
1406351933	2.25e-05
1406351993	2.25e-05
1406352054	2.24e-05
1406352114	2.23e-05
1406352175	2.22e-05
1406352235	2.21e-05
1406352296	2.2e-05
1406352356	2.19e-05
1406352417	2.18e-05
1406352477	2.17e-05
1406352538	2.16e-05
1406352598	2.15e-05
1406352658	2.14e-05
1406352719	2.13e-05
1406352779	2.12e-05
1406352840	2.12e-05
1406352900	2.11e-05
1406352961	2.1e-05
1406353021	2.09e-05
1406353082	2.1e-05
1406353142	2.1e-05
1406353203	2.08e-05
1406353263	2.06e-05
1406353324	2.05e-05
1406353384	2.05e-05
1406353445	2.04e-05
1406353505	2.03e-05
1406353566	2.02e-05
1406353626	2.01e-05
1406353687	2e-05
1406353747	1.99e-05
1406353807	1.99e-05
1406353868	1.98e-05
1406353928	1.97e-05
1406353989	1.96e-05
1406354049	1.95e-05
1406354110	1.95e-05
1406354170	1.94e-05
1406354231	1.93e-05
1406354291	1.92e-05
1406354352	1.92e-05
1406354412	1.91e-05
1406354473	1.9e-05
1406354533	1.89e-05
1406354593	1.88e-05
1406354654	1.88e-05
1406354714	1.86e-05
1406354775	1.85e-05
1406354835	1.84e-05
1406354896	1.84e-05
1406354956	1.83e-05
1406355017	1.81e-05
1406355077	1.81e-05
1406355138	1.8e-05
1406355198	1.79e-05
1406355259	1.78e-05
1406355319	1.78e-05
1406355380	1.77e-05
1406355440	1.76e-05
1406355501	1.75e-05
1406355561	1.75e-05
1406355622	1.74e-05
1406355682	1.73e-05
1406355743	1.72e-05
1406355803	1.72e-05
1406355863	1.71e-05
1406355924	1.7e-05
1406355984	1.69e-05
1406356045	1.69e-05
1406356105	1.68e-05
1406356166	1.67e-05
1406356226	1.66e-05
1406356287	1.65e-05
1406356347	1.65e-05
1406356407	1.64e-05
1406356468	1.63e-05
1406356528	1.63e-05
1406356589	1.62e-05
1406356649	1.61e-05
1406356710	1.61e-05
1406356770	1.6e-05
1406356831	1.59e-05
1406356891	1.59e-05
1406356952	1.58e-05
1406357012	1.58e-05
1406357073	1.57e-05
1406357133	1.56e-05
1406357194	1.56e-05
1406357254	1.55e-05
1406357315	1.54e-05
1406357375	1.54e-05
1406357436	1.53e-05
1406357496	1.53e-05
1406357557	1.52e-05
1406357617	1.52e-05
1406357677	1.51e-05
1406357738	1.5e-05
1406357798	1.5e-05
1406357859	1.49e-05
1406357919	1.49e-05
1406357980	1.48e-05
1406358040	1.48e-05
1406358101	1.47e-05
1406358161	1.47e-05
1406358222	1.46e-05
1406358282	1.45e-05
1406358343	1.45e-05
1406358403	1.44e-05
1406358464	1.44e-05
1406358524	1.43e-05
1406358585	1.43e-05
1406358645	1.42e-05
1406358706	1.42e-05
1406358766	1.41e-05
1406358827	1.41e-05
1406358887	1.4e-05
1406358948	1.39e-05
1406359008	1.39e-05
1406359069	1.38e-05
1406359129	1.38e-05
1406359189	1.37e-05
1406359250	1.37e-05
1406359310	1.36e-05
1406359371	1.36e-05
1406359431	1.35e-05
1406359492	1.35e-05
1406359552	1.34e-05
1406359613	1.36e-05
1406359673	1.36e-05
1406359734	1.35e-05
1406359794	1.35e-05
1406359855	1.34e-05
1406359915	1.34e-05
1406359976	1.33e-05
1406360036	1.33e-05
1406360097	1.33e-05
1406360157	1.32e-05
1406360218	1.32e-05
1406360278	1.31e-05
1406360339	1.31e-05
1406360399	1.3e-05
1406360460	1.3e-05
1406360520	1.29e-05
1406360580	1.29e-05
1406360641	1.28e-05
1406360701	1.28e-05
1406360762	1.28e-05
1406360822	1.27e-05
1406360883	1.27e-05
1406360943	1.26e-05
1406361004	1.26e-05
1406361064	1.25e-05
1406361125	1.25e-05
1406361185	1.25e-05
1406361246	1.24e-05
1406361306	1.24e-05
1406361367	1.23e-05
1406361427	1.23e-05
1406361488	1.22e-05
1406361548	1.22e-05
1406361609	1.22e-05
1406361669	1.21e-05
1406361730	1.21e-05
1406361790	1.2e-05
1406361851	1.2e-05
1406361911	1.19e-05
1406361971	1.19e-05
1406362032	1.19e-05
1406362092	1.18e-05
1406362153	1.18e-05
1406362213	1.18e-05
1406362274	1.12e-05
1406362334	9.55e-06
1406362395	1.14e-05
1406362455	1.14e-05
1406362516	1.13e-05
1406362576	1.13e-05
1406362637	1.12e-05
1406362697	1.12e-05
1406362758	1.11e-05
1406362818	1.11e-05
1406362879	1.11e-05
1406362939	1.1e-05
1406362999	1.1e-05
1406363060	1.1e-05
1406363120	1.09e-05
1406363181	1.09e-05
1406363241	1.08e-05
1406363302	1.08e-05
1406363362	1.08e-05
1406363423	1.07e-05
1406363483	1.07e-05
1406363544	1.07e-05
1406363604	1.06e-05
1406363665	1.06e-05
1406363725	1.06e-05
1406363786	1.06e-05
1406363846	1.05e-05
1406363907	1.05e-05
1406363967	1.05e-05
1406364028	1.04e-05
1406364088	1.04e-05
1406364149	1.04e-05
1406364209	1.03e-05
1406364270	1.03e-05
1406364330	1.03e-05
1406364391	1.02e-05
1406364451	1.02e-05
1406364512	1.02e-05
1406364572	1.01e-05
1406364633	1.01e-05
1406364693	1.01e-05
1406364754	1.01e-05
1406364814	1e-05
1406364875	9.99e-06
1406364935	9.96e-06
1406364996	9.93e-06
1406365056	9.91e-06
1406365116	9.92e-06
1406365177	9.91e-06
1406365237	9.87e-06
1406365298	9.84e-06
1406365358	9.81e-06
1406365419	9.78e-06
1406365479	9.76e-06
1406365540	9.71e-06
1406365600	9.68e-06
1406365661	9.65e-06
1406365721	9.62e-06
1406365782	9.59e-06
1406365842	9.56e-06
1406365903	9.54e-06
1406365963	9.51e-06
1406366024	9.48e-06
1406366084	9.45e-06
1406366145	9.43e-06
1406366205	9.4e-06
1406366266	9.37e-06
1406366326	9.35e-06
1406366387	9.33e-06
1406366447	9.3e-06
1406366508	9.27e-06
1406366568	9.24e-06
1406366628	9.22e-06
1406366689	9.19e-06
1406366749	9.17e-06
1406366810	9.14e-06
1406366870	9.11e-06
1406366931	9.1e-06
1406366991	9.07e-06
1406367052	9.03e-06
1406367112	9.01e-06
1406367173	8.98e-06
1406367233	8.96e-06
1406367294	8.93e-06
1406367354	8.91e-06
1406367414	8.88e-06
1406367475	8.86e-06
1406367535	8.84e-06
1406367596	8.81e-06
1406367656	8.79e-06
1406367717	8.77e-06
1406367777	8.75e-06
1406367838	8.72e-06
1406367898	8.7e-06
1406367959	8.68e-06
1406368019	8.65e-06
1406368080	8.63e-06
1406368140	8.61e-06
1406368201	8.58e-06
1406368261	8.56e-06
1406368322	8.53e-06
1406368382	8.51e-06
1406368443	8.49e-06
1406368503	8.47e-06
1406368563	8.44e-06
1406368624	8.42e-06
1406368684	8.4e-06
1406368745	8.38e-06
1406368805	8.36e-06
1406368866	8.33e-06
1406368926	8.31e-06
1406368987	8.29e-06
1406369047	8.27e-06
1406369108	8.25e-06
1406369168	8.22e-06
1406369229	8.2e-06
1406369289	8.18e-06
1406369350	8.16e-06
1406369410	8.14e-06
1406369471	8.12e-06
1406369531	8.1e-06
1406369592	8.07e-06
1406369652	8.06e-06
1406369713	8.04e-06
1406369773	8.02e-06
1406369834	7.99e-06
1406369894	7.97e-06
1406369955	7.95e-06
1406370015	7.93e-06
1406370076	7.91e-06
1406370136	7.88e-06
1406370197	7.9e-06
1406370257	7.88e-06
1406370318	7.86e-06
1406370378	7.84e-06
1406370439	7.82e-06
1406370499	7.8e-06
1406370560	7.78e-06
1406370620	7.77e-06
1406370681	7.75e-06
1406370741	7.73e-06
1406370802	7.71e-06
1406370862	7.69e-06
1406370923	7.67e-06
1406370983	7.65e-06
1406371044	7.63e-06
1406371104	7.62e-06
1406371165	7.6e-06
1406371225	7.58e-06
1406371286	7.98e-06
1406371346	7.88e-06
1406371407	7.84e-06
1406371467	7.82e-06
1406371527	7.79e-06
1406371588	7.83e-06
1406371648	7.82e-06
1406371709	7.75e-06
1406371769	7.77e-06
1406371830	7.74e-06
1406371890	7.72e-06
1406371951	7.69e-06
1406372011	7.67e-06
1406372072	7.68e-06
1406372132	7.64e-06
1406372193	7.62e-06
1406372253	7.58e-06
1406372314	7.56e-06
1406372374	7.71e-06
1406372435	7.7e-06
1406372495	7.7e-06
1406372556	7.67e-06
1406372616	7.62e-06
1406372677	7.6e-06
1406372737	7.6e-06
1406372798	7.57e-06
1406372858	7.54e-06
1406372918	7.52e-06
1406372979	7.5e-06
1406373039	7.47e-06
1406373100	7.47e-06
1406373160	7.45e-06
1406373221	7.42e-06
1406373281	7.4e-06
1406373342	7.38e-06
1406373402	7.38e-06
1406373463	7.39e-06
1406373523	7.38e-06
1406373584	7.35e-06
1406373644	7.33e-06
1406373705	7.31e-06
1406373765	7.29e-06
1406373826	7.27e-06
1406373886	7.3e-06
1406373947	7.28e-06
1406374007	7.27e-06
1406374068	7.24e-06
1406374128	7.22e-06
1406374189	7.22e-06
1406374249	7.2e-06
1406374309	7.17e-06
1406374370	7.15e-06
1406374430	7.13e-06
1406374491	7.11e-06
1406374551	7.1e-06
1406374612	7.08e-06
1406374672	7.07e-06
1406374733	7.05e-06
1406374793	7.03e-06
1406374854	7.08e-06
1406374914	7.05e-06
1406374975	7.02e-06
1406375035	7.02e-06
1406375096	7.02e-06
1406375156	6.99e-06
1406375217	6.96e-06
1406375277	6.99e-06
1406375338	6.95e-06
1406375398	6.93e-06
1406375459	6.91e-06
1406375519	6.89e-06
1406375580	6.88e-06
1406375640	6.88e-06
1406375701	6.87e-06
1406375761	6.85e-06
1406375822	6.83e-06
1406375882	6.81e-06
1406375942	6.77e-06
1406376003	6.74e-06
1406376063	6.72e-06
1406376124	6.71e-06
1406376184	6.69e-06
1406376245	6.67e-06
1406376305	6.66e-06
1406376366	6.65e-06
1406376426	6.63e-06
1406376487	6.62e-06
1406376547	6.61e-06
1406376608	6.59e-06
1406376668	6.58e-06
1406376729	6.57e-06
1406376789	6.55e-06
1406376850	6.54e-06
1406376910	6.53e-06
1406376971	6.51e-06
1406377031	6.52e-06
1406377092	6.51e-06
1406377152	6.49e-06
1406377213	6.48e-06
1406377273	6.47e-06
1406377334	6.45e-06
1406377394	6.44e-06
1406377455	6.43e-06
1406377515	6.41e-06
1406377576	6.4e-06
1406377636	6.39e-06
1406377697	6.38e-06
1406377757	6.37e-06
1406377818	6.36e-06
1406377878	6.34e-06
1406377939	6.33e-06
1406377999	6.32e-06
1406378059	6.31e-06
1406378120	6.33e-06
1406378180	6.35e-06
1406378241	6.33e-06
1406378301	6.32e-06
1406378362	6.3e-06
1406378422	6.29e-06
1406378483	6.28e-06
1406378543	6.27e-06
1406378604	6.26e-06
1406378664	6.24e-06
1406378725	6.23e-06
1406378785	6.22e-06
1406378846	6.21e-06
1406378906	6.2e-06
1406378967	6.19e-06
1406379027	6.18e-06
1406379088	6.17e-06
1406379148	6.16e-06
1406379209	6.14e-06
1406379269	6.13e-06
1406379330	6.12e-06
1406379390	6.11e-06
1406379451	6.1e-06
1406379511	6.09e-06
1406379572	6.08e-06
1406379632	6.07e-06
1406379693	6.06e-06
1406379753	6.04e-06
1406379813	6.03e-06
1406379874	6.03e-06
1406379934	6.01e-06
1406379995	6e-06
1406380056	5.99e-06
1406380116	5.98e-06
1406380176	5.97e-06
1406380237	5.96e-06
1406380297	5.95e-06
1406380358	5.94e-06
1406380418	6.1e-06
1406380479	5.91e-06
1406380539	5.91e-06
1406380600	5.89e-06
1406380660	5.88e-06
1406380721	5.88e-06
1406380781	5.87e-06
1406380842	5.86e-06
1406380902	5.85e-06
1406380962	5.84e-06
1406381023	5.83e-06
1406381083	5.82e-06
1406381144	5.81e-06
1406381204	5.8e-06
1406381265	5.79e-06
1406381325	5.78e-06
1406381386	5.77e-06
1406381446	5.77e-06
1406381507	5.76e-06
1406381567	5.75e-06
1406381627	5.74e-06
1406381688	5.72e-06
1406381748	5.71e-06
1406381809	5.71e-06
1406381869	5.69e-06
1406381930	5.69e-06
1406381991	5.68e-06
1406382051	5.67e-06
1406382111	5.66e-06
1406382172	5.65e-06
1406382232	5.64e-06
1406382293	5.63e-06
1406382353	5.62e-06
1406382414	5.61e-06
1406382474	5.6e-06
1406382535	5.59e-06
1406382595	5.58e-06
1406382656	5.57e-06
1406382716	5.56e-06
1406382777	5.55e-06
1406382837	5.55e-06
1406382898	5.54e-06
1406382958	5.53e-06
1406383019	5.52e-06
1406383079	5.51e-06
1406383140	5.5e-06
1406383200	5.49e-06
1406383261	5.51e-06
1406383321	5.5e-06
1406383382	5.49e-06
1406383442	5.48e-06
1406383503	5.48e-06
1406383563	5.47e-06
1406383624	5.46e-06
1406383684	5.45e-06
1406383745	5.44e-06
1406383805	5.43e-06
1406383866	5.42e-06
1406383926	5.41e-06
1406383987	5.4e-06
1406384047	5.4e-06
1406384107	5.39e-06
1406384168	5.38e-06
1406384228	5.37e-06
1406384289	5.36e-06
1406384349	5.35e-06
1406384410	5.34e-06
1406384470	5.34e-06
1406384531	5.33e-06
1406384591	5.32e-06
1406384652	5.29e-06
1406384712	5.26e-06
1406384773	5.25e-06
1406384833	5.24e-06
1406384894	5.24e-06
1406384954	5.23e-06
1406385015	5.22e-06
1406385075	5.21e-06
1406385136	5.18e-06
1406385196	5.2e-06
1406385257	5.18e-06
1406385317	5.16e-06
1406385378	5.15e-06
1406385438	5.14e-06
1406385499	5.13e-06
1406385559	5.14e-06
1406385619	5.18e-06
1406385680	5.16e-06
1406385740	5.15e-06
1406385801	5.14e-06
1406385861	5.18e-06
1406385922	5.13e-06
1406385982	5.19e-06
1406386043	5.17e-06
1406386103	5.24e-06
1406386164	5.21e-06
1406386224	5.2e-06
1406386285	5.19e-06
1406386345	5.18e-06
1406386406	5.17e-06
1406386466	5.16e-06
1406386527	5.15e-06
1406386587	5.42e-06
1406386648	5.13e-06
1406386708	5.14e-06
1406386769	5.12e-06
1406386829	5.12e-06
1406386889	5.11e-06
1406386950	5.11e-06
1406387010	5.09e-06
1406387071	5.08e-06
1406387131	5.11e-06
1406387192	5.08e-06
1406387252	5.06e-06
1406387313	5.05e-06
1406387373	5.04e-06
1406387433	5.03e-06
1406387494	5.03e-06
1406387554	5.02e-06
1406387615	5.01e-06
1406387675	5e-06
1406387736	5e-06
1406387796	5e-06
1406387857	5e-06
1406387917	4.99e-06
1406387978	4.98e-06
1406388038	4.97e-06
1406388099	4.97e-06
1406388159	4.96e-06
1406388220	4.95e-06
1406388280	4.95e-06
1406388340	4.94e-06
1406388401	4.93e-06
1406388461	4.92e-06
1406388522	4.91e-06
1406388582	4.91e-06
1406388643	4.9e-06
1406388703	4.89e-06
1406388764	4.88e-06
1406388824	4.87e-06
1406388885	4.87e-06
1406388945	4.86e-06
1406389006	4.85e-06
1406389066	4.84e-06
1406389127	4.84e-06
1406389187	4.83e-06
1406389248	4.82e-06
1406389308	4.82e-06
1406389368	4.81e-06
1406389429	4.8e-06
1406389490	4.8e-06
1406389550	4.79e-06
1406389610	4.79e-06
1406389671	4.78e-06
1406389731	4.77e-06
1406389792	4.76e-06
1406389852	4.76e-06
1406389913	4.75e-06
1406389973	4.74e-06
1406390034	4.76e-06
1406390094	4.72e-06
1406390155	4.73e-06
1406390215	4.72e-06
1406390275	4.71e-06
1406390336	4.7e-06
1406390396	4.69e-06
1406390457	4.68e-06
1406390517	4.68e-06
1406390578	4.67e-06
1406390638	4.66e-06
1406390699	4.65e-06
1406390759	4.65e-06
1406390820	4.64e-06
1406390880	4.63e-06
1406390940	4.63e-06
1406391001	4.62e-06
1406391061	4.61e-06
1406391122	4.6e-06
1406391182	4.59e-06
1406391243	4.59e-06
1406391304	4.58e-06
1406391364	4.58e-06
1406391425	4.57e-06
1406391485	4.56e-06
1406391546	4.55e-06
1406391606	4.55e-06
1406391667	4.53e-06
1406391727	4.52e-06
1406391788	4.51e-06
1406391848	4.52e-06
1406391908	4.51e-06
1406391969	4.5e-06
1406392029	4.49e-06
1406392090	4.49e-06
1406392150	4.48e-06
1406392211	4.47e-06
1406392271	4.46e-06
1406392332	4.45e-06
1406392392	4.44e-06
1406392453	4.44e-06
1406392513	4.43e-06
1406392574	4.42e-06
1406392634	4.42e-06
1406392695	4.41e-06
1406392755	4.42e-06
1406392816	4.42e-06
1406392876	4.41e-06
1406392937	4.41e-06
1406392997	4.4e-06
1406393058	4.39e-06
1406393118	4.38e-06
1406393178	4.38e-06
1406393239	4.37e-06
1406393299	4.37e-06
1406393360	4.36e-06
1406393420	4.35e-06
1406393481	4.34e-06
1406393541	4.34e-06
1406393602	4.33e-06
1406393662	4.33e-06
1406393723	4.33e-06
1406393783	4.31e-06
1406393844	4.31e-06
1406393904	4.3e-06
1406393965	4.3e-06
1406394025	4.3e-06
1406394086	4.29e-06
1406394146	4.28e-06
1406394207	4.27e-06
1406394267	4.27e-06
1406394328	4.26e-06
1406394388	4.26e-06
1406394449	4.25e-06
1406394509	4.25e-06
1406394569	4.24e-06
1406394630	4.24e-06
1406394690	4.23e-06
1406394751	4.23e-06
1406394811	4.23e-06
1406394872	4.22e-06
1406394932	4.21e-06
1406394993	4.21e-06
1406395053	4.2e-06
1406395114	4.21e-06
1406395174	4.2e-06
1406395235	4.2e-06
1406395295	4.19e-06
1406395355	4.18e-06
1406395416	4.17e-06
1406395476	4.16e-06
1406395537	4.15e-06
1406395597	4.14e-06
1406395658	4.14e-06
1406395718	4.13e-06
1406395779	4.12e-06
1406395839	4.12e-06
1406395900	4.11e-06
1406395960	4.11e-06
1406396020	4.11e-06
1406396081	4.1e-06
1406396141	4.1e-06
1406396202	4.1e-06
1406396262	4.11e-06
1406396323	4.1e-06
1406396383	4.09e-06
1406396444	4.09e-06
1406396504	4.09e-06
1406396565	4.08e-06
1406396625	4.08e-06
1406396686	4.07e-06
1406396746	4.06e-06
1406396807	4.06e-06
1406396867	4.06e-06
1406396927	4.06e-06
1406396988	4.05e-06
1406397049	4.04e-06
1406397109	4.04e-06
1406397169	4.04e-06
1406397230	4.02e-06
1406397290	4.02e-06
1406397351	4.01e-06
1406397411	4.01e-06
1406397472	4.01e-06
1406397532	4e-06
1406397593	4.01e-06
1406397653	3.99e-06
1406397714	3.99e-06
1406397774	3.99e-06
1406397835	3.98e-06
1406397895	3.99e-06
1406397956	3.94e-06
1406398016	3.93e-06
1406398077	3.94e-06
1406398137	3.92e-06
1406398198	3.92e-06
1406398258	3.91e-06
1406398319	3.91e-06
1406398379	3.9e-06
1406398440	3.9e-06
1406398500	3.89e-06
1406398560	3.89e-06
1406398621	3.89e-06
1406398681	3.88e-06
1406398742	3.87e-06
1406398802	3.87e-06
1406398863	3.86e-06
1406398923	3.86e-06
1406398984	3.85e-06
1406399044	3.84e-06
1406399105	3.84e-06
1406399165	3.83e-06
1406399226	3.83e-06
1406399286	3.83e-06
1406399347	3.37e-06
1406399407	3.37e-06
1406399468	3.37e-06
1406399528	3.37e-06
1406399589	3.36e-06
1406399649	3.36e-06
1406399710	3.35e-06
1406399770	3.35e-06
1406399830	3.34e-06
1406399891	3.34e-06
1406399951	3.34e-06
1406400012	3.33e-06
1406400072	3.33e-06
1406400133	3.33e-06
1406400193	3.32e-06
1406400254	3.32e-06
1406400314	3.31e-06
1406400375	3.31e-06
1406400435	3.31e-06
1406400496	3.3e-06
1406400556	3.3e-06
1406400617	3.3e-06
1406400677	3.29e-06
1406400738	3.29e-06
1406400798	3.28e-06
1406400858	3.28e-06
1406400919	3.28e-06
1406400979	3.27e-06
1406401040	3.27e-06
1406401100	3.26e-06
1406401161	3.26e-06
1406401221	3.26e-06
1406401282	3.25e-06
1406401342	3.25e-06
1406401403	3.24e-06
1406401463	3.24e-06
1406401523	3.24e-06
1406401584	3.23e-06
1406401644	3.23e-06
1406401705	3.23e-06
1406401765	3.22e-06
1406401826	3.22e-06
1406401886	3.21e-06
1406401947	3.21e-06
1406402007	3.21e-06
1406402068	3.2e-06
1406402128	3.2e-06
1406402189	3.19e-06
1406402249	3.19e-06
1406402309	3.19e-06
1406402370	3.18e-06
1406402430	3.18e-06
1406402491	3.18e-06
1406402551	3.17e-06
1406402612	3.17e-06
1406402672	3.17e-06
1406402733	3.16e-06
1406402793	3.16e-06
1406402854	3.15e-06
1406402914	3.15e-06
1406402975	3.15e-06
1406403035	3.14e-06
1406403096	3.14e-06
1406403156	3.14e-06
1406403217	3.13e-06
1406403277	3.13e-06
1406403338	3.13e-06
1406403398	3.12e-06
1406403458	3.12e-06
1406403519	3.11e-06
1406403579	3.11e-06
1406403640	3.11e-06
1406403700	3.1e-06
1406403761	3.1e-06
1406403821	3.1e-06
1406403882	3.09e-06
1406403942	3.09e-06
1406404003	3.09e-06
1406404063	3.08e-06
1406404124	3.08e-06
1406404184	3.08e-06
1406404245	3.07e-06
1406404305	3.07e-06
1406404365	3.07e-06
1406404426	3.06e-06
1406404486	3.06e-06
1406404547	3.05e-06
1406404607	3.05e-06
1406404668	3.05e-06
1406404728	3.04e-06
1406404789	3.04e-06
1406404849	3.04e-06
1406404910	3.03e-06
1406404970	3.03e-06
1406405031	3.03e-06
1406405091	3.02e-06
1406405151	3.01e-06
1406405212	3.01e-06
1406405272	3.01e-06
1406405333	3e-06
1406405393	3e-06
1406405454	3e-06
1406405514	2.99e-06
1406405575	2.99e-06
1406405635	2.99e-06
1406405696	2.99e-06
1406405756	2.98e-06
1406405817	2.98e-06
1406405877	2.98e-06
1406405938	2.97e-06
1406405998	2.97e-06
1406406058	2.97e-06
1406406119	2.96e-06
1406406179	2.96e-06
1406406240	2.96e-06
1406406300	2.95e-06
1406406361	2.95e-06
1406406421	2.95e-06
1406406482	2.94e-06
1406406542	2.94e-06
1406406603	2.94e-06
1406406663	2.93e-06
1406406724	2.93e-06
1406406784	2.93e-06
1406406845	2.92e-06
1406406905	2.92e-06
1406406966	2.92e-06
1406407026	2.92e-06
1406407086	2.91e-06
1406407147	2.91e-06
1406407207	2.91e-06
1406407268	2.9e-06
1406407328	2.9e-06
1406407389	2.9e-06
1406407449	2.89e-06
1406407510	2.89e-06
1406407570	2.89e-06
1406407631	2.89e-06
1406407691	2.88e-06
1406407752	2.88e-06
1406407812	2.88e-06
1406407873	2.87e-06
1406407933	2.87e-06
1406407993	2.87e-06
1406408054	2.87e-06
1406408114	2.86e-06
1406408175	2.86e-06
1406408235	2.86e-06
1406408296	2.85e-06
1406408356	2.85e-06
1406408417	2.85e-06
1406408477	2.85e-06
1406408538	2.84e-06
1406408598	2.84e-06
1406408659	2.84e-06
1406408719	2.83e-06
1406408780	2.83e-06
1406408840	2.83e-06
1406408900	2.83e-06
1406408961	2.82e-06
1406409021	2.82e-06
1406409082	2.82e-06
1406409142	2.81e-06
1406409203	2.81e-06
1406409263	2.81e-06
1406409324	2.8e-06
1406409384	2.8e-06
1406409445	2.8e-06
1406409505	2.8e-06
1406409566	2.79e-06
1406409626	2.79e-06
1406409687	2.79e-06
1406409747	2.79e-06
1406409808	2.78e-06
1406409868	2.78e-06
1406409929	2.78e-06
1406409989	2.77e-06
1406410050	2.77e-06
1406410110	2.77e-06
1406410171	2.76e-06
1406410231	2.76e-06
1406410292	2.76e-06
1406410352	2.76e-06
1406410413	2.75e-06
1406410473	2.75e-06
1406410533	2.75e-06
1406410594	2.74e-06
1406410654	2.74e-06
1406410715	2.74e-06
1406410775	2.73e-06
1406410836	2.73e-06
1406410896	2.73e-06
1406410957	2.73e-06
1406411017	2.72e-06
1406411078	2.72e-06
1406411138	2.72e-06
1406411199	2.72e-06
1406411259	2.71e-06
1406411319	2.71e-06
1406411380	2.71e-06
1406411440	2.7e-06
1406411501	2.7e-06
1406411562	2.7e-06
1406411622	2.7e-06
1406411683	2.69e-06
1406411743	2.69e-06
1406411803	2.69e-06
1406411864	2.68e-06
1406411924	2.68e-06
1406411985	2.68e-06
1406412045	2.67e-06
1406412106	2.67e-06
1406412166	2.67e-06
1406412227	2.67e-06
1406412287	2.66e-06
1406412348	2.66e-06
1406412408	2.66e-06
1406412469	2.68e-06
1406412529	2.68e-06
1406412589	2.67e-06
1406412650	2.67e-06
1406412710	2.67e-06
1406412771	2.67e-06
1406412831	2.66e-06
1406412892	2.66e-06
1406412952	2.66e-06
1406413013	2.65e-06
1406413073	2.65e-06
1406413134	2.65e-06
1406413194	2.64e-06
1406413255	2.64e-06
1406413315	2.64e-06
1406413376	2.64e-06
1406413436	2.64e-06
1406413497	2.63e-06
1406413557	2.63e-06
1406413618	2.63e-06
1406413678	2.63e-06
1406413739	2.62e-06
1406413799	2.62e-06
1406413860	2.62e-06
1406413920	2.62e-06
1406413981	2.61e-06
1406414041	2.61e-06
1406414102	2.61e-06
1406414162	2.6e-06
1406414222	2.6e-06
1406414283	2.6e-06
1406414343	2.6e-06
1406414404	2.59e-06
1406414464	2.59e-06
1406414525	2.59e-06
1406414585	2.59e-06
1406414646	2.58e-06
1406414706	2.58e-06
1406414767	2.58e-06
1406414827	2.58e-06
1406414888	2.57e-06
1406414948	2.57e-06
1406415009	2.57e-06
1406415069	2.56e-06
1406415130	2.56e-06
1406415190	2.56e-06
1406415250	2.56e-06
1406415311	2.52e-06
1406415371	2.52e-06
1406415432	2.53e-06
1406415492	2.52e-06
1406415553	2.51e-06
1406415613	2.51e-06
1406415674	2.51e-06
1406415734	2.51e-06
1406415795	2.5e-06
1406415855	2.5e-06
1406415916	2.5e-06
1406415976	2.5e-06
1406416036	2.49e-06
1406416097	2.49e-06
1406416157	2.49e-06
1406416218	2.49e-06
1406416278	2.48e-06
1406416339	2.48e-06
1406416399	2.48e-06
1406416460	2.48e-06
1406416520	2.47e-06
1406416581	2.47e-06
1406416641	2.47e-06
1406416701	2.46e-06
1406416762	2.46e-06
1406416822	2.46e-06
1406416883	2.46e-06
1406416943	2.45e-06
1406417004	2.45e-06
1406417064	2.45e-06
1406417125	2.45e-06
1406417185	2.44e-06
1406417246	2.44e-06
1406417307	2.44e-06
1406417367	2.44e-06
1406417428	2.43e-06
1406417488	2.51e-06
1406417549	2.48e-06
1406417609	2.47e-06
1406417669	2.47e-06
1406417730	2.47e-06
1406417790	2.47e-06
1406417851	2.47e-06
1406417911	2.46e-06
1406417972	2.46e-06
1406418032	2.46e-06
1406418093	2.45e-06
1406418153	2.45e-06
1406418214	2.45e-06
1406418274	2.45e-06
1406418335	2.44e-06
1406418395	2.44e-06
1406418456	2.44e-06
1406418516	2.43e-06
1406418577	2.75e-06
1406418637	2.73e-06
1406418698	2.73e-06
1406418758	2.73e-06
1406418818	2.72e-06
1406418879	2.72e-06
1406418939	2.72e-06
1406419000	2.71e-06
1406419060	2.71e-06
1406419121	2.71e-06
1406419181	2.7e-06
1406419242	2.7e-06
1406419302	2.7e-06
1406419363	2.7e-06
1406419423	2.69e-06
1406419484	2.69e-06
1406419544	2.69e-06
1406419605	2.68e-06
1406419665	2.68e-06
1406419726	2.68e-06
1406419786	2.67e-06
1406419846	2.67e-06
1406419907	2.67e-06
1406419967	2.67e-06
1406420028	2.66e-06
1406420088	2.66e-06
1406420149	2.66e-06
1406420209	2.65e-06
1406420270	2.65e-06
1406420330	2.65e-06
1406420390	2.65e-06
1406420451	2.64e-06
1406420511	2.64e-06
1406420572	2.64e-06
1406420632	2.63e-06
1406420693	2.63e-06
1406420753	2.56e-06
1406420814	2.56e-06
1406420874	2.55e-06
1406420935	2.55e-06
1406420995	2.55e-06
1406421056	2.55e-06
1406421116	2.54e-06
1406421177	2.54e-06
1406421237	2.54e-06
1406421298	2.53e-06
1406421358	2.53e-06
1406421419	2.53e-06
1406421479	2.53e-06
1406421540	2.53e-06
1406421600	2.52e-06
1406421661	2.52e-06
1406421721	2.52e-06
1406421781	2.51e-06
1406421842	2.51e-06
1406421902	2.51e-06
1406421963	2.51e-06
1406422023	2.5e-06
1406422084	2.5e-06
1406422144	2.5e-06
1406422205	2.5e-06
1406422265	2.49e-06
1406422326	2.49e-06
1406422386	2.49e-06
1406422447	2.49e-06
1406422507	2.48e-06
1406422567	2.48e-06
1406422628	2.48e-06
1406422688	2.48e-06
1406422749	2.47e-06
1406422809	2.47e-06
1406422870	2.47e-06
1406422930	2.47e-06
1406422991	2.46e-06
1406423051	2.46e-06
1406423112	2.46e-06
1406423172	2.46e-06
1406423232	2.45e-06
1406423293	2.45e-06
1406423353	2.45e-06
1406423414	2.45e-06
1406423474	2.45e-06
1406423535	2.44e-06
1406423595	2.44e-06
1406423656	2.44e-06
1406423716	2.44e-06
1406423777	2.43e-06
1406423837	2.43e-06
1406423898	2.43e-06
1406423958	2.43e-06
1406424019	2.43e-06
1406424079	2.42e-06
1406424140	2.42e-06
1406424200	2.42e-06
1406424261	2.42e-06
1406424321	2.41e-06
1406424381	2.41e-06
1406424442	2.41e-06
1406424502	2.41e-06
1406424563	2.4e-06
1406424623	2.4e-06
1406424684	2.4e-06
1406424744	2.4e-06
1406424805	2.39e-06
1406424865	2.39e-06
1406424926	2.39e-06
1406424986	2.39e-06
1406425047	2.38e-06
1406425107	2.38e-06
1406425168	2.38e-06
1406425228	2.38e-06
1406425289	2.37e-06
1406425349	2.37e-06
1406425410	2.37e-06
1406425470	2.37e-06
1406425531	2.37e-06
1406425591	2.36e-06
1406425651	2.36e-06
1406425712	2.36e-06
1406425772	2.36e-06
1406425833	2.35e-06
1406425893	2.35e-06
1406425954	2.35e-06
1406426014	2.35e-06
1406426075	2.34e-06
1406426135	2.34e-06
1406426196	2.34e-06
1406426256	2.34e-06
1406426317	2.33e-06
1406426377	2.33e-06
1406426438	2.33e-06
1406426498	2.33e-06
1406426559	2.33e-06
1406426619	2.32e-06
1406426680	2.32e-06
1406426740	2.32e-06
1406426800	2.32e-06
1406426861	2.31e-06
1406426921	2.31e-06
1406426982	2.31e-06
1406427042	2.31e-06
1406427103	2.3e-06
1406427163	2.3e-06
1406427224	2.3e-06
1406427284	2.3e-06
1406427345	2.29e-06
1406427405	2.29e-06
1406427466	2.29e-06
1406427526	2.29e-06
1406427586	2.29e-06
1406427647	2.28e-06
1406427707	2.28e-06
1406427768	2.28e-06
1406427828	2.28e-06
1406427889	2.27e-06
1406427949	2.27e-06
1406428010	2.27e-06
1406428070	2.27e-06
1406428131	2.26e-06
1406428191	2.26e-06
1406428252	2.26e-06
1406428312	2.26e-06
1406428373	2.25e-06
1406428433	2.25e-06
1406428493	2.25e-06
1406428554	2.25e-06
1406428615	2.25e-06
1406428675	2.24e-06
1406428735	2.24e-06
1406428796	2.24e-06
1406428856	2.24e-06
1406428917	2.24e-06
1406428977	2.23e-06
1406429038	2.23e-06
1406429098	2.23e-06
1406429159	2.23e-06
1406429219	2.22e-06
1406429280	2.22e-06
1406429340	2.22e-06
1406429401	2.22e-06
1406429461	2.22e-06
1406429522	2.21e-06
1406429582	2.21e-06
1406429642	2.21e-06
1406429703	2.21e-06
1406429763	2.2e-06
1406429824	2.2e-06
1406429884	2.2e-06
1406429945	2.2e-06
1406430005	2.19e-06
1406430066	2.19e-06
1406430126	2.19e-06
1406430187	2.19e-06
1406430247	2.19e-06
1406430308	2.18e-06
1406430368	2.18e-06
1406430429	2.18e-06
1406430489	2.18e-06
1406430550	2.18e-06
1406430610	2.17e-06
1406430670	2.17e-06
1406430731	2.17e-06
1406430791	2.17e-06
1406430852	2.17e-06
1406430912	2.16e-06
1406430973	2.16e-06
1406431033	2.16e-06
1406431094	2.16e-06
1406431154	2.15e-06
1406431215	2.15e-06
1406431275	2.15e-06
1406431336	2.15e-06
1406431396	2.15e-06
1406431457	2.14e-06
1406431517	2.14e-06
1406431578	2.14e-06
1406431638	2.14e-06
1406431699	2.14e-06
1406431759	2.13e-06
1406431820	2.13e-06
1406431880	2.13e-06
1406431941	2.13e-06
1406432001	2.13e-06
1406432062	2.12e-06
1406432122	2.12e-06
1406432183	2.11e-06
1406432243	2.11e-06
1406432304	2.11e-06
1406432364	2.1e-06
1406432425	2.1e-06
1406432485	2.11e-06
1406432546	2.08e-06
1406432606	2.11e-06
1406432667	2.11e-06
1406432727	2.1e-06
1406432788	2.1e-06
1406432848	2.09e-06
1406432909	2.09e-06
1406432969	2.09e-06
1406433029	2.09e-06
1406433090	2.08e-06
1406433150	2.09e-06
1406433211	2.09e-06
1406433271	2.08e-06
1406433332	2.08e-06
1406433392	2.08e-06
1406433453	2.08e-06
1406433513	2.08e-06
1406433574	2.07e-06
1406433634	2.07e-06
1406433694	2.07e-06
1406433755	2.07e-06
1406433815	2.07e-06
1406433876	2.06e-06
1406433936	2.06e-06
1406433997	2.06e-06
1406434057	2.06e-06
1406434118	2.05e-06
1406434178	2.05e-06
1406434239	2.05e-06
1406434299	2.05e-06
1406434360	2.05e-06
1406434420	2.04e-06
1406434480	2.04e-06
1406434541	2.04e-06
1406434601	2.04e-06
1406434662	2.04e-06
1406434722	2.04e-06
1406434783	2.04e-06
1406434843	2.04e-06
1406434904	2.03e-06
1406434964	2.03e-06
1406435025	2.03e-06
1406435085	2.03e-06
1406435146	2.03e-06
1406435206	2.03e-06
1406435267	2.02e-06
1406435327	2.02e-06
1406435387	2.02e-06
1406435448	2.02e-06
1406435508	2.01e-06
1406435569	2.01e-06
1406435629	2.01e-06
1406435690	2.01e-06
1406435750	2.01e-06
1406435811	2e-06
1406435871	2e-06
1406435932	2e-06
1406435992	2e-06
1406436053	2e-06
1406436113	2e-06
1406436174	2e-06
1406436234	2e-06
1406436294	2e-06
1406436355	2e-06
1406436415	2e-06
1406436476	1.99e-06
1406436536	1.99e-06
1406436597	1.99e-06
1406436657	1.99e-06
1406436718	1.99e-06
1406436778	1.99e-06
1406436839	1.98e-06
1406436899	1.98e-06
1406436960	1.98e-06
1406437020	1.98e-06
1406437081	1.98e-06
1406437141	1.97e-06
1406437201	1.97e-06
1406437262	1.86e-06
1406437322	1.85e-06
1406437383	1.85e-06
1406437443	1.92e-06
1406437504	1.95e-06
1406437564	1.91e-06
1406437625	1.91e-06
1406437685	1.91e-06
1406437746	1.9e-06
1406437806	1.9e-06
1406437867	1.91e-06
1406437927	1.9e-06
1406437988	1.97e-06
1406438048	1.95e-06
1406438109	1.95e-06
1406438169	1.94e-06
1406438229	1.94e-06
1406438290	1.93e-06
1406438350	1.93e-06
1406438411	1.93e-06
1406438471	1.93e-06
1406438532	1.93e-06
1406438592	1.93e-06
1406438653	1.93e-06
1406438713	1.92e-06
1406438774	1.92e-06
1406438834	1.92e-06
1406438895	1.92e-06
1406438955	1.92e-06
1406439016	1.91e-06
1406439076	1.9e-06
1406439137	2e-06
1406439197	2.02e-06
1406439258	2.01e-06
1406439318	2e-06
1406439378	1.99e-06
1406439439	1.98e-06
1406439499	1.98e-06
1406439560	1.98e-06
1406439620	1.97e-06
1406439681	1.97e-06
1406439741	1.97e-06
1406439802	1.97e-06
1406439862	1.97e-06
1406439923	1.97e-06
1406439983	1.97e-06
1406440044	1.96e-06
1406440104	1.96e-06
1406440165	1.96e-06
1406440225	1.96e-06
1406440286	1.95e-06
1406440346	1.95e-06
1406440407	1.95e-06
1406440467	1.95e-06
1406440528	1.95e-06
1406440588	1.94e-06
1406440648	1.94e-06
1406440709	1.94e-06
1406440770	1.94e-06
1406440830	1.94e-06
1406440890	1.93e-06
1406440951	1.93e-06
1406441011	1.93e-06
1406441072	1.93e-06
1406441132	1.93e-06
1406441193	1.93e-06
1406441253	1.92e-06
1406441314	1.92e-06
1406441374	1.92e-06
1406441435	1.92e-06
1406441495	1.92e-06
1406441556	1.92e-06
1406441616	1.91e-06
1406441677	1.91e-06
1406441737	1.91e-06
1406441798	1.91e-06
1406441858	1.91e-06
1406441918	1.9e-06
1406441979	1.9e-06
1406442039	1.9e-06
1406442100	1.9e-06
1406442160	1.9e-06
1406442221	1.9e-06
1406442281	1.89e-06
1406442342	1.89e-06
1406442402	1.89e-06
1406442463	1.89e-06
1406442523	1.89e-06
1406442584	1.89e-06
1406442644	1.89e-06
1406442705	1.88e-06
1406442765	1.88e-06
1406442826	1.88e-06
1406442886	1.88e-06
1406442946	1.88e-06
1406443007	1.88e-06
1406443067	1.87e-06
1406443128	1.87e-06
1406443188	1.87e-06
1406443249	1.87e-06
1406443309	1.87e-06
1406443370	1.87e-06
1406443430	1.86e-06
1406443491	1.86e-06
1406443551	1.86e-06
1406443612	1.86e-06
1406443672	1.86e-06
1406443733	1.86e-06
1406443793	1.85e-06
1406443854	1.85e-06
1406443914	1.85e-06
1406443975	1.85e-06
1406444035	1.85e-06
1406444096	1.85e-06
1406444156	1.85e-06
1406444216	1.84e-06
1406444277	1.84e-06
1406444337	1.84e-06
1406444398	1.84e-06
1406444458	1.84e-06
1406444519	1.84e-06
1406444579	1.84e-06
1406444640	1.83e-06
1406444700	1.83e-06
1406444761	1.83e-06
1406444821	1.83e-06
1406444882	1.83e-06
1406444942	1.83e-06
1406445003	1.82e-06
1406445063	1.82e-06
1406445124	1.82e-06
1406445184	1.82e-06
1406445245	1.82e-06
1406445305	1.82e-06
1406445366	1.82e-06
1406445426	1.81e-06
1406445486	1.81e-06
1406445547	1.81e-06
1406445607	1.81e-06
1406445668	1.81e-06
1406445728	1.81e-06
1406445789	1.81e-06
1406445849	1.81e-06
1406445910	1.8e-06
1406445970	1.8e-06
1406446031	1.8e-06
1406446091	1.8e-06
1406446152	1.8e-06
1406446212	1.8e-06
1406446273	1.8e-06
1406446333	1.79e-06
1406446394	1.79e-06
1406446454	1.79e-06
1406446515	1.79e-06
1406446575	1.79e-06
1406446635	1.79e-06
1406446696	1.79e-06
1406446756	1.78e-06
1406446817	1.78e-06
1406446877	1.78e-06
1406446938	1.78e-06
1406446998	1.78e-06
1406447059	1.78e-06
1406447119	1.78e-06
1406447180	1.77e-06
1406447240	1.77e-06
1406447301	1.76e-06
1406447361	1.76e-06
1406447422	1.76e-06
1406447482	1.76e-06
1406447543	1.75e-06
1406447603	1.75e-06
1406447664	1.75e-06
1406447724	1.75e-06
1406447784	1.75e-06
1406447845	1.75e-06
1406447905	1.75e-06
1406447966	1.74e-06
1406448026	1.74e-06
1406448087	1.74e-06
1406448147	1.74e-06
1406448208	1.74e-06
1406448268	1.74e-06
1406448329	1.74e-06
1406448389	1.73e-06
1406448450	1.73e-06
1406448510	1.73e-06
1406448570	1.73e-06
1406448631	1.73e-06
1406448692	1.73e-06
1406448752	1.73e-06
1406448812	1.73e-06
1406448873	1.72e-06
1406448933	1.72e-06
1406448994	1.72e-06
1406449054	1.72e-06
1406449115	1.72e-06
1406449175	1.72e-06
1406449236	1.72e-06
1406449296	1.71e-06
1406449357	1.71e-06
1406449417	1.71e-06
1406449478	1.71e-06
1406449538	1.71e-06
1406449599	1.71e-06
1406449659	1.7e-06
1406449720	1.7e-06
1406449780	1.7e-06
1406449841	1.7e-06
1406449901	1.7e-06
1406449962	1.7e-06
1406450022	1.7e-06
1406450083	1.7e-06
1406450143	1.69e-06
1406450204	1.69e-06
1406450264	1.69e-06
1406450325	1.69e-06
1406450385	1.69e-06
1406450445	1.69e-06
1406450506	1.69e-06
1406450566	1.68e-06
1406450627	1.68e-06
1406450687	1.68e-06
1406450748	1.68e-06
1406450808	1.68e-06
1406450869	1.68e-06
1406450929	1.68e-06
1406450990	1.67e-06
1406451050	1.67e-06
1406451111	1.67e-06
1406451171	1.67e-06
1406451232	1.72e-06
1406451292	1.68e-06
1406451353	1.68e-06
1406451413	1.68e-06
1406451474	1.68e-06
1406451534	1.68e-06
1406451594	1.69e-06
1406451655	1.68e-06
1406451715	1.68e-06
1406451776	1.67e-06
1406451836	1.67e-06
1406451897	1.67e-06
1406451957	1.67e-06
1406452018	1.67e-06
1406452078	1.67e-06
1406452139	1.67e-06
1406452199	1.67e-06
1406452260	1.66e-06
1406452320	1.66e-06
1406452381	1.66e-06
1406452441	1.66e-06
1406452502	1.66e-06
1406452562	1.66e-06
1406452623	1.66e-06
1406452683	1.68e-06
1406452743	1.68e-06
1406452804	1.67e-06
1406452864	1.67e-06
1406452925	1.67e-06
1406452985	1.67e-06
1406453046	1.76e-06
1406453106	1.75e-06
1406453167	1.74e-06
1406453227	1.74e-06
1406453288	1.73e-06
1406453348	1.73e-06
1406453408	1.73e-06
1406453469	1.73e-06
1406453529	1.72e-06
1406453590	1.73e-06
1406453651	1.72e-06
1406453711	1.72e-06
1406453772	1.72e-06
1406453832	1.71e-06
1406453892	1.72e-06
1406453953	1.71e-06
1406454013	1.71e-06
1406454074	1.71e-06
1406454134	1.7e-06
1406454195	1.7e-06
1406454255	1.7e-06
1406454316	1.7e-06
1406454376	1.7e-06
1406454436	1.7e-06
1406454497	1.7e-06
1406454557	1.69e-06
1406454618	1.69e-06
1406454678	1.69e-06
1406454739	1.69e-06
1406454799	1.69e-06
1406454860	1.69e-06
1406454920	1.69e-06
1406454981	1.69e-06
1406455041	1.68e-06
1406455102	1.68e-06
1406455162	1.68e-06
1406455223	1.68e-06
1406455284	1.68e-06
1406455344	1.68e-06
1406455404	1.67e-06
1406455465	1.67e-06
1406455526	1.67e-06
1406455586	1.67e-06
1406455647	1.67e-06
1406455707	1.67e-06
1406455768	1.66e-06
1406455828	1.66e-06
1406455889	1.66e-06
1406455949	1.66e-06
1406456010	1.65e-06
1406456070	1.63e-06
1406456131	1.63e-06
1406456191	1.62e-06
1406456252	1.62e-06
1406456312	1.62e-06
1406456372	1.61e-06
1406456433	1.61e-06
1406456493	1.61e-06
1406456554	1.61e-06
1406456614	1.6e-06
1406456675	1.6e-06
1406456735	1.6e-06
1406456796	1.6e-06
1406456856	1.6e-06
1406456917	1.58e-06
1406456977	1.58e-06
1406457038	1.57e-06
1406457098	1.57e-06
1406457159	1.57e-06
1406457219	1.57e-06
1406457280	1.57e-06
1406457340	1.57e-06
1406457401	1.57e-06
1406457461	1.57e-06
1406457522	1.57e-06
1406457582	1.56e-06
1406457643	1.56e-06
1406457703	1.56e-06
1406457764	1.56e-06
1406457824	1.56e-06
1406457885	1.56e-06
1406457945	1.55e-06
1406458006	1.55e-06
1406458066	1.55e-06
1406458127	1.55e-06
1406458187	1.55e-06
1406458248	1.55e-06
1406458308	1.55e-06
1406458369	1.55e-06
1406458429	1.54e-06
1406458490	1.54e-06
1406458550	1.54e-06
1406458611	1.54e-06
1406458671	1.54e-06
1406458731	1.54e-06
1406458792	1.54e-06
1406458852	1.54e-06
1406458913	1.54e-06
1406458973	1.54e-06
1406459034	1.53e-06
1406459094	1.53e-06
1406459155	1.53e-06
1406459215	1.53e-06
1406459276	1.53e-06
1406459336	1.53e-06
1406459397	1.53e-06
1406459457	1.53e-06
1406459518	1.53e-06
1406459578	1.53e-06
1406459638	1.53e-06
1406459699	1.52e-06
1406459759	1.52e-06
1406459820	1.52e-06
1406459880	1.52e-06
1406459941	1.52e-06
1406460001	1.52e-06
1406460062	1.52e-06
1406460122	1.52e-06
1406460183	1.52e-06
1406460243	1.52e-06
1406460304	1.51e-06
1406460364	1.52e-06
1406460424	1.51e-06
1406460485	1.51e-06
1406460545	1.51e-06
1406460606	1.51e-06
1406460667	1.51e-06
1406460727	1.51e-06
1406460787	1.51e-06
1406460848	1.51e-06
1406460908	1.51e-06
1406460969	1.5e-06
1406461030	1.5e-06
1406461090	1.5e-06
1406461151	1.5e-06
1406461211	1.5e-06
1406461272	1.5e-06
1406461332	1.5e-06
1406461392	1.5e-06
1406461453	1.5e-06
1406461513	1.5e-06
1406461574	1.49e-06
1406461634	1.49e-06
1406461695	1.49e-06
1406461755	1.49e-06
1406461816	1.49e-06
1406461876	1.49e-06
1406461937	1.49e-06
1406461997	1.49e-06
1406462058	1.49e-06
1406462118	1.49e-06
1406462179	1.49e-06
1406462239	1.49e-06
1406462299	1.48e-06
1406462360	1.48e-06
1406462420	1.48e-06
1406462481	1.48e-06
1406462541	1.48e-06
1406462602	1.48e-06
1406462662	1.48e-06
1406462723	1.48e-06
1406462784	1.48e-06
1406462844	1.48e-06
1406462904	1.48e-06
1406462965	1.48e-06
1406463026	1.47e-06
1406463086	1.47e-06
1406463146	1.47e-06
1406463207	1.47e-06
1406463267	1.47e-06
1406463328	1.47e-06
1406463388	1.47e-06
1406463449	1.47e-06
1406463509	1.47e-06
1406463570	1.47e-06
1406463630	1.47e-06
1406463691	1.47e-06
1406463751	1.47e-06
1406463812	1.46e-06
1406463872	1.46e-06
1406463933	1.46e-06
1406463993	1.46e-06
1406464054	1.46e-06
1406464114	1.46e-06
1406464174	1.46e-06
1406464235	1.46e-06
1406464295	1.46e-06
1406464356	1.46e-06
1406464416	1.46e-06
1406464477	1.46e-06
1406464538	1.45e-06
1406464598	1.45e-06
1406464659	1.45e-06
1406464719	1.45e-06
1406464780	1.45e-06
1406464840	1.45e-06
1406464900	1.45e-06
1406464961	1.45e-06
1406465021	1.45e-06
1406465082	1.45e-06
1406465142	1.45e-06
1406465203	1.45e-06
1406465263	1.45e-06
1406465324	1.44e-06
1406465384	1.44e-06
1406465445	1.44e-06
1406465505	1.44e-06
1406465566	1.44e-06
1406465626	1.44e-06
1406465687	1.44e-06
1406465747	1.44e-06
1406465808	1.44e-06
1406465868	1.44e-06
1406465929	1.44e-06
1406465989	1.44e-06
1406466050	1.44e-06
1406466110	1.43e-06
1406466170	1.43e-06
1406466231	1.43e-06
1406466291	1.43e-06
1406466352	1.43e-06
1406466412	1.43e-06
1406466473	1.43e-06
1406466533	1.43e-06
1406466594	1.43e-06
1406466654	1.43e-06
1406466714	1.43e-06
1406466775	1.43e-06
1406466836	1.43e-06
1406466896	1.42e-06
1406466957	1.42e-06
1406467017	1.42e-06
1406467077	1.42e-06
1406467138	1.42e-06
1406467198	1.42e-06
1406467259	1.42e-06
1406467319	1.42e-06
1406467380	1.42e-06
1406467440	1.41e-06
1406467501	1.41e-06
1406467561	1.41e-06
1406467622	1.41e-06
1406467682	1.41e-06
1406467742	1.41e-06
1406467803	1.41e-06
1406467863	1.41e-06
1406467924	1.41e-06
1406467984	1.41e-06
1406468045	1.41e-06
1406468105	1.4e-06
1406468166	1.4e-06
1406468226	1.4e-06
1406468287	1.4e-06
1406468347	1.4e-06
1406468408	1.4e-06
1406468468	1.4e-06
1406468529	1.4e-06
1406468589	1.4e-06
1406468649	1.4e-06
1406468710	1.4e-06
1406468770	1.4e-06
1406468831	1.4e-06
1406468891	1.4e-06
1406468952	1.4e-06
1406469012	1.41e-06
1406469073	1.4e-06
1406469133	1.41e-06
1406469194	1.4e-06
1406469254	1.4e-06
1406469315	1.4e-06
1406469375	1.4e-06
1406469436	1.4e-06
1406469496	1.4e-06
1406469556	1.4e-06
1406469617	1.4e-06
1406469677	1.4e-06
1406469738	1.4e-06
1406469798	1.4e-06
1406469859	1.4e-06
1406469919	1.4e-06
1406469980	1.39e-06
1406470040	1.39e-06
1406470100	1.39e-06
1406470161	1.39e-06
1406470221	1.39e-06
1406470282	1.39e-06
1406470342	1.38e-06
1406470403	1.38e-06
1406470463	1.38e-06
1406470524	1.38e-06
1406470584	1.38e-06
1406470645	1.38e-06
1406470705	1.38e-06
1406470766	1.38e-06
1406470826	1.38e-06
1406470887	1.38e-06
1406470947	1.38e-06
1406471008	1.38e-06
1406471068	1.38e-06
1406471129	1.37e-06
1406471189	1.37e-06
1406471250	1.37e-06
1406471310	1.37e-06
1406471371	1.37e-06
1406471431	1.37e-06
1406471492	1.37e-06
1406471552	1.37e-06
1406471613	1.37e-06
1406471673	1.37e-06
1406471734	1.37e-06
1406471794	1.37e-06
1406471854	1.37e-06
1406471915	1.37e-06
1406471976	1.36e-06
1406472036	1.36e-06
1406472096	1.36e-06
1406472157	1.36e-06
1406472218	1.36e-06
1406472278	1.36e-06
1406472339	1.36e-06
1406472399	1.36e-06
1406472460	1.36e-06
1406472520	1.36e-06
1406472580	1.36e-06
1406472641	1.35e-06
1406472701	1.35e-06
1406472762	1.35e-06
1406472822	1.35e-06
1406472883	1.35e-06
1406472943	1.35e-06
1406473004	1.35e-06
1406473064	1.35e-06
1406473125	1.35e-06
1406473185	1.35e-06
1406473246	1.35e-06
1406473306	1.35e-06
1406473367	1.35e-06
1406473427	1.34e-06
1406473488	1.34e-06
1406473548	1.34e-06
1406473609	1.34e-06
1406473669	1.34e-06
1406473730	1.34e-06
1406473790	1.34e-06
1406473851	1.34e-06
1406473911	1.34e-06
1406473972	1.34e-06
1406474032	1.34e-06
1406474093	1.34e-06
1406474153	1.34e-06
1406474214	1.34e-06
1406474274	1.34e-06
1406474335	1.34e-06
1406474395	1.33e-06
1406474456	1.33e-06
1406474516	1.33e-06
1406474577	1.33e-06
1406474637	1.33e-06
1406474698	1.33e-06
1406474758	1.33e-06
1406474818	1.33e-06
1406474879	1.33e-06
1406474939	1.33e-06
1406475000	1.33e-06
1406475060	1.33e-06
1406475121	1.33e-06
1406475181	1.33e-06
1406475242	1.33e-06
1406475302	1.33e-06
1406475363	1.32e-06
1406475423	1.32e-06
1406475484	1.32e-06
1406475544	1.32e-06
1406475605	1.32e-06
1406475665	1.32e-06
1406475726	1.32e-06
1406475786	1.32e-06
1406475847	1.33e-06
1406475907	1.32e-06
1406475967	1.32e-06
1406476028	1.32e-06
1406476088	1.32e-06
1406476149	1.32e-06
1406476209	1.32e-06
1406476270	1.32e-06
1406476330	1.32e-06
1406476391	1.32e-06
1406476451	1.32e-06
1406476512	1.32e-06
1406476572	1.32e-06
1406476632	1.32e-06
1406476693	1.32e-06
1406476753	1.32e-06
1406476814	1.31e-06
1406476874	1.31e-06
1406476935	1.31e-06
1406476995	1.31e-06
1406477056	1.31e-06
1406477116	1.31e-06
1406477177	1.31e-06
1406477237	1.31e-06
1406477298	1.31e-06
1406477358	1.31e-06
1406477419	1.31e-06
1406477479	1.32e-06
1406477540	1.31e-06
1406477600	1.3e-06
1406477660	1.3e-06
1406477721	1.3e-06
1406477781	1.3e-06
1406477842	1.3e-06
1406477902	1.3e-06
1406477963	1.3e-06
1406478023	1.3e-06
1406478084	1.3e-06
1406478144	1.3e-06
1406478205	1.3e-06
1406478265	1.3e-06
1406478326	1.3e-06
1406478386	1.3e-06
1406478447	1.3e-06
1406478507	1.3e-06
1406478568	1.3e-06
1406478628	1.3e-06
1406478689	1.3e-06
1406478749	1.3e-06
1406478810	1.29e-06
1406478870	1.29e-06
1406478931	1.29e-06
1406478991	1.29e-06
1406479051	1.29e-06
1406479112	1.29e-06
1406479172	1.29e-06
1406479233	1.29e-06
1406479293	1.29e-06
1406479354	1.29e-06
1406479414	1.29e-06
1406479475	1.29e-06
1406479535	1.29e-06
1406479596	1.29e-06
1406479656	1.29e-06
1406479717	1.29e-06
1406479777	1.29e-06
1406479838	1.29e-06
1406479898	1.29e-06
1406479959	1.29e-06
1406480019	1.29e-06
1406480079	1.29e-06
1406480140	1.29e-06
1406480200	1.29e-06
1406480261	1.29e-06
1406480321	1.28e-06
1406480382	1.28e-06
1406480442	1.28e-06
1406480503	1.3e-06
1406480563	1.28e-06
1406480624	1.28e-06
1406480684	1.28e-06
1406480745	1.28e-06
1406480805	1.28e-06
1406480866	1.28e-06
1406480926	1.28e-06
1406480987	1.97e-06
1406481047	1.3e-06
1406481108	1.35e-06
1406481168	1.29e-06
1406481229	1.29e-06
1406481289	1.28e-06
1406481350	1.28e-06
1406481410	1.28e-06
1406481471	1.28e-06
1406481531	1.28e-06
1406481592	1.27e-06
1406481652	1.27e-06
1406481713	1.27e-06
1406481773	1.27e-06
1406481833	1.27e-06
1406481894	1.27e-06
1406481954	1.27e-06
1406482015	1.27e-06
1406482075	1.27e-06
1406482136	1.27e-06
1406482196	1.26e-06
1406482257	1.26e-06
1406482317	1.26e-06
1406482378	1.26e-06
1406482438	1.26e-06
1406482499	1.26e-06
1406482559	1.26e-06
1406482619	1.26e-06
1406482680	1.26e-06
1406482740	1.26e-06
1406482801	1.26e-06
1406482861	1.26e-06
1406482922	1.26e-06
1406482982	1.26e-06
1406483043	1.26e-06
1406483103	1.26e-06
1406483164	1.25e-06
1406483224	1.25e-06
1406483285	1.25e-06
1406483345	1.25e-06
1406483406	1.25e-06
1406483466	1.25e-06
1406483527	1.25e-06
1406483587	1.25e-06
1406483647	1.25e-06
1406483708	1.25e-06
1406483768	1.25e-06
1406483829	1.25e-06
1406483889	1.25e-06
1406483950	1.25e-06
1406484010	1.25e-06
1406484071	1.25e-06
1406484131	1.25e-06
1406484192	1.25e-06
1406484252	1.25e-06
1406484312	1.25e-06
1406484373	1.25e-06
1406484433	1.25e-06
1406484494	1.25e-06
1406484554	1.24e-06
1406484615	1.24e-06
1406484675	1.24e-06
1406484736	1.24e-06
1406484796	1.24e-06
1406484857	1.24e-06
1406484917	1.24e-06
1406484978	1.24e-06
1406485038	1.24e-06
1406485099	1.24e-06
1406485159	1.24e-06
1406485220	1.24e-06
1406485280	1.24e-06
1406485341	1.24e-06
1406485401	1.24e-06
1406485462	1.24e-06
1406485522	1.24e-06
1406485583	1.24e-06
1406485643	1.24e-06
1406485703	1.24e-06
1406485764	1.24e-06
1406485824	1.23e-06
1406485885	1.23e-06
1406485945	1.23e-06
1406486006	1.23e-06
1406486066	1.23e-06
1406486127	1.23e-06
1406486187	1.23e-06
1406486248	1.23e-06
1406486308	1.23e-06
1406486369	1.23e-06
1406486429	1.23e-06
1406486490	1.23e-06
1406486550	1.23e-06
1406486611	1.23e-06
1406486671	1.23e-06
1406486732	1.23e-06
1406486792	1.23e-06
1406486852	1.23e-06
1406486913	1.23e-06
1406486973	1.23e-06
1406487034	1.23e-06
1406487094	1.23e-06
1406487155	1.23e-06
1406487215	1.23e-06
1406487276	1.23e-06
1406487336	1.23e-06
1406487397	1.22e-06
1406487457	1.22e-06
1406487517	1.22e-06
1406487578	1.22e-06
1406487638	1.22e-06
1406487699	1.22e-06
1406487759	1.22e-06
1406487820	1.22e-06
1406487880	1.22e-06
1406487941	1.22e-06
1406488001	1.22e-06
1406488062	1.22e-06
1406488122	1.22e-06
1406488183	1.22e-06
1406488243	1.22e-06
1406488304	1.22e-06
1406488364	1.22e-06
1406488425	1.22e-06
1406488485	1.22e-06
1406488546	1.22e-06
1406488606	1.22e-06
1406488667	1.22e-06
1406488727	1.22e-06
1406488788	1.22e-06
1406488848	1.22e-06
1406488909	1.22e-06
1406488969	1.22e-06
1406489030	1.22e-06
1406489090	1.22e-06
1406489150	1.22e-06
1406489211	1.34e-06
1406489271	1.31e-06
1406489332	1.3e-06
1406489392	1.3e-06
1406489453	1.29e-06
1406489513	1.29e-06
1406489574	1.28e-06
1406489634	1.28e-06
1406489695	1.28e-06
1406489755	1.27e-06
1406489816	1.27e-06
1406489876	1.27e-06
1406489937	1.27e-06
1406489997	1.27e-06
1406490058	1.27e-06
1406490118	1.26e-06
1406490179	1.27e-06
1406490239	1.26e-06
1406490299	1.26e-06
1406490360	1.32e-06
1406490420	1.32e-06
1406490481	1.32e-06
1406490541	1.32e-06
1406490602	1.32e-06
1406490662	1.32e-06
1406490723	1.32e-06
1406490783	1.32e-06
1406490844	1.32e-06
1406490904	1.32e-06
1406490964	1.32e-06
1406491025	1.32e-06
1406491085	1.32e-06
1406491146	1.32e-06
1406491206	1.32e-06
1406491267	1.32e-06
1406491327	1.32e-06
1406491388	1.32e-06
1406491448	1.31e-06
1406491509	1.31e-06
1406491569	1.31e-06
1406491630	1.31e-06
1406491690	1.31e-06
1406491751	1.31e-06
1406491811	1.31e-06
1406491872	1.31e-06
1406491932	1.31e-06
1406491993	1.31e-06
1406492053	1.31e-06
1406492114	1.31e-06
1406492174	1.31e-06
1406492234	1.31e-06
1406492295	1.31e-06
1406492355	1.31e-06
1406492416	1.31e-06
1406492476	1.31e-06
1406492537	1.31e-06
1406492597	1.31e-06
1406492658	1.31e-06
1406492718	1.31e-06
1406492779	1.31e-06
1406492839	1.31e-06
1406492900	1.3e-06
1406492960	1.31e-06
1406493021	1.31e-06
1406493081	1.31e-06
1406493141	1.3e-06
1406493202	1.3e-06
1406493262	1.3e-06
1406493323	1.22e-06
1406493383	1.2e-06
1406493444	1.2e-06
1406493504	1.2e-06
1406493565	1.2e-06
1406493625	1.2e-06
1406493686	1.2e-06
1406493746	1.2e-06
1406493807	1.2e-06
1406493867	1.2e-06
1406493927	1.2e-06
1406493988	1.2e-06
1406494048	1.2e-06
1406494109	1.31e-06
1406494169	1.31e-06
1406494230	1.31e-06
1406494290	1.31e-06
1406494351	1.31e-06
1406494411	1.3e-06
1406494472	1.3e-06
1406494532	1.3e-06
1406494593	1.3e-06
1406494653	1.3e-06
1406494714	1.3e-06
1406494774	1.3e-06
1406494835	1.3e-06
1406494895	1.3e-06
1406494956	1.3e-06
1406495016	1.3e-06
1406495077	1.31e-06
1406495137	1.3e-06
1406495197	1.3e-06
1406495258	1.3e-06
1406495318	1.3e-06
1406495379	1.3e-06
1406495439	1.3e-06
1406495500	1.3e-06
1406495560	1.3e-06
1406495621	1.3e-06
1406495681	1.3e-06
1406495742	1.3e-06
1406495802	1.3e-06
1406495863	1.3e-06
1406495923	1.3e-06
1406495984	1.3e-06
1406496044	1.3e-06
1406496105	1.3e-06
1406496165	1.3e-06
1406496226	1.3e-06
1406496286	1.3e-06
1406496346	1.3e-06
1406496407	1.3e-06
1406496467	1.3e-06
1406496528	1.3e-06
1406496588	1.29e-06
1406496649	1.29e-06
1406496709	1.29e-06
1406496770	1.29e-06
1406496830	1.29e-06
1406496891	1.29e-06
1406496951	1.29e-06
1406497012	1.29e-06
1406497072	1.29e-06
1406497133	1.29e-06
1406497193	1.29e-06
1406497254	1.29e-06
1406497314	1.29e-06
1406497374	1.29e-06
1406497435	1.29e-06
1406497495	1.29e-06
1406497556	1.29e-06
1406497616	1.29e-06
1406497677	1.29e-06
1406497737	1.29e-06
1406497798	1.29e-06
1406497858	1.29e-06
1406497919	1.29e-06
1406497979	1.29e-06
1406498040	1.29e-06
1406498100	1.29e-06
1406498161	1.29e-06
1406498221	1.29e-06
1406498282	1.29e-06
1406498342	1.29e-06
1406498403	1.28e-06
1406498463	1.28e-06
1406498524	1.28e-06
1406498584	1.28e-06
1406498644	1.28e-06
1406498705	1.28e-06
1406498765	1.28e-06
1406498826	1.28e-06
1406498886	1.28e-06
1406498947	1.28e-06
1406499007	1.28e-06
1406499068	1.28e-06
1406499128	1.28e-06
1406499189	1.28e-06
1406499249	1.28e-06
1406499310	1.28e-06
1406499370	1.28e-06
1406499431	1.28e-06
1406499491	1.28e-06
1406499552	1.28e-06
1406499612	1.28e-06
1406499673	1.28e-06
1406499733	1.27e-06
1406499793	1.27e-06
1406499854	1.27e-06
1406499914	1.27e-06
1406499975	1.27e-06
1406500035	1.27e-06
1406500096	1.27e-06
1406500156	1.27e-06
1406500217	1.27e-06
1406500277	1.27e-06
1406500338	1.27e-06
1406500398	1.27e-06
1406500459	1.27e-06
1406500519	1.27e-06
1406500580	1.27e-06
1406500640	1.27e-06
1406500701	1.27e-06
1406500761	1.27e-06
1406500821	1.27e-06
1406500882	1.27e-06
1406500942	1.27e-06
1406501003	1.27e-06
1406501063	1.27e-06
1406501124	1.27e-06
1406501184	1.26e-06
1406501245	1.26e-06
1406501305	1.26e-06
1406501366	1.26e-06
1406501426	1.26e-06
1406501487	1.26e-06
1406501547	1.26e-06
1406501608	1.26e-06
1406501668	1.26e-06
1406501729	1.26e-06
1406501789	1.26e-06
1406501850	1.26e-06
1406501910	1.26e-06
1406501970	1.26e-06
1406502031	1.26e-06
1406502091	1.26e-06
1406502152	1.26e-06
1406502212	1.26e-06
1406502273	1.26e-06
1406502333	1.26e-06
1406502394	1.26e-06
1406502454	1.26e-06
1406502515	1.25e-06
1406502575	1.25e-06
1406502636	1.25e-06
1406502696	1.25e-06
1406502757	1.25e-06
1406502817	1.25e-06
1406502878	1.25e-06
1406502938	1.25e-06
1406502999	1.25e-06
1406503059	1.25e-06
1406503119	1.25e-06
1406503180	1.25e-06
1406503240	1.25e-06
1406503301	1.25e-06
1406503361	1.25e-06
1406503422	1.25e-06
1406503482	1.25e-06
1406503543	1.25e-06
1406503603	1.25e-06
1406503664	1.25e-06
1406503724	1.25e-06
1406503784	1.25e-06
1406503845	1.24e-06
1406503905	1.24e-06
1406503966	1.24e-06
1406504026	1.24e-06
1406504087	1.24e-06
1406504147	1.24e-06
1406504208	1.24e-06
1406504268	1.24e-06
1406504329	1.24e-06
1406504389	1.24e-06
1406504450	1.25e-06
1406504510	1.24e-06
1406504571	1.24e-06
1406504631	1.24e-06
1406504692	1.24e-06
1406504752	1.24e-06
1406504813	1.24e-06
1406504873	1.24e-06
1406504934	1.24e-06
1406504994	1.23e-06
1406505054	1.23e-06
1406505115	1.23e-06
1406505175	1.23e-06
1406505236	1.23e-06
1406505296	1.23e-06
1406505357	1.23e-06
1406505417	1.23e-06
1406505478	1.23e-06
1406505538	1.23e-06
1406505599	1.23e-06
1406505659	1.23e-06
1406505720	1.23e-06
1406505780	1.23e-06
1406505841	1.23e-06
1406505901	1.23e-06
1406505962	1.23e-06
1406506022	1.23e-06
1406506082	1.23e-06
1406506143	1.23e-06
1406506203	1.23e-06
1406506264	1.22e-06
1406506324	1.22e-06
1406506385	1.22e-06
1406506445	1.22e-06
1406506506	1.22e-06
1406506566	1.22e-06
1406506627	1.22e-06
1406506687	1.22e-06
1406506748	1.22e-06
1406506808	1.22e-06
1406506869	1.22e-06
1406506929	1.22e-06
1406506989	1.22e-06
1406507050	1.22e-06
1406507110	1.22e-06
1406507171	1.22e-06
1406507231	1.22e-06
1406507292	1.22e-06
1406507352	1.22e-06
1406507413	1.22e-06
1406507473	1.22e-06
1406507534	1.22e-06
1406507594	1.21e-06
1406507655	1.21e-06
1406507715	1.21e-06
1406507776	1.21e-06
1406507836	1.21e-06
1406507897	1.21e-06
1406507957	1.21e-06
1406508017	1.21e-06
1406508078	1.21e-06
1406508138	1.21e-06
1406508199	1.21e-06
1406508259	1.21e-06
1406508320	1.21e-06
1406508380	1.21e-06
1406508441	1.21e-06
1406508501	1.21e-06
1406508562	1.21e-06
1406508622	1.21e-06
1406508683	1.2e-06
1406508743	1.21e-06
1406508804	1.2e-06
1406508864	1.2e-06
1406508925	1.2e-06
1406508985	1.2e-06
1406509046	1.2e-06
1406509106	1.2e-06
1406509167	1.2e-06
1406509227	1.2e-06
1406509288	1.2e-06
1406509348	1.2e-06
1406509409	1.2e-06
1406509469	1.2e-06
1406509529	1.2e-06
1406509590	1.2e-06
1406509650	1.2e-06
1406509711	1.2e-06
1406509772	1.2e-06
1406509832	1.2e-06
1406509892	1.19e-06
1406509953	1.19e-06
1406510013	1.19e-06
1406510074	1.19e-06
1406510134	1.19e-06
1406510195	1.19e-06
1406510255	1.19e-06
1406510316	1.19e-06
1406510376	1.19e-06
1406510437	1.19e-06
1406510497	1.19e-06
1406510558	1.19e-06
1406510618	1.19e-06
1406510679	1.19e-06
1406510739	1.19e-06
1406510800	1.19e-06
1406510860	1.19e-06
1406510920	1.18e-06
1406510981	1.18e-06
1406511041	1.18e-06
1406511102	1.18e-06
1406511162	1.18e-06
1406511223	1.18e-06
1406511283	1.18e-06
1406511344	1.18e-06
1406511404	1.18e-06
1406511465	1.18e-06
1406511525	1.18e-06
1406511586	1.18e-06
1406511646	1.18e-06
1406511706	1.18e-06
1406511767	1.18e-06
1406511827	1.18e-06
1406511888	1.18e-06
1406511948	1.18e-06
1406512009	1.18e-06
1406512069	1.18e-06
1406512130	1.17e-06
1406512190	1.17e-06
1406512250	1.17e-06
1406512311	1.17e-06
1406512371	1.17e-06
1406512432	1.17e-06
1406512492	1.17e-06
1406512553	1.17e-06
1406512613	1.17e-06
1406512674	1.17e-06
1406512734	1.17e-06
1406512795	1.17e-06
1406512855	1.17e-06
1406512916	1.17e-06
1406512976	1.17e-06
1406513036	1.17e-06
1406513097	1.17e-06
1406513157	1.17e-06
1406513218	1.17e-06
1406513278	1.17e-06
1406513339	1.16e-06
1406513399	1.16e-06
1406513460	1.16e-06
1406513520	1.16e-06
1406513581	1.16e-06
1406513641	1.16e-06
1406513702	1.16e-06
1406513762	1.16e-06
1406513823	1.16e-06
1406513883	1.16e-06
1406513944	1.16e-06
1406514004	1.16e-06
1406514065	1.16e-06
1406514125	1.16e-06
1406514186	1.16e-06
1406514246	1.16e-06
1406514307	1.16e-06
1406514367	1.16e-06
1406514428	1.16e-06
1406514488	1.15e-06
1406514549	1.15e-06
1406514609	1.15e-06
1406514669	1.15e-06
1406514730	1.15e-06
1406514790	1.15e-06
1406514851	1.15e-06
1406514911	1.15e-06
1406514972	1.15e-06
1406515032	1.15e-06
1406515093	1.15e-06
1406515153	1.15e-06
1406515213	1.15e-06
1406515274	1.15e-06
1406515334	1.15e-06
1406515395	1.15e-06
1406515455	1.15e-06
1406515516	1.15e-06
1406515576	1.15e-06
1406515637	1.14e-06
1406515697	1.14e-06
1406515758	1.14e-06
1406515818	1.14e-06
1406515879	1.14e-06
1406515939	1.14e-06
1406516000	1.14e-06
1406516060	1.14e-06
1406516120	1.14e-06
1406516181	1.14e-06
1406516241	1.14e-06
1406516302	1.14e-06
1406516362	1.14e-06
1406516423	1.14e-06
1406516483	1.14e-06
1406516544	1.14e-06
1406516604	1.14e-06
1406516665	1.14e-06
1406516725	1.14e-06
1406516786	1.14e-06
1406516846	1.13e-06
1406516907	1.13e-06
1406516967	1.13e-06
1406517028	1.13e-06
1406517088	1.13e-06
1406517149	1.13e-06
1406517209	1.13e-06
1406517270	1.13e-06
1406517330	1.13e-06
1406517391	1.13e-06
1406517451	1.13e-06
1406517511	1.13e-06
1406517572	1.13e-06
1406517632	1.13e-06
1406517693	1.13e-06
1406517754	1.13e-06
1406517814	1.13e-06
1406517874	1.13e-06
1406517935	1.13e-06
1406517995	1.13e-06
1406518056	1.12e-06
1406518116	1.12e-06
1406518177	1.12e-06
1406518237	1.12e-06
1406518298	1.13e-06
1406518358	1.13e-06
1406518419	1.12e-06
1406518479	1.12e-06
1406518540	1.12e-06
1406518600	1.12e-06
1406518661	1.12e-06
1406518721	1.12e-06
1406518782	1.12e-06
1406518842	1.12e-06
1406518903	1.12e-06
1406518963	1.12e-06
1406519023	1.12e-06
1406519084	1.12e-06
1406519144	1.12e-06
1406519205	1.12e-06
1406519265	1.12e-06
1406519326	1.12e-06
1406519386	1.12e-06
1406519447	1.12e-06
1406519507	1.11e-06
1406519568	1.11e-06
1406519628	1.11e-06
1406519689	1.11e-06
1406519749	1.11e-06
1406519809	1.11e-06
1406519870	1.11e-06
1406519930	1.11e-06
1406519991	1.11e-06
1406520051	1.11e-06
1406520112	1.11e-06
1406520172	1.11e-06
1406520233	1.11e-06
1406520293	1.11e-06
1406520354	1.11e-06
1406520414	1.11e-06
1406520475	1.11e-06
1406520535	1.11e-06
1406520596	1.11e-06
1406520656	1.1e-06
1406520717	1.1e-06
1406520777	1.1e-06
1406520838	1.1e-06
1406520898	1.1e-06
1406520958	1.1e-06
1406521019	1.1e-06
1406521079	1.1e-06
1406521140	1.1e-06
1406521200	1.1e-06
1406521261	1.1e-06
1406521321	1.1e-06
1406521382	1.1e-06
1406521442	1.1e-06
1406521503	1.1e-06
1406521563	1.1e-06
1406521624	1.1e-06
1406521684	1.1e-06
1406521745	1.1e-06
1406521805	1.1e-06
1406521866	1.1e-06
1406521926	1.09e-06
1406521987	1.09e-06
1406522047	1.09e-06
1406522108	1.09e-06
1406522168	1.09e-06
1406522228	1.09e-06
1406522289	1.09e-06
1406522349	1.09e-06
1406522410	1.09e-06
1406522470	1.09e-06
1406522531	1.09e-06
1406522591	1.09e-06
1406522652	1.09e-06
1406522712	1.09e-06
1406522773	1.09e-06
1406522833	1.09e-06
1406522894	1.09e-06
1406522954	1.09e-06
1406523014	1.09e-06
1406523075	1.09e-06
1406523135	1.09e-06
1406523196	1.09e-06
1406523256	1.08e-06
1406523317	1.08e-06
1406523377	1.08e-06
1406523438	1.08e-06
1406523498	1.08e-06
1406523558	1.08e-06
1406523619	1.08e-06
1406523679	1.08e-06
1406523740	1.08e-06
1406523800	1.08e-06
1406523861	1.08e-06
1406523921	1.08e-06
1406523982	1.08e-06
1406524042	1.08e-06
1406524103	1.08e-06
1406524163	1.08e-06
1406524224	1.08e-06
1406524284	1.08e-06
1406524345	1.08e-06
1406524405	1.08e-06
1406524466	1.08e-06
1406524526	1.07e-06
1406524587	1.07e-06
1406524647	1.07e-06
1406524708	1.07e-06
1406524768	1.07e-06
1406524828	1.07e-06
1406524889	1.07e-06
1406524949	1.07e-06
1406525010	1.07e-06
1406525070	1.07e-06
1406525131	1.07e-06
1406525191	1.07e-06
1406525252	1.07e-06
1406525312	1.07e-06
1406525373	1.07e-06
1406525433	1.07e-06
1406525494	1.07e-06
1406525554	1.07e-06
1406525615	1.07e-06
1406525675	1.07e-06
1406525736	1.06e-06
1406525796	1.06e-06
1406525857	1.06e-06
1406525917	1.06e-06
1406525978	1.06e-06
1406526038	1.06e-06
1406526098	1.06e-06
1406526159	1.06e-06
1406526219	1.06e-06
1406526280	1.06e-06
1406526340	1.06e-06
1406526401	1.06e-06
1406526461	1.06e-06
1406526522	1.06e-06
1406526582	1.06e-06
1406526643	1.06e-06
1406526703	1.06e-06
1406526764	1.06e-06
1406526824	1.06e-06
1406526885	1.06e-06
1406526945	1.06e-06
1406527006	1.06e-06
1406527066	1.06e-06
1406527126	1.06e-06
1406527187	1.06e-06
1406527247	1.05e-06
1406527308	1.05e-06
1406527368	1.05e-06
1406527429	1.05e-06
1406527489	1.05e-06
1406527550	1.05e-06
1406527610	1.05e-06
1406527670	1.05e-06
1406527731	1.05e-06
1406527791	1.05e-06
1406527852	1.05e-06
1406527912	1.05e-06
1406527973	1.05e-06
1406528033	1.05e-06
1406528094	1.05e-06
1406528154	1.05e-06
1406528215	1.05e-06
1406528275	1.05e-06
1406528336	1.05e-06
1406528396	1.05e-06
1406528456	1.04e-06
1406528517	1.04e-06
1406528578	1.04e-06
1406528638	1.04e-06
1406528699	1.04e-06
1406528759	1.04e-06
1406528820	1.04e-06
1406528880	1.04e-06
1406528940	1.04e-06
1406529001	1.04e-06
1406529061	1.04e-06
1406529122	1.04e-06
1406529182	1.04e-06
1406529243	1.04e-06
1406529303	1.04e-06
1406529364	1.04e-06
1406529424	1.04e-06
1406529485	1.04e-06
1406529545	1.04e-06
1406529605	1.04e-06
1406529666	1.03e-06
1406529726	1.03e-06
1406529787	1.03e-06
1406529847	1.03e-06
1406529908	1.03e-06
1406529968	1.03e-06
1406530029	1.03e-06
1406530089	1.03e-06
1406530149	1.03e-06
1406530210	1.03e-06
1406530270	1.03e-06
1406530331	1.03e-06
1406530392	1.03e-06
1406530452	1.03e-06
1406530513	1.03e-06
1406530573	1.03e-06
1406530633	1.03e-06
1406530694	1.03e-06
1406530754	1.03e-06
1406530815	1.03e-06
1406530875	1.02e-06
1406530936	1.02e-06
1406530996	1.02e-06
1406531057	1.02e-06
1406531117	1.02e-06
1406531178	1.02e-06
1406531238	1.02e-06
1406531299	1.02e-06
1406531359	1.02e-06
1406531419	1.02e-06
1406531480	1.02e-06
1406531540	1.02e-06
1406531601	1.02e-06
1406531661	1.02e-06
1406531722	1.02e-06
1406531782	1.02e-06
1406531843	1.02e-06
1406531903	1.02e-06
1406531964	1.02e-06
1406532024	1.02e-06
1406532085	1.02e-06
1406532145	1.02e-06
1406532205	1.01e-06
1406532266	1.01e-06
1406532326	1.01e-06
1406532387	1.01e-06
1406532447	1.01e-06
1406532508	1.01e-06
1406532568	1.01e-06
1406532629	1.01e-06
1406532689	1.01e-06
1406532750	1.01e-06
1406532810	1.01e-06
1406532871	1.01e-06
1406532931	1.01e-06
1406532992	1.01e-06
1406533052	1.01e-06
1406533113	1.01e-06
1406533173	1.01e-06
1406533234	1.01e-06
1406533294	1.01e-06
1406533354	1.01e-06
1406533415	1.01e-06
1406533475	1.01e-06
1406533536	1e-06
1406533596	1e-06
1406533657	1e-06
1406533717	1e-06
1406533778	1e-06
1406533838	1e-06
1406533899	1e-06
1406533959	1e-06
1406534020	1e-06
1406534080	1e-06
1406534141	1e-06
1406534201	1e-06
1406534262	1e-06
1406534322	9.99e-07
1406534383	9.99e-07
1406534443	9.99e-07
1406534504	9.98e-07
1406534564	9.98e-07
1406534625	9.98e-07
1406534685	9.97e-07
1406534746	9.97e-07
1406534806	9.96e-07
1406534867	9.96e-07
1406534927	9.96e-07
1406534988	9.95e-07
1406535048	9.95e-07
1406535109	9.95e-07
1406535169	9.94e-07
1406535230	9.94e-07
1406535290	9.93e-07
1406535350	9.93e-07
1406535411	9.93e-07
1406535471	9.92e-07
1406535532	9.92e-07
1406535592	9.92e-07
1406535653	9.92e-07
1406535713	9.91e-07
1406535774	9.9e-07
1406535834	9.9e-07
1406535895	9.89e-07
1406535955	9.89e-07
1406536016	9.89e-07
1406536076	9.88e-07
1406536137	9.88e-07
1406536197	9.87e-07
1406536258	9.87e-07
1406536318	9.87e-07
1406536379	9.87e-07
1406536439	9.86e-07
1406536500	9.85e-07
1406536560	9.85e-07
1406536621	9.85e-07
1406536681	9.84e-07
1406536742	9.84e-07
1406536802	9.83e-07
1406536862	9.83e-07
1406536923	9.82e-07
1406536983	9.81e-07
1406537044	9.81e-07
1406537104	9.81e-07
1406537165	9.8e-07
1406537225	9.8e-07
1406537286	9.79e-07
1406537346	9.78e-07
1406537407	9.78e-07
1406537467	9.78e-07
1406537528	9.77e-07
1406537588	9.76e-07
1406537649	9.76e-07
1406537709	9.76e-07
1406537770	9.76e-07
1406537830	9.75e-07
1406537891	9.74e-07
1406537951	9.74e-07
1406538012	9.73e-07
1406538072	9.73e-07
1406538132	9.73e-07
1406538193	9.72e-07
1406538253	9.72e-07
1406538314	9.71e-07
1406538374	9.71e-07
1406538435	9.7e-07
1406538495	9.7e-07
1406538556	9.69e-07
1406538616	9.69e-07
1406538677	9.68e-07
1406538737	9.68e-07
1406538798	9.67e-07
1406538858	9.67e-07
1406538919	9.67e-07
1406538979	9.66e-07
1406539040	9.66e-07
1406539100	9.65e-07
1406539161	9.64e-07
1406539221	9.63e-07
1406539282	9.64e-07
1406539342	9.63e-07
1406539403	9.63e-07
1406539463	9.62e-07
1406539524	9.62e-07
1406539584	9.61e-07
1406539645	9.61e-07
1406539705	9.6e-07
1406539766	9.6e-07
1406539826	9.59e-07
1406539887	9.59e-07
1406539947	9.58e-07
1406540008	9.58e-07
1406540068	9.57e-07
1406540129	9.57e-07
1406540189	9.55e-07
1406540249	9.56e-07
1406540310	9.56e-07
1406540370	9.55e-07
1406540431	9.55e-07
1406540491	9.55e-07
1406540552	9.54e-07
1406540612	9.54e-07
1406540673	9.53e-07
1406540733	9.53e-07
1406540794	9.53e-07
1406540854	9.52e-07
1406540915	9.51e-07
1406540975	9.51e-07
1406541035	9.51e-07
1406541096	9.5e-07
1406541156	9.49e-07
1406541217	9.49e-07
1406541277	9.48e-07
1406541338	9.48e-07
1406541398	9.45e-07
1406541459	9.47e-07
1406541519	9.47e-07
1406541580	9.46e-07
1406541640	9.46e-07
1406541701	9.45e-07
1406541761	9.45e-07
1406541822	9.45e-07
1406541882	9.44e-07
1406541943	9.43e-07
1406542003	9.43e-07
1406542064	9.43e-07
1406542124	9.42e-07
1406542185	9.42e-07
1406542245	9.41e-07
1406542305	9.41e-07
1406542366	9.41e-07
1406542426	9.4e-07
1406542487	9.39e-07
1406542547	9.39e-07
1406542608	9.39e-07
1406542668	9.38e-07
1406542729	9.38e-07
1406542789	9.37e-07
1406542850	9.37e-07
1406542910	9.37e-07
1406542971	9.36e-07
1406543031	9.36e-07
1406543092	9.35e-07
1406543152	9.35e-07
1406543212	9.35e-07
1406543273	9.34e-07
1406543333	9.34e-07
1406543394	9.33e-07
1406543454	9.33e-07
1406543515	9.32e-07
1406543575	9.32e-07
1406543636	9.32e-07
1406543696	9.31e-07
1406543757	9.31e-07
1406543817	9.3e-07
1406543878	9.3e-07
1406543938	9.3e-07
1406543999	8.74e-07
1406544059	8.71e-07
1406544120	8.71e-07
1406544180	8.7e-07
1406544240	8.7e-07
1406544301	8.7e-07
1406544361	8.69e-07
1406544422	8.68e-07
1406544482	8.68e-07
1406544543	8.68e-07
1406544603	8.68e-07
1406544664	8.68e-07
1406544724	8.67e-07
1406544785	8.67e-07
1406544845	8.67e-07
1406544906	8.67e-07
1406544966	8.66e-07
1406545026	8.65e-07
1406545087	8.65e-07
1406545147	8.65e-07
1406545208	8.64e-07
1406545268	8.64e-07
1406545329	8.63e-07
1406545389	8.64e-07
1406545450	8.63e-07
1406545510	8.63e-07
1406545571	8.62e-07
1406545631	8.62e-07
1406545692	8.62e-07
1406545752	8.62e-07
1406545813	8.62e-07
1406545873	8.62e-07
1406545934	8.61e-07
1406545994	8.61e-07
1406546055	8.61e-07
1406546115	8.6e-07
1406546176	8.6e-07
1406546236	8.59e-07
1406546296	8.59e-07
1406546357	8.59e-07
1406546417	8.59e-07
1406546478	8.58e-07
1406546538	8.58e-07
1406546599	8.58e-07
1406546659	8.6e-07
1406546720	8.58e-07
1406546780	8.58e-07
1406546841	8.57e-07
1406546901	8.57e-07
1406546962	8.57e-07
1406547022	8.56e-07
1406547083	8.56e-07
1406547143	8.55e-07
1406547204	8.55e-07
1406547264	8.55e-07
1406547325	8.54e-07
1406547385	8.54e-07
1406547446	8.54e-07
1406547506	8.53e-07
1406547567	8.53e-07
1406547627	8.52e-07
1406547688	8.52e-07
1406547748	8.52e-07
1406547809	8.51e-07
1406547869	8.51e-07
1406547929	8.51e-07
1406547990	8.5e-07
1406548050	8.5e-07
1406548111	8.5e-07
1406548171	8.49e-07
1406548232	8.49e-07
1406548292	8.49e-07
1406548353	8.48e-07
1406548413	8.49e-07
1406548474	8.48e-07
1406548534	8.48e-07
1406548595	8.47e-07
1406548656	8.47e-07
1406548716	8.46e-07
1406548776	8.46e-07
1406548837	8.46e-07
1406548897	8.46e-07
1406548958	8.45e-07
1406549018	8.45e-07
1406549079	8.45e-07
1406549139	8.45e-07
1406549200	8.44e-07
1406549260	8.44e-07
1406549321	8.44e-07
1406549381	8.43e-07
1406549441	8.43e-07
1406549502	8.43e-07
1406549562	8.43e-07
1406549623	8.42e-07
1406549683	8.42e-07
1406549744	8.41e-07
1406549804	8.41e-07
1406549865	8.41e-07
1406549925	8.41e-07
1406549986	8.41e-07
1406550046	8.4e-07
1406550107	8.4e-07
1406550167	8.4e-07
1406550228	8.4e-07
1406550288	8.39e-07
1406550349	8.39e-07
1406550409	8.39e-07
1406550470	8.38e-07
1406550530	8.38e-07
1406550591	8.38e-07
1406550651	8.38e-07
1406550712	8.38e-07
1406550772	8.37e-07
1406550833	8.37e-07
1406550893	8.37e-07
1406550954	8.37e-07
1406551014	8.36e-07
1406551075	8.36e-07
1406551135	8.36e-07
1406551196	8.36e-07
1406551256	8.36e-07
1406551316	8.35e-07
1406551377	8.35e-07
1406551437	8.35e-07
1406551498	8.34e-07
1406551558	8.34e-07
1406551619	8.34e-07
1406551679	8.33e-07
1406551740	8.33e-07
1406551800	8.33e-07
1406551861	8.33e-07
1406551921	8.32e-07
1406551981	8.32e-07
1406552042	8.32e-07
1406552102	8.32e-07
1406552163	8.32e-07
1406552223	8.31e-07
1406552284	8.31e-07
1406552344	8.31e-07
1406552405	8.31e-07
1406552465	8.31e-07
1406552526	8.3e-07
1406552586	8.3e-07
1406552647	8.3e-07
1406552707	8.3e-07
1406552768	8.3e-07
1406552828	8.3e-07
1406552889	8.29e-07
1406552949	8.29e-07
1406553010	8.29e-07
1406553070	8.29e-07
1406553131	8.29e-07
1406553191	8.28e-07
1406553252	8.28e-07
1406553312	8.28e-07
1406553372	8.28e-07
1406553433	8.28e-07
1406553493	8.28e-07
1406553554	8.27e-07
1406553614	8.27e-07
1406553675	8.27e-07
1406553735	8.27e-07
1406553796	8.26e-07
1406553856	8.26e-07
1406553917	8.26e-07
1406553977	8.26e-07
1406554038	8.26e-07
1406554098	8.26e-07
1406554159	8.25e-07
1406554219	8.25e-07
1406554280	8.25e-07
1406554340	8.24e-07
1406554401	8.24e-07
1406554461	8.23e-07
1406554522	8.23e-07
1406554582	8.23e-07
1406554643	8.23e-07
1406554703	8.23e-07
1406554764	8.22e-07
1406554824	8.22e-07
1406554885	8.22e-07
1406554945	8.22e-07
1406555006	8.22e-07
1406555066	8.21e-07
1406555126	8.21e-07
1406555187	8.21e-07
1406555247	8.21e-07
1406555308	8.2e-07
1406555368	8.2e-07
1406555429	8.2e-07
1406555489	8.2e-07
1406555550	8.2e-07
1406555610	8.19e-07
1406555671	8.19e-07
1406555731	8.19e-07
1406555792	8.19e-07
1406555852	8.18e-07
1406555913	8.18e-07
1406555973	8.18e-07
1406556034	8.18e-07
1406556094	8.17e-07
1406556155	8.17e-07
1406556215	8.17e-07
1406556276	8.17e-07
1406556336	8.16e-07
1406556396	8.16e-07
1406556457	8.16e-07
1406556517	8.16e-07
1406556578	8.15e-07
1406556639	8.15e-07
1406556699	8.15e-07
1406556760	8.15e-07
1406556820	8.15e-07
1406556880	8.15e-07
1406556941	8.15e-07
1406557001	8.14e-07
1406557062	8.14e-07
1406557122	8.14e-07
1406557183	8.14e-07
1406557243	8.13e-07
1406557304	8.13e-07
1406557364	8.13e-07
1406557425	8.13e-07
1406557485	8.12e-07
1406557546	8.12e-07
1406557606	8.12e-07
1406557667	8.11e-07
1406557727	8.11e-07
1406557788	8.11e-07
1406557848	8.11e-07
1406557908	8.11e-07
1406557969	8.11e-07
1406558029	8.11e-07
1406558090	8.1e-07
1406558150	8.1e-07
1406558211	8.1e-07
1406558271	8.1e-07
1406558332	8.1e-07
1406558392	8.09e-07
1406558453	8.09e-07
1406558513	8.09e-07
1406558574	8.09e-07
1406558634	8.09e-07
1406558694	8.09e-07
1406558755	8.09e-07
1406558815	8.08e-07
1406558876	8.08e-07
1406558936	8.08e-07
1406558997	8.08e-07
1406559057	8.08e-07
1406559118	8.08e-07
1406559178	8.14e-07
1406559239	8.12e-07
1406559299	8.1e-07
1406559360	8.06e-07
1406559420	8.06e-07
1406559481	8.05e-07
1406559541	8.05e-07
1406559601	8.05e-07
1406559662	8.05e-07
1406559722	8.05e-07
1406559783	8.05e-07
1406559843	8.04e-07
1406559904	8.04e-07
1406559964	8.04e-07
1406560025	8.04e-07
1406560085	8.04e-07
1406560146	8.04e-07
1406560206	8.04e-07
1406560267	8.04e-07
1406560327	8.04e-07
1406560388	8.03e-07
1406560448	8.03e-07
1406560508	8.03e-07
1406560569	8.03e-07
1406560629	8.03e-07
1406560690	8.03e-07
1406560750	8.02e-07
1406560811	8.02e-07
1406560871	8.02e-07
1406560932	8.02e-07
1406560992	8.02e-07
1406561053	8.01e-07
1406561113	8.01e-07
1406561174	8.01e-07
1406561234	8.01e-07
1406561295	8.01e-07
1406561355	8.01e-07
1406561416	8.01e-07
1406561476	8.01e-07
1406561537	8e-07
1406561597	8e-07
1406561658	8e-07
1406561718	8e-07
1406561779	8e-07
1406561839	8e-07
1406561899	7.99e-07
1406561960	7.99e-07
1406562020	7.99e-07
1406562081	7.99e-07
1406562141	7.99e-07
1406562202	7.99e-07
1406562262	7.98e-07
1406562323	7.98e-07
1406562383	7.98e-07
1406562444	7.98e-07
1406562504	7.98e-07
1406562565	7.98e-07
1406562625	7.98e-07
1406562686	7.98e-07
1406562746	7.97e-07
1406562806	7.97e-07
1406562867	7.97e-07
1406562927	7.97e-07
1406562988	7.97e-07
1406563048	7.97e-07
1406563109	7.96e-07
1406563169	7.96e-07
1406563230	7.96e-07
1406563290	7.96e-07
1406563351	7.96e-07
1406563411	7.96e-07
1406563472	7.96e-07
1406563532	7.96e-07
1406563593	7.96e-07
1406563653	7.95e-07
1406563714	7.95e-07
1406563774	7.95e-07
1406563835	7.95e-07
1406563895	7.95e-07
1406563956	7.95e-07
1406564016	7.95e-07
1406564077	7.95e-07
1406564137	7.95e-07
1406564198	7.95e-07
1406564258	7.94e-07
1406564319	7.94e-07
1406564379	7.93e-07
1406564440	7.93e-07
1406564500	7.93e-07
1406564561	7.93e-07
1406564621	7.93e-07
1406564682	7.93e-07
1406564742	7.93e-07
1406564802	7.92e-07
1406564863	7.93e-07
1406564923	7.92e-07
1406564984	7.92e-07
1406565044	7.92e-07
1406565105	7.92e-07
1406565165	7.92e-07
1406565226	7.92e-07
1406565286	7.92e-07
1406565347	7.92e-07
1406565407	7.91e-07
1406565468	7.91e-07
1406565528	7.91e-07
1406565589	7.91e-07
1406565649	7.91e-07
1406565710	7.91e-07
1406565770	7.91e-07
1406565831	7.9e-07
1406565891	7.9e-07
1406565952	7.9e-07
1406566012	7.9e-07
1406566072	7.9e-07
1406566133	7.9e-07
1406566193	7.9e-07
1406566254	7.89e-07
1406566314	7.9e-07
1406566375	7.89e-07
1406566435	7.89e-07
1406566496	7.89e-07
1406566556	7.89e-07
1406566617	7.89e-07
1406566677	7.89e-07
1406566738	7.89e-07
1406566798	7.89e-07
1406566859	7.89e-07
1406566919	7.89e-07
1406566980	7.89e-07
1406567040	7.89e-07
1406567101	7.89e-07
1406567161	7.88e-07
1406567222	7.88e-07
1406567282	7.88e-07
1406567343	7.89e-07
1406567403	7.88e-07
1406567463	7.88e-07
1406567524	7.88e-07
1406567585	7.88e-07
1406567645	7.88e-07
1406567706	7.88e-07
1406567766	7.88e-07
1406567827	7.88e-07
1406567887	7.88e-07
1406567947	7.87e-07
1406568008	7.87e-07
1406568068	7.88e-07
1406568129	7.87e-07
1406568189	7.87e-07
1406568250	7.87e-07
1406568310	7.87e-07
1406568371	7.87e-07
1406568431	7.87e-07
1406568492	7.87e-07
1406568552	7.87e-07
1406568613	7.87e-07
1406568673	7.87e-07
1406568734	7.87e-07
1406568794	7.87e-07
1406568855	7.86e-07
1406568915	7.87e-07
1406568975	7.87e-07
1406569036	7.86e-07
1406569096	7.86e-07
1406569157	7.86e-07
1406569217	7.86e-07
1406569278	7.86e-07
1406569338	7.86e-07
1406569399	7.86e-07
1406569459	7.86e-07
1406569520	7.86e-07
1406569580	7.86e-07
1406569641	7.86e-07
1406569701	7.85e-07
1406569762	7.85e-07
1406569822	7.85e-07
1406569883	7.86e-07
1406569943	7.85e-07
1406570003	7.85e-07
1406570064	7.85e-07
1406570124	7.85e-07
1406570185	7.85e-07
1406570245	7.85e-07
1406570306	7.85e-07
1406570366	7.85e-07
1406570427	7.85e-07
1406570487	7.85e-07
1406570548	7.85e-07
1406570608	7.85e-07
1406570669	7.85e-07
1406570729	7.85e-07
1406570789	7.85e-07
1406570850	7.85e-07
1406570910	7.85e-07
1406570971	7.84e-07
1406571031	7.84e-07
1406571092	7.84e-07
1406571152	7.84e-07
1406571213	7.84e-07
1406571273	7.84e-07
1406571334	7.84e-07
1406571394	7.84e-07
1406571455	7.84e-07
1406571515	7.84e-07
1406571576	7.84e-07
1406571636	7.84e-07
1406571697	7.84e-07
1406571757	7.84e-07
1406571818	7.84e-07
1406571878	7.84e-07
1406571939	7.84e-07
1406571999	7.84e-07
1406572060	7.84e-07
1406572120	7.84e-07
1406572180	7.84e-07
1406572241	7.84e-07
1406572301	7.84e-07
1406572362	7.84e-07
1406572422	7.84e-07
1406572483	7.84e-07
1406572543	7.84e-07
1406572604	7.83e-07
1406572664	7.84e-07
1406572725	7.84e-07
1406572785	7.83e-07
1406572846	7.83e-07
1406572906	7.83e-07
1406572966	7.83e-07
1406573027	7.83e-07
1406573087	7.83e-07
1406573148	7.83e-07
