1499961138	30.63		16.83		23.78
1499961212	30.74		16.54		23.81
1499961286	30.78		17.07		23.72
1499961360	30.82		16.89		23.81
1499961434	30.82		16.63		23.96
1499961508	30.86		17.21		23.96
1499961582	30.94		17.10		23.87
1499961656	30.94		17.04		23.90
1499961730	30.98		16.83		24.16
1499961804	31.02		16.92		23.96
1499961878	30.86		17.18		24.05
1499961952	30.63		17.36		22.82
1499962026	30.43		17.42		21.79
1499962100	30.16		17.80		21.47
1499962174	30.00		17.48		21.44
1499962248	29.77		17.89		21.44
1499962322	29.84		17.80		21.38
1499962396	29.77		17.68		21.41
1499962470	29.77		17.89		21.52
1499962544	29.77		18.01		21.47
1499962618	29.88		18.33		21.47
1499962692	29.92		18.24		21.52
1499962766	30.00		17.57		21.00
1499962840	30.20		18.33		21.32
1499962914	30.31		18.53		22.38
1499962988	30.43		19.24		21.96
1499963062	30.47		18.89		19.47
1499963136	30.59		19.12		19.91
1499963210	30.82		18.91		20.67
1499963284	30.86		19.18		21.03
1499963358	30.90		19.53		21.88
1499963432	30.66		19.38		21.99
1499963506	30.51		19.74		22.02
1499963580	30.35		19.56		22.08
1499963654	30.08		19.65		22.02
1499963728	29.96		19.53		21.99
1499963802	30.08		19.30		22.11
1499963876	29.92		19.62		22.11
1499963950	30.00		19.47		22.05
1499964024	30.04		19.77		22.23
1499964098	30.00		19.24		22.17
1499964172	30.04		19.24		22.23
1499964246	30.16		19.38		22.23
1499964320	30.27		19.56		22.29
1499964395	30.20		19.33		22.32
1499964469	30.31		19.35		22.35
1499964543	30.35		19.38		22.52
1499964617	30.39		19.74		22.55
1499964691	30.39		19.71		22.52
1499964765	30.51		19.53		22.55
1499964839	30.51		19.79		22.58
1499964913	30.59		19.62		22.67
1499964987	30.66		19.50		22.79
1499965061	30.78		19.53		22.84
1499965135	30.82		19.53		22.70
1499965209	30.82		19.65		22.76
1499968540	30.86		19.88		22.79
1499968614	31.02		20.53		23.84
1499968688	31.06		20.21		23.72
1499968762	31.06		20.32		23.61
1499968836	31.13		20.29		23.64
1499968910	31.21		20.47		23.72
1499968984	31.29		20.38		23.64
1499969058	31.21		20.12		23.78
1499969132	31.09		20.06		23.75
1499969206	31.02		20.38		23.64
1499969280	30.74		19.94		23.58
1499969354	30.55		20.15		23.67
1499969428	30.27		19.88		23.61
1499969502	30.27		19.97		23.55
1499969576	30.08		20.44		23.49
1499969650	30.16		20.65		23.52
1499969724	30.08		20.23		23.49
1499969798	30.04		19.77		23.55
1499969872	30.16		20.53		23.46
1499969946	30.20		20.06		23.49
1499970020	30.16		20.26		23.58
1499970094	30.23		20.18		23.49
1499970168	30.35		20.32		23.52
1499970242	30.47		20.47		23.61
1499970316	30.55		20.18		23.72
1499970390	30.59		20.88		23.99
1499970464	30.74		20.59		23.70
1499970538	30.74		20.59		23.93
1499984306	30.78		20.62		23.81
1499984380	30.35		21.85		24.75
1499984454	30.35		22.08		24.60
1499984528	30.47		21.79		24.40
1499984602	30.35		22.02		24.40
1499984676	30.47		22.11		24.49
1499984750	30.55		22.32		24.43
1499984824	30.59		21.82		24.46
1499984898	30.66		21.99		24.37
1499984972	30.74		21.67		24.31
1499985046	30.78		21.85		24.37
1499985120	30.82		22.02		24.52
1499985194	30.94		22.32		24.52
1499985268	31.02		21.96		24.55
1499985342	31.02		22.11		24.46
1499985416	31.06		21.82		24.43
1499985490	31.13		22.23		24.43
1499985564	31.13		21.88		24.57
1499985638	31.21		21.67		24.49
1499985712	31.17		21.94		24.49
1499985786	31.25		22.17		24.57
1499985860	31.29		21.70		24.49
1499985934	31.17		22.32		24.52
1499986008	30.94		21.94		24.57
1499986082	30.66		21.96		24.43
1499986156	30.43		21.50		24.46
1499986230	30.27		21.91		24.40
1499986304	30.08		21.94		24.37
1499986378	30.04		22.02		24.19
1500044484	29.96		22.40		24.25
1500044558	31.02		25.57		25.57
1500044632	31.09		25.75		25.54
1500044706	31.06		25.40		25.28
1500044780	31.09		25.57		25.60
1500044854	31.17		25.22		25.57
1500044928	31.13		25.60		25.37
1500045002	31.13		25.16		25.34
1500045077	31.09		25.37		25.37
1500045151	30.78		25.10		25.13
1500045225	30.51		24.87		25.01
1500045299	30.27		25.54		25.25
1500045373	30.16		25.34		25.13
1500045447	30.08		25.40		25.07
1500045521	30.04		24.78		25.10
1500045595	30.08		24.84		24.96
1500045669	30.00		25.43		24.93
1500045743	30.08		25.40		25.04
1500045817	30.12		25.31		25.07
1500045891	30.23		25.72		25.07
1500045965	30.27		25.48		25.22
1500046039	30.27		25.57		25.07
1500046113	30.35		25.04		25.01
1500046187	30.43		25.69		24.99
1500046261	30.55		25.31		25.04
1500046335	30.55		25.43		25.10
1500046409	30.63		25.43		25.07
1500046483	30.63		25.66		25.04
1500046557	30.78		25.45		25.07
1500046631	30.78		25.40		25.01
1500046705	30.90		25.48		25.07
1500046779	30.90		25.34		25.19
1500046853	30.98		25.45		24.96
1500046927	30.94		24.84		25.04
1500053367	31.13		25.07		25.16
1500053441	30.35		26.01		25.22
1500053515	30.39		25.87		25.10
1500053589	30.39		25.66		24.96
1500053663	30.59		25.63		24.93
1500053737	30.59		25.57		24.96
1500053811	30.59		25.48		24.96
1500053885	30.70		25.84		25.07
1500053959	30.74		25.51		25.01
1500054033	30.74		25.25		24.84
1500054107	30.90		25.22		24.87
1500054181	30.90		25.54		24.87
1500054255	31.06		25.48		24.90
1500054329	31.09		25.51		25.04
1500054403	31.06		25.57		24.93
1500054477	31.06		25.22		25.16
1500054551	31.06		25.60		25.10
1500054625	30.90		25.40		24.99
1500054699	30.63		25.60		24.81
1500054773	30.39		25.45		24.93
1500054847	30.31		25.84		24.90
1500054921	30.16		25.37		24.78
1500054995	30.04		24.93		24.87
1500055069	29.96		25.54		24.75
1500114951	30.00		25.69		24.78
1500115025	30.70		26.60		25.60
1500115099	30.74		26.42		25.54
1500115173	30.70		25.78		25.16
1500115247	30.66		26.54		25.54
1500115321	30.78		26.63		25.25
1500115395	30.70		26.30		25.34
1500115469	30.74		26.48		25.28
1500115544	30.74		25.81		25.31
1500115618	30.70		26.10		25.22
1500115692	30.78		25.84		25.10
1500115766	30.74		25.84		25.16
1500115840	30.78		26.42		25.31
1500115914	30.78		25.84		25.31
1500115988	30.82		25.78		25.13
1500116062	30.82		25.66		25.10
1500116136	30.78		25.87		25.28
1500116210	30.78		26.13		25.25
1500116284	30.86		25.95		25.22
1500116358	30.82		26.13		25.22
1500116432	30.74		26.07		25.19
1500116506	30.74		25.89		25.16
1500116580	30.78		26.45		25.13
1500116654	30.78		25.87		25.16
1500133161	30.90		26.16		25.22
1500133235	31.13		27.24		25.92
1500133309	31.13		26.30		26.01
1500133383	31.17		26.63		25.78
1500133457	31.13		26.66		25.78
1500133531	31.21		26.36		25.69
1500133605	31.09		26.39		25.69
1500133679	31.21		26.69		25.72
1500133753	31.21		26.66		25.84
1500133827	31.25		26.48		25.31
1500133901	31.17		26.25		25.84
1500133975	31.21		26.30		25.78
1500134049	31.17		26.33		25.78
1500134123	31.21		26.30		25.57
1500134197	31.17		26.28		25.66
1500134271	31.21		26.07		25.60
1500134345	31.17		26.30		25.54
1500134419	31.21		25.89		25.75
1500134493	31.25		26.25		25.75
1500134567	31.25		26.51		25.66
1500134641	31.21		26.01		25.84
1500134715	31.25		26.48		25.75
1500134789	31.29		26.04		25.60
1500134863	31.29		26.45		25.66
1500134937	31.25		26.42		25.75
1500135011	31.25		26.33		25.72
1500135085	31.21		26.10		25.72
1500135159	31.29		26.10		25.66
1500135233	31.25		26.16		25.72
1500135307	31.33		25.92		25.63
1500135381	31.25		26.10		25.75
1500135455	31.29		26.39		25.78
1500135529	31.25		26.45		25.51
1500171355	31.21		25.98		25.69
1500171429	31.17		27.07		26.04
1500171503	31.13		26.95		26.04
1500171577	31.17		26.36		25.95
1500171651	31.17		26.63		25.84
1500171725	31.17		26.89		25.95
1500171799	31.17		26.51		25.87
1500171873	31.25		26.69		25.84
1500171947	31.17		26.92		25.89
1500172021	31.21		26.25		25.87
1500172095	31.17		26.63		25.72
1500172169	31.21		26.45		25.78
1500172243	31.17		26.60		25.81
1500172317	31.17		26.80		25.78
1500172391	31.21		26.57		25.75
1500172465	31.21		26.60		25.84
1500172539	31.21		26.80		25.78
1500172613	31.29		26.36		25.81
1500172687	31.21		26.72		25.81
1500172761	31.17		26.45		25.81
1500172835	31.17		26.57		25.87
1500172909	31.25		26.60		25.72
1500172983	31.25		26.72		25.72
1500173057	31.25		26.57		25.75
1500276612	31.17		26.69		25.78
1500276686	31.37		27.39		26.13
1500276760	31.37		27.30		26.10
1500276834	31.41		26.57		25.92
1500276908	31.45		27.42		26.16
1500276982	31.45		26.54		25.95
1500277056	31.45		26.51		25.98
1500277130	31.33		26.42		26.01
1500277204	31.41		26.74		25.98
1500277278	31.45		26.48		25.45
1500277352	31.37		26.83		25.84
1500277426	31.41		26.60		25.89
1500277500	31.33		26.89		25.89
1500277574	31.33		26.51		25.48
1500277648	31.37		26.63		25.95
1500277722	31.37		26.95		25.84
1500277796	31.41		26.54		25.78
1500277870	31.37		26.98		25.89
1500277944	31.41		26.86		25.84
1500278018	31.37		26.92		25.84
1500278092	31.37		26.80		25.78
1500278166	31.41		26.51		25.84
1500278240	31.45		26.63		25.87
1500278315	31.37		27.04		25.81
1500278389	31.41		26.57		25.84
1500278463	31.37		26.72		25.87
1500278537	31.33		26.77		25.87
1500278611	31.33		26.25		25.81
1500278685	31.41		26.80		25.78
1500278759	31.45		26.89		25.92
1500278833	31.45		26.92		25.92
1500278907	31.41		26.86		25.87
1500278981	31.33		26.74		25.81
1500287123	31.37		26.86		25.87
1500287197	31.45		26.89		26.22
1500287271	31.49		27.33		26.16
1500287345	31.45		27.01		25.98
1500287419	31.33		27.07		25.89
1500287493	31.37		26.95		25.95
1500287567	31.37		26.54		25.84
1500287641	31.49		27.01		25.98
1500287715	31.45		26.80		25.92
1500287789	31.41		26.92		25.87
1500287863	31.52		26.72		25.92
1500287937	31.49		26.98		25.95
1500288011	31.49		26.69		25.84
1500288085	31.49		26.66		26.04
1500288159	31.56		26.54		25.87
1500288233	31.52		26.72		25.95
1500288307	31.64		26.92		25.89
1500288381	31.52		26.89		25.98
1500288455	31.60		27.16		25.95
1500288529	31.56		26.80		25.95
1500288603	31.52		26.63		25.95
1500288677	31.60		26.63		25.95
1500288751	31.56		27.13		25.95
1500288825	31.56		26.74		26.01
1500309033	31.60		27.01		25.98
1500309107	29.96		26.66		25.13
1500309181	30.12		26.39		25.07
1500309255	30.08		26.74		25.04
1500309329	30.23		26.66		24.93
1500309403	30.31		26.51		24.87
1500309477	30.39		26.57		24.90
1500309551	30.39		26.60		24.96
1500309625	30.51		26.74		24.93
1500309699	30.55		26.66		24.96
1500309773	30.66		26.48		25.04
1500309847	30.74		26.60		25.04
1500309921	30.82		26.39		24.99
1500309995	30.78		26.77		24.93
1500310069	30.86		26.60		24.81
1500310143	31.02		26.77		25.04
1500310217	31.02		26.60		25.04
1500310291	31.09		26.25		24.96
1500310365	31.13		26.98		25.04
1500310439	31.17		26.63		25.10
1500310513	31.02		26.60		24.96
1500310587	30.66		26.54		24.96
1500310661	30.43		26.63		24.90
1500310735	30.27		26.42		24.84
1500310809	30.08		26.57		24.78
1500310883	29.96		26.48		24.84
1500310957	29.88		26.63		24.66
1500311031	29.88		26.69		24.69
1500349596	29.92		26.51		24.63
1500349670	31.33		26.42		25.63
1500349744	31.37		26.19		25.57
1500349818	31.29		26.16		25.40
1500349892	31.33		26.07		25.34
1500349966	31.29		26.16		25.34
1500350040	31.33		26.13		25.31
1500350114	31.25		25.95		25.45
1500350188	31.37		26.19		25.31
1500350262	31.37		26.16		25.25
1500350336	31.37		26.13		25.37
1500350410	31.41		25.89		25.31
1500350484	31.33		25.92		25.48
1500350558	31.33		25.84		25.40
1500350632	31.33		25.89		25.48
1500350706	31.37		25.87		25.51
1500350780	31.33		26.13		25.60
1500350854	31.37		26.57		25.57
1500350928	31.45		25.81		25.37
1500351002	31.37		25.75		25.43
1500351076	31.41		25.87		25.45
1500351150	31.37		26.16		25.34
1500351224	31.45		25.92		25.40
1500351298	31.33		25.98		25.31
1500391491	31.45		26.19		25.45
1500391565	29.57		26.72		24.72
1500391639	29.61		26.48		24.78
1500391713	29.73		26.25		24.55
1500391787	29.88		25.98		24.57
1500391861	30.04		26.72		24.55
1500391935	30.12		25.87		24.57
1500392009	30.20		26.54		24.60
1500392083	30.39		26.07		24.55
1500392157	30.35		26.25		24.69
1500392231	30.51		26.33		24.81
1500392305	30.66		26.66		24.55
1500392379	30.78		26.25		24.57
1500392453	30.74		26.66		24.66
1500392527	30.86		26.28		24.72
1500392601	30.94		26.33		24.60
1500392675	30.94		26.66		24.60
1500392749	30.74		25.92		24.75
1500392823	30.43		26.22		24.60
1500392897	30.16		26.10		24.60
1500392971	29.96		26.04		24.52
1500393045	29.80		26.33		24.63
1500393119	29.69		26.63		24.49
1500393193	29.57		26.54		24.52
1500393267	29.69		26.13		24.57
1500393341	29.57		26.28		24.55
1500393415	29.73		26.39		24.60
1500393489	29.77		25.95		24.55
1500393563	29.84		26.57		24.43
1500393637	29.96		25.98		24.55
1500393711	30.04		26.28		24.57
1500393785	30.12		26.28		24.57
1500393859	30.23		26.33		24.40
1500393933	30.20		26.42		24.60
1500394007	30.39		26.25		24.72
1500394081	30.51		25.81		24.66
1500394155	30.59		26.13		24.66
1500394229	30.70		26.10		24.66
1500394303	30.90		25.87		24.57
1500394377	30.86		26.48		24.57
1500394452	30.98		26.45		24.72
1500394526	31.02		26.51		24.72
1500394600	30.98		26.19		24.72
1500394674	30.70		26.10		24.75
1500394748	30.63		26.10		24.63
1500394822	30.23		26.04		24.55
1500394896	29.96		26.22		24.60
1500394970	29.84		26.77		24.55
1500395044	29.57		26.19		24.52
1500395118	29.57		26.25		24.43
1500395192	29.41		26.07		24.34
1500395266	29.49		26.36		24.43
1500395340	29.49		26.36		24.31
1500395414	29.61		25.89		24.40
1500395488	29.73		26.28		24.40
1500395562	29.80		26.19		24.28
1500395636	29.84		26.45		24.49
1500395710	30.04		26.25		24.43
1500395784	30.12		25.95		24.46
1500395858	30.23		26.30		24.55
1500395932	30.27		26.07		24.46
1500396006	30.35		25.81		24.40
1500396080	30.39		26.42		24.43
1500396154	30.51		25.84		24.57
1500396228	30.63		26.51		24.57
1500396302	30.66		25.98		24.49
1500396376	30.78		26.13		24.40
1500396450	30.90		26.13		24.40
1500396524	30.98		25.72		24.46
1500396598	30.98		26.33		24.63
1500396672	31.06		26.10		24.55
1500396746	30.94		26.13		24.63
1500396820	30.74		25.81		24.49
1500396894	30.51		26.13		24.46
1500396968	30.23		26.39		24.43
1500397042	29.92		26.04		24.40
1500404740	29.84		26.48		24.72
1500404814	29.45		26.42		24.43
1500404888	29.45		26.77		24.57
1500404962	29.41		26.51		24.60
1500405036	29.53		25.84		24.28
1500405110	29.65		26.01		24.37
1500405184	29.80		25.78		24.46
1500405258	29.84		26.45		24.40
1500405332	29.96		26.19		24.37
1500405406	30.04		26.19		24.40
1500405481	30.08		26.13		24.43
1500405555	30.27		26.22		24.43
1500405629	30.43		25.48		24.49
1500405703	30.35		25.89		24.52
1500405777	30.55		26.01		24.52
1500405851	30.63		26.25		24.52
1500405925	30.78		26.42		24.46
1500405999	30.78		25.95		24.60
1500406073	30.82		26.22		24.57
1500406147	30.63		26.07		24.57
1500406221	30.39		25.89		24.60
1500406295	30.20		25.92		24.52
1500406369	29.80		26.48		24.37
1500406443	29.69		25.81		24.40
1500406517	29.61		25.89		24.34
1500406591	29.53		25.89		24.34
1500406665	29.41		25.84		24.22
1500406739	29.49		25.95		24.28
1500406813	29.65		26.04		24.28
1500406887	29.61		26.28		24.34
1500406961	29.61		26.19		24.37
1500407035	29.80		26.19		24.37
1500407109	29.80		25.87		24.40
1500407183	29.92		25.69		24.43
1500407257	30.08		25.69		24.40
1500407331	30.16		25.84		24.37
1500407405	30.27		25.92		24.37
1500407479	30.35		26.07		24.37
1500407553	30.47		25.81		24.34
1500407627	30.59		26.39		24.57
1500407701	30.63		26.33		24.52
1500407775	30.66		25.89		24.49
1500407849	30.78		26.01		24.49
1500407923	30.82		25.98		24.46
1500407997	30.70		25.75		24.69
1500408071	30.43		25.98		24.49
1500408145	30.23		26.13		24.34
1500408219	30.04		25.87		24.43
1500408293	29.84		25.60		24.34
1500408367	29.61		25.78		24.13
1500408441	29.61		25.92		24.16
1500408515	29.57		25.92		24.19
1500408589	29.53		25.95		24.02
1500408663	29.65		25.69		24.08
1500408737	29.65		25.81		23.90
1500408811	29.73		25.43		23.99
1500408885	29.80		25.81		24.05
1500408959	29.88		25.66		23.93
1500409033	30.00		25.98		24.11
1500409107	30.00		25.81		24.11
1500409182	30.08		25.37		24.05
1500409256	30.16		25.60		23.99
1500409330	30.31		25.63		23.93
1500409404	30.39		25.63		24.22
1500409478	30.39		25.87		23.96
1500409552	30.59		25.60		24.25
1500409626	30.55		25.45		24.19
1500409700	30.66		25.95		24.05
1500409774	30.78		25.84		24.13
1500409848	30.78		25.75		24.28
1500409922	30.90		25.43		24.13
1500409996	30.94		25.92		24.13
1500410070	31.02		25.07		24.16
1500410144	30.94		25.54		24.08
1500410218	30.86		25.48		24.11
1500410292	30.51		25.95		24.25
1500410366	30.43		25.48		24.08
1500410440	30.16		25.81		24.13
1500410514	29.92		25.60		24.02
1500410588	29.77		25.87		23.96
1500410662	29.73		25.63		23.99
1500410736	29.69		25.57		23.93
1500410810	29.80		25.75		23.96
1500410884	29.80		25.37		23.84
1500410958	29.84		25.51		23.99
1500411032	30.00		25.51		23.90
1500411106	30.00		25.31		23.93
1500411180	30.16		26.01		23.93
1500411254	30.16		25.57		23.90
1500411328	30.27		25.45		23.96
1500411402	30.35		26.01		24.08
1500411476	30.47		25.51		24.08
1500411550	30.51		25.37		23.99
1500411624	30.59		25.43		24.13
1500411698	30.63		25.95		24.22
1500411772	30.63		25.34		24.19
1500411846	30.74		26.19		24.46
1500411920	30.70		25.89		24.40
1500411994	30.78		26.33		24.52
1500412068	30.90		26.01		24.52
1500412142	30.94		25.19		24.55
1500412216	30.94		25.72		24.60
1500412290	31.02		25.66		24.43
1500412364	31.09		25.84		24.63
1500412438	31.09		25.95		24.78
1500412512	31.13		25.81		24.75
1500412586	31.21		25.63		24.69
1500412660	31.17		26.07		24.78
1500412734	31.13		25.98		24.72
1500412809	30.94		25.81		24.69
1500412883	30.70		25.37		24.66
1500412957	30.35		25.60		24.63
1500413031	30.12		25.72		24.63
1500413105	30.04		25.63		24.43
1500413179	29.88		25.63		24.60
1500413253	29.80		25.84		24.49
1500413327	29.92		25.81		24.46
1500413401	29.88		26.16		24.52
1500413475	30.00		25.54		24.57
1500413549	30.04		25.22		24.43
1500413623	30.16		25.63		24.57
1500413697	30.20		25.72		24.63
1500413771	30.35		25.84		24.63
1500413845	30.43		25.92		24.60
1500413919	30.47		25.95		24.60
1500413993	30.51		25.66		24.63
1500414067	30.59		26.01		24.57
1500414141	30.66		25.37		24.55
1500414215	30.70		25.81		24.72
1500414289	30.82		25.40		24.75
1500414363	30.86		26.07		24.81
1500414437	30.86		25.75		24.75
1500414511	30.98		25.81		24.75
1500414585	31.02		25.60		24.69
1500414659	30.90		25.72		24.49
1500414733	30.70		25.78		24.69
1500414807	30.47		25.78		24.46
1500414881	30.31		25.51		24.40
1500414955	30.04		26.04		24.46
1500415029	29.77		25.34		24.43
1500415103	29.77		25.54		24.43
1500415177	29.65		25.92		24.34
1500415251	29.65		25.89		24.31
1500415325	29.69		25.72		24.40
1500415399	29.69		25.54		24.43
1500415473	29.84		25.78		24.46
1500415547	29.88		25.43		24.40
1500415621	30.08		25.69		24.31
1500415695	30.00		25.95		24.37
1500473949	30.12		25.22		24.46
1500474023	29.73		26.19		24.72
1500474097	29.80		26.36		24.60
1500474171	29.92		25.98		24.49
1500474245	29.96		26.42		24.55
1500474319	30.08		26.45		24.43
1500474393	30.23		25.84		24.60
1500474467	30.23		25.95		24.66
1500474541	30.43		26.01		24.46
1500474615	30.47		26.25		24.66
1500474689	30.55		26.30		24.69
1500474763	30.66		26.22		24.60
1500474837	30.74		26.36		24.81
1500474911	30.86		26.10		24.78
1500474985	30.82		26.13		24.84
1500475059	31.02		26.13		24.81
1500475133	30.90		26.51		24.81
1500475207	30.78		26.01		24.72
1500475281	30.51		26.16		24.81
1500475355	30.27		26.07		24.75
1500475429	30.08		26.07		24.63
1500475503	29.92		26.16		24.60
1500475577	29.84		26.19		24.57
1500475651	29.73		25.69		24.63
1500475725	29.77		26.13		24.60
1500475799	29.88		26.04		24.57
1500475873	29.92		25.78		24.60
1500475947	30.12		26.36		24.52
1500476021	30.04		26.39		24.60
1500476095	30.12		26.19		24.75
1500476169	30.23		26.16		24.69
1500476243	30.39		25.72		24.60
1500476317	30.51		26.01		24.72
1500476391	30.51		26.22		24.75
1500476466	30.66		26.16		24.72
1500476540	30.63		26.13		24.87
1500476614	30.74		25.87		24.81
1500476688	30.78		26.33		24.90
1500476762	30.90		26.42		24.90
1500476836	30.98		26.33		24.93
1500476910	30.94		26.36		24.96
1500476984	30.94		26.39		24.93
1500477058	30.74		26.07		24.99
1500477132	30.39		26.13		24.78
1500477206	30.23		26.22		24.75
1500477280	30.04		26.22		24.66
1500477354	29.88		25.84		24.60
1500477428	29.88		25.98		24.78
1500477502	29.92		26.28		24.72
1500477576	30.00		25.87		24.75
1500477650	29.96		26.01		24.78
1500477724	30.08		26.01		24.78
