1.57097e-006
0.550	1.88332e-008
0.650	1.87352e-008
0.750	2.23669e-008
0.850	3.59798e-008
0.950	5.4462e-008
1.050	6.90708e-008
1.150	7.14646e-008
1.250	4.87447e-008
1.350	1.5562e-008
1.450	3.70408e-008
1.550	6.99103e-008
1.650	1.07584e-007
1.750	1.51925e-007
1.850	2.112e-007
1.950	2.52989e-007
2.050	2.7216e-007
2.150	2.34393e-007
2.250	1.17102e-007
2.350	5.82292e-009
2.450	0
2.550	0
2.650	0
2.750	0
2.850	0
2.950	0
3.050	0
3.150	0
3.250	0
3.350	0
3.450	0
3.550	0
3.650	0
3.750	0
3.850	0
3.950	0
4.050	0
4.150	0
4.250	0
4.350	0
4.450	0
4.550	0
4.650	0
4.750	0
4.850	0
4.950	0
5.050	0
5.150	0
5.250	0
5.350	0
5.450	0
5.550	0
5.650	0
5.750	0
5.850	0
5.950	0
6.050	0
6.150	0
6.250	0
6.350	0
6.450	0
6.550	0
6.650	0
6.750	0
6.850	0
6.950	0
7.050	0
7.150	0
7.250	0
7.350	0
7.450	0
7.550	0
7.650	0
7.750	0
7.850	0
7.950	0
8.050	0
8.150	0
8.250	0
8.350	0
8.450	0
8.550	0
8.650	0
8.750	0
8.850	0
8.950	0
9.050	0
9.150	0
9.250	0
9.350	0
9.450	0
9.550	0
9.650	0
9.750	0
9.850	0
9.950	0
10.050	0
10.150	0
10.250	0
10.350	0
10.450	0
10.550	0
10.650	0
10.750	0
10.850	0
10.950	0
11.050	0
11.150	0
11.250	0
11.350	0
11.450	4.15716e-011
11.550	1.0277e-009
11.650	8.07433e-009
11.750	1.64873e-008
11.850	2.11583e-008
11.950	2.25154e-008
12.050	1.93487e-008
12.150	1.5834e-008
12.250	4.25072e-009
12.350	0
12.450	0
12.550	0
12.650	4.98913e-010
12.750	1.72546e-009
12.850	2.23018e-009
12.950	2.43554e-009
13.050	2.09537e-009
13.150	1.62137e-009
13.250	2.72724e-010
13.350	0
13.450	6.94307e-011
13.550	9.78642e-010
13.650	5.01178e-009
13.750	1.1665e-008
13.850	1.44269e-008
13.950	1.57021e-008
14.050	1.3501e-008
14.150	1.14742e-008
14.250	3.01217e-009
14.350	0
14.450	0
14.550	3.56331e-010
14.650	4.04415e-009
14.750	8.24193e-009
14.850	1.10709e-008
14.950	1.18309e-008
15.050	1.05761e-008
15.150	9.78489e-009
15.250	3.15956e-009
15.350	2.81502e-010
15.450	6.81429e-010
15.550	3.91707e-009
15.650	2.00251e-008
15.750	3.5906e-008
15.850	4.6046e-008
15.950	4.86329e-008
16.050	4.19216e-008
16.150	3.70502e-008
16.250	9.38372e-009
16.350	1.11986e-009
16.450	2.42579e-009
16.550	1.82368e-008
16.650	6.68542e-008
16.750	1.27265e-007
16.850	1.51573e-007
16.950	1.62914e-007
17.050	1.3642e-007
17.150	1.19941e-007
17.250	2.71422e-008
17.350	4.06185e-009
17.450	8.0303e-009
17.550	5.54885e-008
17.650	2.00935e-007
17.750	4.11324e-007
17.850	5.11387e-007
17.950	5.46727e-007
18.050	4.76644e-007
18.150	4.34126e-007
18.250	9.73147e-008
18.350	4.21552e-009
18.450	0
18.550	2.40415e-010
18.650	2.35014e-009
18.750	5.18118e-009
18.850	6.67982e-009
18.950	7.0774e-009
19.050	6.02064e-009
19.150	5.60358e-009
19.250	1.24933e-009
19.350	0
19.450	0
19.550	0
19.650	4.29168e-010
19.750	8.4299e-010
19.850	1.1103e-009
19.950	1.21891e-009
20.050	1.00221e-009
20.150	8.6038e-010
20.250	0
20.350	0
20.450	0
20.550	0
20.650	0
20.750	0
20.850	0
20.950	0
21.050	0
21.150	0
21.250	0
21.350	0
21.450	0
21.550	0
21.650	1.27223e-010
21.750	6.14685e-010
21.850	7.35827e-010
21.950	7.14343e-010
22.050	5.40271e-010
22.150	3.45651e-010
22.250	0
22.350	0
22.450	0
22.550	0
22.650	0
22.750	0
22.850	0
22.950	0
23.050	0
23.150	0
23.250	0
23.350	0
23.450	0
23.550	0
23.650	2.46968e-010
23.750	4.79463e-010
23.850	5.12146e-010
23.950	5.09271e-010
24.050	3.89676e-010
24.150	4.43557e-010
24.250	0
24.350	0
24.450	0
24.550	1.42571e-010
24.650	1.13936e-009
24.750	2.00361e-009
24.850	2.64059e-009
24.950	2.63512e-009
25.050	2.30474e-009
25.150	2.09234e-009
25.250	2.3889e-010
25.350	0
25.450	1.42582e-010
25.550	2.60367e-009
25.650	6.77308e-009
25.750	1.11492e-008
25.850	1.34081e-008
25.950	1.39686e-008
26.050	1.24068e-008
26.150	1.17879e-008
26.250	3.25449e-009
26.350	1.59887e-010
26.450	2.48712e-010
26.550	3.21274e-009
26.650	8.66724e-009
26.750	1.48816e-008
26.850	1.81163e-008
26.950	1.88796e-008
27.050	1.81184e-008
27.150	1.73406e-008
27.250	7.27708e-009
27.350	4.39868e-009
27.450	1.14672e-008
27.550	8.35408e-008
27.650	2.14778e-007
27.750	3.07366e-007
27.850	3.67524e-007
27.950	3.70993e-007
28.050	3.18884e-007
28.150	2.93853e-007
28.250	5.02935e-008
28.350	3.80169e-009
28.450	7.28775e-010
28.550	4.67749e-009
28.650	1.20733e-008
28.750	1.75944e-008
28.850	2.17401e-008
28.950	2.20406e-008
29.050	1.98496e-008
29.150	1.84979e-008
29.250	3.9323e-009
29.350	1.88789e-010
29.450	2.14396e-011
29.550	2.14932e-009
29.650	5.88856e-009
29.750	8.45664e-009
29.850	1.02898e-008
29.950	1.04179e-008
30.050	9.16921e-009
30.150	8.29481e-009
30.250	1.6272e-009
30.350	0
30.450	0
30.550	2.90731e-011
30.650	3.47978e-010
30.750	6.81792e-010
30.850	9.82992e-010
30.950	1.02007e-009
31.050	9.62474e-010
31.150	8.42856e-010
31.250	9.02967e-011
31.350	0
31.450	7.70619e-010
31.550	5.71867e-009
31.650	1.1533e-008
31.750	1.68448e-008
31.850	1.88588e-008
31.950	1.92671e-008
32.050	1.61279e-008
32.150	1.43097e-008
32.250	1.57882e-009
32.350	0
32.450	0
32.550	0
32.650	0
32.750	0
32.850	0
32.950	0
33.050	0
33.150	0
33.250	0
33.350	0
33.450	0
33.550	0
33.650	0
33.750	7.85686e-011
33.850	5.6172e-011
33.950	1.949e-010
34.050	5.94287e-011
34.150	0
34.250	0
34.350	0
34.450	0
34.550	0
34.650	0
34.750	0
34.850	0
34.950	0
35.050	0
35.150	0
35.250	0
35.350	0
35.450	0
35.550	0
35.650	4.17834e-011
35.750	1.77098e-010
35.850	2.4576e-010
35.950	2.60822e-010
36.050	1.44484e-010
36.150	9.11314e-011
36.250	0
36.350	0
36.450	0
36.550	1.4954e-010
36.650	6.12404e-010
36.750	9.76942e-010
36.850	1.30838e-009
36.950	1.2307e-009
37.050	1.08797e-009
37.150	9.76067e-010
37.250	0
37.350	0
37.450	0
37.550	4.54439e-010
37.650	1.2017e-009
37.750	1.69947e-009
37.850	2.13479e-009
37.950	2.16187e-009
38.050	2.04703e-009
38.150	1.87736e-009
38.250	2.99547e-010
38.350	0
38.450	3.44652e-010
38.550	2.43638e-009
38.650	5.81065e-009
38.750	8.43793e-009
38.850	1.00241e-008
38.950	9.77047e-009
39.050	9.62219e-009
39.150	9.02412e-009
39.250	3.11568e-009
39.350	2.04622e-010
39.450	4.18695e-010
39.550	1.86916e-009
39.650	3.50701e-009
39.750	5.06641e-009
39.850	5.8481e-009
39.950	5.74794e-009
40.050	5.36549e-009
40.150	4.52612e-009
40.250	1.20353e-009
40.350	7.81056e-011
40.450	2.80959e-010
40.550	2.82986e-009
40.650	6.04954e-009
40.750	9.4509e-009
40.850	1.16186e-008
40.950	1.13085e-008
41.050	1.17136e-008
41.150	1.01478e-008
41.250	4.61904e-009
41.350	3.28419e-010
41.450	1.89769e-010
41.550	1.32992e-009
41.650	3.2432e-009
41.750	4.68411e-009
41.850	5.74382e-009
41.950	5.61249e-009
42.050	5.71595e-009
42.150	4.99508e-009
42.250	2.34572e-009
42.350	2.24489e-010
42.450	4.9424e-010
42.550	1.87442e-009
42.650	4.4503e-009
42.750	6.16806e-009
42.850	7.6008e-009
42.950	7.66411e-009
43.050	7.7862e-009
43.150	7.368e-009
43.250	4.16724e-009
43.350	3.6646e-009
43.450	1.85388e-008
43.550	4.64505e-008
43.650	8.00643e-008
43.750	1.01249e-007
43.850	1.12657e-007
43.950	1.09773e-007
44.050	9.77432e-008
44.150	8.77325e-008
44.250	1.27404e-008
44.350	8.6655e-010
44.450	1.6269e-010
44.550	8.04066e-010
44.650	1.8948e-009
44.750	2.4884e-009
44.850	2.77684e-009
44.950	2.63205e-009
45.050	2.40389e-009
45.150	2.19896e-009
45.250	3.49894e-010
45.350	0
45.450	0
45.550	0
45.650	2.34877e-010
45.750	4.14667e-010
45.850	5.66677e-010
45.950	5.09415e-010
46.050	3.68001e-010
46.150	3.46069e-010
46.250	0
46.350	0
46.450	0
46.550	0
46.650	0
46.750	0
46.850	0
46.950	0
47.050	0
47.150	0
47.250	0
47.350	0
47.450	0
47.550	0
47.650	0
47.750	0
47.850	0
47.950	0
48.050	0
48.150	0
48.250	0
48.350	0
48.450	0
48.550	0
48.650	0
48.750	0
48.850	0
48.950	5.93132e-011
49.050	0
49.150	0
49.250	0
49.350	0
49.450	0
49.550	3.17103e-010
49.650	7.34254e-010
49.750	1.087e-009
49.850	1.21314e-009
49.950	1.12844e-009
50.050	1.16494e-009
50.150	1.13695e-009
50.250	1.6274e-010
50.350	0
50.450	0
50.550	2.29335e-010
50.650	8.08986e-010
50.750	1.16303e-009
50.850	1.2991e-009
50.950	1.19583e-009
51.050	1.19936e-009
51.150	1.0466e-009
51.250	2.83324e-010
51.350	0
51.450	0
51.550	6.23618e-012
51.650	3.60777e-010
51.750	5.55422e-010
51.850	7.09309e-010
51.950	6.40795e-010
52.050	7.66592e-010
52.150	6.1674e-010
52.250	2.71307e-011
52.350	0
52.450	0
52.550	2.71518e-010
52.650	7.64674e-010
52.750	1.05471e-009
52.850	1.22821e-009
52.950	1.15227e-009
53.050	1.27312e-009
53.150	1.05461e-009
53.250	4.35975e-010
53.350	0
53.450	0
53.550	5.11772e-011
53.650	4.6418e-010
53.750	7.90182e-010
53.850	8.1264e-010
53.950	8.00585e-010
54.050	8.65764e-010
54.150	6.42573e-010
54.250	3.4442e-010
54.350	0
54.450	2.1205e-010
54.550	8.7998e-010
54.650	1.95915e-009
54.750	2.73495e-009
54.850	3.12873e-009
54.950	3.20068e-009
55.050	3.33036e-009
55.150	2.52536e-009
55.250	1.5022e-009
55.350	0
55.450	1.74808e-011
55.550	5.08528e-010
55.650	1.32657e-009
55.750	1.93516e-009
55.850	2.16802e-009
55.950	2.29298e-009
56.050	2.31907e-009
56.150	1.85304e-009
56.250	1.26748e-009
56.350	0
56.450	0
56.550	1.82964e-010
56.650	5.77781e-010
56.750	9.57546e-010
56.850	1.04825e-009
56.950	1.0337e-009
57.050	1.10545e-009
57.150	8.95836e-010
57.250	5.3306e-010
57.350	0
57.450	0
57.550	2.19438e-011
57.650	2.02395e-010
57.750	4.60292e-010
57.850	5.60533e-010
57.950	6.12749e-010
58.050	6.38066e-010
58.150	3.74539e-010
58.250	1.12844e-010
58.350	0
58.450	0
58.550	0
58.650	0
58.750	0
58.850	0
58.950	0
59.050	0
59.150	0
59.250	0
59.350	0
59.450	0
59.550	0
59.650	1.89697e-010
59.750	2.33729e-010
59.850	3.18141e-010
59.950	2.6553e-010
60.050	1.9136e-010
60.150	1.17958e-010
60.250	0
60.350	0
60.450	0
60.550	0
60.650	0
60.750	0
60.850	0
60.950	0
61.050	0
61.150	0
61.250	0
61.350	0
61.450	0
61.550	0
61.650	0
61.750	0
61.850	0
61.950	0
62.050	0
62.150	0
62.250	0
62.350	0
62.450	0
62.550	0
62.650	0
62.750	0
62.850	3.47671e-011
62.950	0
63.050	0
63.150	0
63.250	0
63.350	0
63.450	0
63.550	0
63.650	0
63.750	0
63.850	0
63.950	1.84952e-011
64.050	0
64.150	0
64.250	0
64.350	0
64.450	0
64.550	0
64.650	1.41707e-010
64.750	1.70038e-010
64.850	2.51452e-010
64.950	2.98402e-010
65.050	3.21769e-010
65.150	1.66248e-010
65.250	0
65.350	0
65.450	0
65.550	0
65.650	2.57581e-011
65.750	1.44045e-010
65.850	1.0929e-010
65.950	1.01457e-010
66.050	6.59892e-011
66.150	0
66.250	0
66.350	0
66.450	0
66.550	1.7285e-010
66.650	5.5876e-010
66.750	9.0846e-010
66.850	1.04781e-009
66.950	1.09403e-009
67.050	9.95569e-010
67.150	6.52042e-010
67.250	5.24294e-010
67.350	0
67.450	0
67.550	0
67.650	7.47336e-011
67.750	2.05626e-010
67.850	2.52938e-010
67.950	2.34221e-010
68.050	2.54552e-010
68.150	1.4587e-010
68.250	6.1359e-011
68.350	0
68.450	0
68.550	0
68.650	2.50329e-010
68.750	4.90559e-010
68.850	5.16561e-010
68.950	4.61345e-010
69.050	3.48353e-010
69.150	3.22462e-010
69.250	2.22536e-010
69.350	0
69.450	0
69.550	0
69.650	3.25516e-010
69.750	6.64204e-010
69.850	6.89206e-010
69.950	7.42031e-010
70.050	7.67786e-010
70.150	5.74913e-010
70.250	3.39652e-010
70.350	0
70.450	0
70.550	0
70.650	0
70.750	6.42394e-011
70.850	5.34943e-011
70.950	7.33694e-011
71.050	9.88224e-011
71.150	6.30806e-011
71.250	3.15557e-012
71.350	0
71.450	0
71.550	0
71.650	0
71.750	5.95377e-011
71.850	1.48345e-011
71.950	0
72.050	0
72.150	0
72.250	0
72.350	0
72.450	0
72.550	0
72.650	0
72.750	0
72.850	0
72.950	0
73.050	0
73.150	0
73.250	0
73.350	0
73.450	0
73.550	0
73.650	0
73.750	0
73.850	0
73.950	0
74.050	0
74.150	0
74.250	0
74.350	0
74.450	0
74.550	0
74.650	0
74.750	0
74.850	0
74.950	0
75.050	0
75.150	0
75.250	0
75.350	0
75.450	0
75.550	0
75.650	0
75.750	5.22031e-012
75.850	1.97255e-011
75.950	4.44299e-011
76.050	2.65269e-011
76.150	0
76.250	0
76.350	0
76.450	0
76.550	2.76745e-010
76.650	6.04264e-010
76.750	6.84469e-010
76.850	6.24069e-010
76.950	7.18405e-010
77.050	8.40562e-010
77.150	5.62985e-010
77.250	2.91828e-010
77.350	0
77.450	8.69051e-011
77.550	4.02857e-010
77.650	1.00548e-009
77.750	1.2989e-009
77.850	1.29296e-009
77.950	1.37337e-009
78.050	1.37486e-009
78.150	1.02492e-009
78.250	5.92449e-010
78.350	0
78.450	0
78.550	5.53256e-011
78.650	2.83232e-010
78.750	3.87686e-010
78.850	4.28061e-010
78.950	5.20613e-010
79.050	4.95304e-010
79.150	3.24613e-010
79.250	1.02298e-010
79.350	0
79.450	0
79.550	0
79.650	0
79.750	0
79.850	0
79.950	0
80.050	0
80.150	0
80.250	0
80.350	0
80.450	0
80.550	0
80.650	5.08755e-011
80.750	1.18573e-010
80.850	8.31555e-011
80.950	1.40772e-010
81.050	1.01233e-010
81.150	9.35823e-011
81.250	0
81.350	0
81.450	0
81.550	0
81.650	0
81.750	0
81.850	0
81.950	3.94362e-011
82.050	1.19739e-011
82.150	0
82.250	0
82.350	0
82.450	0
82.550	0
82.650	0
82.750	0
82.850	0
82.950	0
83.050	2.6595e-011
83.150	1.93847e-011
83.250	0
83.350	0
83.450	0
83.550	0
83.650	0
83.750	0
83.850	4.12311e-011
83.950	7.66755e-011
84.050	3.47322e-011
84.150	0
84.250	0
84.350	0
84.450	0
84.550	0
84.650	0
84.750	0
84.850	0
84.950	0
85.050	0
85.150	0
85.250	0
85.350	0
85.450	0
85.550	0
85.650	0
85.750	0
85.850	0
85.950	0
86.050	0
86.150	0
86.250	0
86.350	0
86.450	0
86.550	0
86.650	0
86.750	0
86.850	0
86.950	0
87.050	0
87.150	0
87.250	0
87.350	0
87.450	0
87.550	0
87.650	0
87.750	0
87.850	0
87.950	0
88.050	0
88.150	0
88.250	0
88.350	0
88.450	0
88.550	0
88.650	0
88.750	0
88.850	0
88.950	0
89.050	0
89.150	0
89.250	0
89.350	0
89.450	0
89.550	0
89.650	0
89.750	0
89.850	0
89.950	0
90.050	0
90.150	0
90.250	0
90.350	0
90.450	0
90.550	9.26122e-011
90.650	1.48031e-010
90.750	2.90909e-010
90.850	4.1836e-010
90.950	4.63279e-010
91.050	4.17995e-010
91.150	2.4381e-010
91.250	1.31056e-010
91.350	0
91.450	0
91.550	0
91.650	0
91.750	0
91.850	0
91.950	0
92.050	0
92.150	0
92.250	0
92.350	0
92.450	0
92.550	0
92.650	0
92.750	0
92.850	0
92.950	0
93.050	0
93.150	0
93.250	0
93.350	0
93.450	0
93.550	0
93.650	0
93.750	0
93.850	0
93.950	0
94.050	0
94.150	0
94.250	0
94.350	0
94.450	0
94.550	0
94.650	0
94.750	0
94.850	0
94.950	0
95.050	0
95.150	0
95.250	0
95.350	0
95.450	0
95.550	0
95.650	0
95.750	0
95.850	0
95.950	0
96.050	0
96.150	0
96.250	0
96.350	0
96.450	0
96.550	0
96.650	0
96.750	0
96.850	0
96.950	0
97.050	0
97.150	0
97.250	0
97.350	0
97.450	0
97.550	0
97.650	0
97.750	0
97.850	0
97.950	0
98.050	0
98.150	0
98.250	0
98.350	0
98.450	0
98.550	0
98.650	0
98.750	0
98.850	0
98.950	0
99.050	0
99.150	0
99.250	0
99.350	0
99.450	0
99.550	0
99.650	0
99.750	0
99.850	0
99.950	0
100.050	0
100.150	0
100.250	0
100.350	0
100.450	0
100.550	0
100.650	0
100.750	0
100.850	0
100.950	0
101.050	0
101.150	0
101.250	0
101.350	0
101.450	0
101.550	0
101.650	0
101.750	0
101.850	0
101.950	0
102.050	0
102.150	0
102.250	0
102.350	0
102.450	0
102.550	0
102.650	0
102.750	0
102.850	0
102.950	0
103.050	0
103.150	0
103.250	0
103.350	0
103.450	0
103.550	0
103.650	0
103.750	0
103.850	0
103.950	0
104.050	0
104.150	0
104.250	0
104.350	0
104.450	0
104.550	0
104.650	0
104.750	0
104.850	6.10518e-011
104.950	0
105.050	1.71276e-012
105.150	0
105.250	0
105.350	0
105.450	0
105.550	0
105.650	0
105.750	0
105.850	0
105.950	0
106.050	0
106.150	0
106.250	0
106.350	0
106.450	0
106.550	0
106.650	0
106.750	0
106.850	0
106.950	0
107.050	0
107.150	0
107.250	0
107.350	0
107.450	0
107.550	0
107.650	0
107.750	0
107.850	0
107.950	0
108.050	0
108.150	0
108.250	0
108.350	0
108.450	0
108.550	0
108.650	0
108.750	0
108.850	0
108.950	0
109.050	0
109.150	0
109.250	0
109.350	0
109.450	0
109.550	0
109.650	0
109.750	0
109.850	0
109.950	0
110.050	0
110.150	0
110.250	0
110.350	0
110.450	0
110.550	0
110.650	0
110.750	0
110.850	0
110.950	0
111.050	0
111.150	0
111.250	0
111.350	0
111.450	0
111.550	0
111.650	0
111.750	0
111.850	0
111.950	0
112.050	0
112.150	0
112.250	0
112.350	0
112.450	0
112.550	0
112.650	0
112.750	0
112.850	0
112.950	0
113.050	0
113.150	0
113.250	0
113.350	0
113.450	0
113.550	0
113.650	0
113.750	0
113.850	0
113.950	0
114.050	0
114.150	0
114.250	0
114.350	0
114.450	0
114.550	0
114.650	0
114.750	0
114.850	0
114.950	0
115.050	0
115.150	0
115.250	0
115.350	0
115.450	0
115.550	0
115.650	0
115.750	0
115.850	0
115.950	0
116.050	0
116.150	0
116.250	0
116.350	0
116.450	0
116.550	0
116.650	0
116.750	0
116.850	0
116.950	0
117.050	0
117.150	0
117.250	0
117.350	0
117.450	0
117.550	0
117.650	0
117.750	0
117.850	0
117.950	0
118.050	0
118.150	0
118.250	0
118.350	0
118.450	0
118.550	0
118.650	0
118.750	0
118.850	0
118.950	0
119.050	0
119.150	0
119.250	0
119.350	0
119.450	0
119.550	0
119.650	0
119.750	0
119.850	0
119.950	0
120.050	0
120.150	0
120.250	0
120.350	0
120.450	0
120.550	0
120.650	0
120.750	0
120.850	0
120.950	0
121.050	0
121.150	0
121.250	0
121.350	0
121.450	0
121.550	0
121.650	0
121.750	0
121.850	0
121.950	0
122.050	0
122.150	0
122.250	0
122.350	0
122.450	0
122.550	0
122.650	0
122.750	0
122.850	0
122.950	0
123.050	0
123.150	0
123.250	0
123.350	0
123.450	0
123.550	0
123.650	0
123.750	0
123.850	0
123.950	0
124.050	0
124.150	0
124.250	0
124.350	0
124.450	0
124.550	0
124.650	0
124.750	0
124.850	0
124.950	0
125.050	0
125.150	0
125.250	0
125.350	0
125.450	0
125.550	0
125.650	0
125.750	0
125.850	0
125.950	0
126.050	0
126.150	0
126.250	0
126.350	0
126.450	0
126.550	0
126.650	0
126.750	0
126.850	0
126.950	0
127.050	0
127.150	0
127.250	0
127.350	0
127.450	0
127.550	0
127.650	0
127.750	0
127.850	0
127.950	0
128.050	0
128.150	0
128.250	0
128.350	0
128.450	0
128.550	0
128.650	0
128.750	0
128.850	0
128.950	0
129.050	0
129.150	0
129.250	0
129.350	0
129.450	0
129.550	0
129.650	0
129.750	0
129.850	0
129.950	0
130.050	0
130.150	0
130.250	0
130.350	0
130.450	0
130.550	0
130.650	0
130.750	0
130.850	0
130.950	0
131.050	0
131.150	0
131.250	0
131.350	0
131.450	0
131.550	0
131.650	0
131.750	0
131.850	0
131.950	0
132.050	0
132.150	0
132.250	0
132.350	0
132.450	0
132.550	0
132.650	0
132.750	0
132.850	0
132.950	0
133.050	0
133.150	0
133.250	0
133.350	0
133.450	0
133.550	0
133.650	0
133.750	0
133.850	0
133.950	0
134.050	0
134.150	0
134.250	0
134.350	0
134.450	0
134.550	0
134.650	0
134.750	0
134.850	0
134.950	0
135.050	0
135.150	0
135.250	0
135.350	0
135.450	0
135.550	0
135.650	0
135.750	0
135.850	0
135.950	0
136.050	0
136.150	0
136.250	0
136.350	0
136.450	0
136.550	0
136.650	0
136.750	0
136.850	0
136.950	0
137.050	0
137.150	0
137.250	0
137.350	0
137.450	0
137.550	0
137.650	0
137.750	0
137.850	0
137.950	0
138.050	0
138.150	0
138.250	0
138.350	0
138.450	0
138.550	0
138.650	0
138.750	0
138.850	0
138.950	0
139.050	0
139.150	0
139.250	0
139.350	0
139.450	0
139.550	0
139.650	0
139.750	0
139.850	0
139.950	0
140.050	0
140.150	0
140.250	0
140.350	0
140.450	0
140.550	0
140.650	0
140.750	0
140.850	0
140.950	0
141.050	0
141.150	0
141.250	0
141.350	0
141.450	0
141.550	0
141.650	0
141.750	0
141.850	0
141.950	0
142.050	0
142.150	0
142.250	0
142.350	0
142.450	0
142.550	0
142.650	0
142.750	0
142.850	0
142.950	0
143.050	0
143.150	0
143.250	0
143.350	0
143.450	0
143.550	0
143.650	0
143.750	0
143.850	0
143.950	0
144.050	0
144.150	0
144.250	0
144.350	0
144.450	0
144.550	0
144.650	0
144.750	0
144.850	0
144.950	0
145.050	0
145.150	0
145.250	0
145.350	0
145.450	0
145.550	0
145.650	0
145.750	0
145.850	0
145.950	0
146.050	0
146.150	0
146.250	0
146.350	0
146.450	0
146.550	0
146.650	0
146.750	0
146.850	0
146.950	0
147.050	0
147.150	0
147.250	0
147.350	0
147.450	0
147.550	0
147.650	0
147.750	0
147.850	0
147.950	0
148.050	0
148.150	0
148.250	0
148.350	0
148.450	0
148.550	0
148.650	0
148.750	0
148.850	0
148.950	0
149.050	0
149.150	0
149.250	0
149.350	0
149.450	0
149.550	0
149.650	0
149.750	0
149.850	0
149.950	0
150.050	0
150.150	0
150.250	0
150.350	0
150.450	0
150.550	0
150.650	0
150.750	0
150.850	0
150.950	0
151.050	0
151.150	0
151.250	0
151.350	0
151.450	0
151.550	0
151.650	0
151.750	0
151.850	0
151.950	0
152.050	0
152.150	0
152.250	0
152.350	0
152.450	0
152.550	0
152.650	0
152.750	0
152.850	0
152.950	0
153.050	0
153.150	0
153.250	0
153.350	0
153.450	0
153.550	0
153.650	0
153.750	0
153.850	0
153.950	0
154.050	0
154.150	0
154.250	0
154.350	0
154.450	0
154.550	0
154.650	0
154.750	0
154.850	0
154.950	0
155.050	0
155.150	0
155.250	0
155.350	0
155.450	0
155.550	0
155.650	0
155.750	0
155.850	0
155.950	0
156.050	0
156.150	0
156.250	0
156.350	0
156.450	0
156.550	0
156.650	0
156.750	0
156.850	0
156.950	0
157.050	0
157.150	0
157.250	0
157.350	0
157.450	0
157.550	0
157.650	0
157.750	0
157.850	0
157.950	0
158.050	0
158.150	0
158.250	0
158.350	0
158.450	0
158.550	0
158.650	0
158.750	0
158.850	0
158.950	0
159.050	0
159.150	0
159.250	0
159.350	0
159.450	0
159.550	0
159.650	0
159.750	0
159.850	0
159.950	0
160.050	0
160.150	0
160.250	0
160.350	0
160.450	0
160.550	0
160.650	0
160.750	0
160.850	0
160.950	0
161.050	0
161.150	0
161.250	0
161.350	0
161.450	0
161.550	0
161.650	0
161.750	0
161.850	0
161.950	0
162.050	0
162.150	0
162.250	0
162.350	0
162.450	0
162.550	0
162.650	0
162.750	0
162.850	0
162.950	0
163.050	0
163.150	0
163.250	0
163.350	0
163.450	0
163.550	0
163.650	0
163.750	0
163.850	0
163.950	0
164.050	0
164.150	0
164.250	0
164.350	0
164.450	0
164.550	0
164.650	0
164.750	0
164.850	0
164.950	0
165.050	0
165.150	0
165.250	0
165.350	0
165.450	0
165.550	0
165.650	0
165.750	0
165.850	0
165.950	0
166.050	0
166.150	0
166.250	0
166.350	0
166.450	0
166.550	0
166.650	0
166.750	0
166.850	0
166.950	0
167.050	0
167.150	0
167.250	0
167.350	0
167.450	0
167.550	0
167.650	0
167.750	0
167.850	0
167.950	0
168.050	0
168.150	0
168.250	0
168.350	0
168.450	0
168.550	0
168.650	0
168.750	0
168.850	0
168.950	0
169.050	0
169.150	0
169.250	0
169.350	0
169.450	0
169.550	0
169.650	0
169.750	0
169.850	0
169.950	0
170.050	0
170.150	0
170.250	0
170.350	0
170.450	0
170.550	0
170.650	0
170.750	0
170.850	0
170.950	0
171.050	0
171.150	0
171.250	0
171.350	0
171.450	0
171.550	0
171.650	0
171.750	0
171.850	0
171.950	0
172.050	0
172.150	0
172.250	0
172.350	0
172.450	0
172.550	0
172.650	0
172.750	0
172.850	0
172.950	0
173.050	0
173.150	0
173.250	0
173.350	0
173.450	0
173.550	0
173.650	0
173.750	0
173.850	0
173.950	0
174.050	0
174.150	0
174.250	0
174.350	0
174.450	0
174.550	0
174.650	0
174.750	0
174.850	0
174.950	0
175.050	0
175.150	0
175.250	0
175.350	0
175.450	0
175.550	0
175.650	0
175.750	0
175.850	0
175.950	0
176.050	0
176.150	0
176.250	0
176.350	0
176.450	0
176.550	0
176.650	0
176.750	0
176.850	0
176.950	0
177.050	0
177.150	0
177.250	0
177.350	0
177.450	0
177.550	0
177.650	0
177.750	0
177.850	0
177.950	0
178.050	0
178.150	0
178.250	0
178.350	0
178.450	0
178.550	0
178.650	0
178.750	0
178.850	0
178.950	0
179.050	0
179.150	0
179.250	0
179.350	0
179.450	0
179.550	0
179.650	0
179.750	0
179.850	0
179.950	0
180.050	0
180.150	0
180.250	0
180.350	0
180.450	0
180.550	0
180.650	0
180.750	0
180.850	0
180.950	0
181.050	0
181.150	0
181.250	0
181.350	0
181.450	0
181.550	0
181.650	0
181.750	0
181.850	0
181.950	0
182.050	0
182.150	0
182.250	0
182.350	0
182.450	0
182.550	0
182.650	0
182.750	0
182.850	0
182.950	0
183.050	0
183.150	0
183.250	0
183.350	0
183.450	0
183.550	0
183.650	0
183.750	0
183.850	0
183.950	0
184.050	0
184.150	0
184.250	0
184.350	0
184.450	0
184.550	0
184.650	0
184.750	0
184.850	0
184.950	0
185.050	0
185.150	0
185.250	0
185.350	0
185.450	0
185.550	0
185.650	0
185.750	0
185.850	0
185.950	0
186.050	0
186.150	0
186.250	0
186.350	0
186.450	0
186.550	0
186.650	0
186.750	0
186.850	0
186.950	0
187.050	0
187.150	0
187.250	0
187.350	0
187.450	0
187.550	0
187.650	0
187.750	0
187.850	0
187.950	0
188.050	0
188.150	0
188.250	0
188.350	0
188.450	0
188.550	0
188.650	0
188.750	0
188.850	0
188.950	0
189.050	0
189.150	0
189.250	0
189.350	0
189.450	0
189.550	0
189.650	0
189.750	0
189.850	0
189.950	0
190.050	0
190.150	0
190.250	0
190.350	0
190.450	0
190.550	0
190.650	0
190.750	0
190.850	0
190.950	0
191.050	0
191.150	0
191.250	0
191.350	0
191.450	0
191.550	0
191.650	0
191.750	0
191.850	0
191.950	0
192.050	0
192.150	0
192.250	0
192.350	0
192.450	0
192.550	0
192.650	0
192.750	0
192.850	0
192.950	0
193.050	0
193.150	0
193.250	0
193.350	0
193.450	0
193.550	0
193.650	0
193.750	0
193.850	0
193.950	0
194.050	0
194.150	0
194.250	0
194.350	0
194.450	0
194.550	0
194.650	0
194.750	0
194.850	0
194.950	0
195.050	0
195.150	0
195.250	0
195.350	0
195.450	0
195.550	0
195.650	0
195.750	0
195.850	0
195.950	0
196.050	0
196.150	0
196.250	0
196.350	0
196.450	0
196.550	0
196.650	0
196.750	0
196.850	0
196.950	0
197.050	0
197.150	0
197.250	0
197.350	0
197.450	0
197.550	0
197.650	0
197.750	0
197.850	0
197.950	0
198.050	0
198.150	0
198.250	0
198.350	0
198.450	0
198.550	0
198.650	0
198.750	0
198.850	0
198.950	0
199.050	0
199.150	0
199.250	0
199.350	0
199.450	0
199.550	0
199.650	0
199.750	0
199.850	0
199.950	0
200.050	0
200.150	0
200.250	0
200.350	0
200.450	0
200.550	0
200.650	0
200.750	0
200.850	0
200.950	0
201.050	0
201.150	0
201.250	0
201.350	0
201.450	0
201.550	0
201.650	0
201.750	0
201.850	0
201.950	0
202.050	0
202.150	0
202.250	0
202.350	0
202.450	0
202.550	0
202.650	0
202.750	0
202.850	0
202.950	0
203.050	0
203.150	0
203.250	0
203.350	0
203.450	0
203.550	0
203.650	0
203.750	0
203.850	0
203.950	0
204.050	0
204.150	0
204.250	0
204.350	0
204.450	0
204.550	0
204.650	0
204.750	0
204.850	0
204.950	0
205.050	0
205.150	0
205.250	0
205.350	0
205.450	0
205.550	0
205.650	0
205.750	0
205.850	0
205.950	0
206.050	0
206.150	0
206.250	0
206.350	0
206.450	0
206.550	0
206.650	0
206.750	0
206.850	0
206.950	0
207.050	0
207.150	0
207.250	0
207.350	0
207.450	0
207.550	0
207.650	0
207.750	0
207.850	0
207.950	0
208.050	0
208.150	0
208.250	0
208.350	0
208.450	0
208.550	0
208.650	0
208.750	0
208.850	0
208.950	0
209.050	0
209.150	0
209.250	0
209.350	0
209.450	0
209.550	0
209.650	0
209.750	0
209.850	0
209.950	0
210.050	0
210.150	0
210.250	0
210.350	0
210.450	0
