5.35571e-006
0.550	8.7886e-009
0.650	9.42421e-009
0.750	8.83936e-009
0.850	8.22922e-009
0.950	1.14956e-008
1.050	1.86204e-008
1.150	2.23566e-008
1.250	1.73346e-008
1.350	5.8997e-009
1.450	8.73464e-009
1.550	1.73943e-008
1.650	3.96229e-008
1.750	6.11873e-008
1.850	8.60835e-008
1.950	9.82575e-008
2.050	1.00181e-007
2.150	7.66398e-008
2.250	2.48148e-008
2.350	1.52225e-009
2.450	0
2.550	0
2.650	0
2.750	0
2.850	0
2.950	0
3.050	0
3.150	0
3.250	0
3.350	0
3.450	0
3.550	0
3.650	0
3.750	0
3.850	0
3.950	0
4.050	0
4.150	0
4.250	0
4.350	0
4.450	0
4.550	0
4.650	0
4.750	0
4.850	0
4.950	0
5.050	0
5.150	0
5.250	0
5.350	0
5.450	0
5.550	0
5.650	0
5.750	0
5.850	0
5.950	0
6.050	0
6.150	0
6.250	0
6.350	0
6.450	0
6.550	0
6.650	0
6.750	0
6.850	0
6.950	0
7.050	0
7.150	0
7.250	0
7.350	0
7.450	0
7.550	0
7.650	0
7.750	0
7.850	0
7.950	0
8.050	0
8.150	0
8.250	0
8.350	0
8.450	0
8.550	0
8.650	0
8.750	0
8.850	0
8.950	0
9.050	0
9.150	0
9.250	0
9.350	0
9.450	0
9.550	0
9.650	0
9.750	0
9.850	0
9.950	0
10.050	0
10.150	0
10.250	0
10.350	0
10.450	0
10.550	0
10.650	0
10.750	0
10.850	0
10.950	0
11.050	0
11.150	0
11.250	0
11.350	0
11.450	6.1211e-010
11.550	2.01763e-009
11.650	1.06946e-008
11.750	1.80438e-008
11.850	2.08852e-008
11.950	2.13101e-008
12.050	1.74236e-008
12.150	1.38253e-008
12.250	1.86334e-009
12.350	1.20516e-010
12.450	0
12.550	0
12.650	6.21404e-010
12.750	1.24762e-009
12.850	1.60712e-009
12.950	1.70965e-009
13.050	1.43156e-009
13.150	1.43364e-009
13.250	8.47802e-010
13.350	1.95595e-009
13.450	4.74816e-009
13.550	1.41154e-008
13.650	5.48503e-008
13.750	9.63452e-008
13.850	1.06226e-007
13.950	1.08775e-007
14.050	8.95158e-008
14.150	7.3985e-008
14.250	1.27417e-008
14.350	2.5099e-009
14.450	3.41817e-010
14.550	6.37446e-010
14.650	4.17251e-009
14.750	6.56474e-009
14.850	7.40704e-009
14.950	7.58595e-009
15.050	6.4179e-009
15.150	5.93224e-009
15.250	1.70266e-009
15.350	1.33426e-009
15.450	3.99348e-009
15.550	1.11173e-008
15.650	5.11292e-008
15.750	7.39791e-008
15.850	8.26243e-008
15.950	8.40624e-008
16.050	6.9354e-008
16.150	6.03915e-008
16.250	8.94853e-009
16.350	3.11889e-009
16.450	4.60999e-009
16.550	1.54329e-008
16.650	7.1171e-008
16.750	1.05671e-007
16.850	1.12405e-007
16.950	1.1611e-007
17.050	9.38586e-008
17.150	8.44499e-008
17.250	1.56978e-008
17.350	7.51882e-009
17.450	1.4809e-008
17.550	4.64455e-008
17.650	2.0845e-007
17.750	3.22641e-007
17.850	3.45968e-007
17.950	3.57912e-007
18.050	2.91608e-007
18.150	2.70073e-007
18.250	4.08113e-008
18.350	8.01971e-009
18.450	5.98163e-011
18.550	0
18.650	8.34446e-010
18.750	1.56742e-009
18.850	1.72149e-009
18.950	1.77098e-009
19.050	1.26888e-009
19.150	1.2575e-009
19.250	3.35441e-011
19.350	0
19.450	5.19831e-011
19.550	9.03947e-010
19.650	3.81393e-009
19.750	4.59934e-009
19.850	4.74301e-009
19.950	4.9524e-009
20.050	3.84124e-009
20.150	3.25453e-009
20.250	0
20.350	0
20.450	0
20.550	0
20.650	0
20.750	0
20.850	0
20.950	0
21.050	0
21.150	0
21.250	0
21.350	0
21.450	0
21.550	6.39178e-011
21.650	8.91097e-010
21.750	1.26766e-009
21.850	1.34471e-009
21.950	1.37711e-009
22.050	9.32141e-010
22.150	8.08242e-010
22.250	0
22.350	0
22.450	0
22.550	0
22.650	0
22.750	0
22.850	0
22.950	0
23.050	0
23.150	0
23.250	0
23.350	0
23.450	0
23.550	0
23.650	1.30812e-010
23.750	3.08113e-010
23.850	2.2074e-010
23.950	2.30417e-010
24.050	1.58221e-010
24.150	1.9828e-010
24.250	0
24.350	0
24.450	0
24.550	6.85307e-011
24.650	9.8279e-010
24.750	1.40105e-009
24.850	1.44423e-009
24.950	1.56629e-009
25.050	1.21003e-009
25.150	1.16775e-009
25.250	1.62566e-010
25.350	1.32118e-010
25.450	5.61398e-010
25.550	3.0002e-009
25.650	7.12862e-009
25.750	9.16659e-009
25.850	9.6031e-009
25.950	1.03157e-008
26.050	8.61163e-009
26.150	8.64797e-009
26.250	2.21081e-009
26.350	1.53762e-009
26.450	1.97082e-009
26.550	5.00936e-009
26.650	1.26182e-008
26.750	1.66016e-008
26.850	1.77456e-008
26.950	1.90951e-008
27.050	1.79148e-008
27.150	2.11918e-008
27.250	1.66506e-008
27.350	3.75308e-008
27.450	1.20776e-007
27.550	4.19924e-007
27.650	1.16201e-006
27.750	1.39557e-006
27.850	1.49237e-006
27.950	1.55875e-006
28.050	1.2943e-006
28.150	1.2883e-006
28.250	1.58905e-007
28.350	2.96439e-008
28.450	4.39075e-009
28.550	9.57271e-009
28.650	2.04104e-008
28.750	2.4321e-008
28.850	2.52168e-008
28.950	2.66719e-008
29.050	2.16348e-008
29.150	2.15029e-008
29.250	2.92105e-009
29.350	9.69571e-010
29.450	1.97349e-009
29.550	9.6597e-009
29.650	2.00922e-008
29.750	2.37298e-008
29.850	2.42982e-008
29.950	2.61522e-008
30.050	2.0384e-008
30.150	1.97543e-008
30.250	2.25041e-009
30.350	4.34588e-010
30.450	0
30.550	1.68203e-010
30.650	2.74213e-010
30.750	4.16718e-010
30.850	5.26755e-010
30.950	7.55939e-010
31.050	1.0152e-009
31.150	1.95469e-009
31.250	3.51804e-009
31.350	1.19803e-008
31.450	2.97101e-008
31.550	1.51928e-007
31.650	2.2988e-007
31.750	2.77489e-007
31.850	2.73128e-007
31.950	2.96452e-007
32.050	2.31859e-007
32.150	2.19307e-007
32.250	1.63377e-008
32.350	4.52848e-009
32.450	5.84144e-011
32.550	0
32.650	1.58658e-010
32.750	1.54134e-010
32.850	9.59786e-011
32.950	1.48071e-010
33.050	1.01807e-010
33.150	7.73039e-011
33.250	0
33.350	0
33.450	0
33.550	3.64937e-010
33.650	8.12371e-010
33.750	9.75611e-010
33.850	9.65313e-010
33.950	1.12212e-009
34.050	7.71818e-010
34.150	7.24006e-010
34.250	0
34.350	0
34.450	0
34.550	0
34.650	0
34.750	0
34.850	0
34.950	0
35.050	0
35.150	0
35.250	0
35.350	0
35.450	0
35.550	1.14584e-010
35.650	8.42604e-011
35.750	1.28201e-010
35.850	1.20135e-010
35.950	1.69847e-010
36.050	1.04972e-010
36.150	2.68031e-011
36.250	0
36.350	0
36.450	0
36.550	1.03755e-010
36.650	3.00833e-010
36.750	3.62741e-010
36.850	5.27211e-010
36.950	4.97221e-010
37.050	3.13527e-010
37.150	2.63192e-010
37.250	0
37.350	0
37.450	0
37.550	4.90264e-010
37.650	8.25339e-010
37.750	9.33963e-010
37.850	1.03447e-009
37.950	1.15387e-009
38.050	9.12728e-010
38.150	8.85629e-010
38.250	1.20657e-011
38.350	0
38.450	4.25534e-010
38.550	2.21926e-009
38.650	3.77779e-009
38.750	4.39984e-009
38.850	4.73502e-009
38.950	4.80489e-009
39.050	4.32536e-009
39.150	4.52741e-009
39.250	2.14087e-009
39.350	4.13032e-009
39.450	1.21846e-008
39.550	3.11205e-008
39.650	3.49313e-008
39.750	4.07888e-008
39.850	3.89573e-008
39.950	4.19251e-008
40.050	3.35903e-008
40.150	2.75889e-008
40.250	2.002e-009
40.350	5.58977e-010
40.450	7.43052e-010
40.550	3.3531e-009
40.650	5.50228e-009
40.750	6.23325e-009
40.850	6.97209e-009
40.950	6.80528e-009
41.050	6.40684e-009
41.150	6.11173e-009
41.250	2.28918e-009
41.350	1.04284e-010
41.450	4.55764e-010
41.550	1.84817e-009
41.650	3.03659e-009
41.750	3.35495e-009
41.850	3.67107e-009
41.950	3.63386e-009
42.050	3.34891e-009
42.150	3.17096e-009
42.250	1.24163e-009
42.350	3.26723e-010
42.450	9.9284e-010
42.550	2.90079e-009
42.650	4.51981e-009
42.750	4.79664e-009
42.850	5.3349e-009
42.950	5.37227e-009
43.050	5.19026e-009
43.150	5.95741e-009
43.250	5.23348e-009
43.350	1.62649e-008
43.450	4.69623e-008
43.550	1.31782e-007
43.650	1.51859e-007
43.750	1.72475e-007
43.850	1.71452e-007
43.950	1.82653e-007
44.050	1.41325e-007
44.150	1.38714e-007
44.250	1.5757e-008
44.350	2.36587e-009
44.450	6.61156e-010
44.550	1.77957e-009
44.650	2.21184e-009
44.750	2.51873e-009
44.850	2.57248e-009
44.950	2.66004e-009
45.050	2.02152e-009
45.150	2.00368e-009
45.250	1.68774e-010
45.350	0
45.450	0
45.550	3.61288e-010
45.650	4.1959e-010
45.750	6.21031e-010
45.850	6.68244e-010
45.950	6.03483e-010
46.050	3.68846e-010
46.150	3.84561e-010
46.250	0
46.350	0
46.450	0
46.550	0
46.650	0
46.750	0
46.850	0
46.950	0
47.050	0
47.150	0
47.250	0
47.350	0
47.450	0
47.550	1.09994e-010
47.650	1.3719e-010
47.750	1.74753e-010
47.850	1.55161e-010
47.950	1.18266e-010
48.050	4.74266e-011
48.150	7.64738e-011
48.250	0
48.350	0
48.450	0
48.550	0
48.650	0
48.750	0
48.850	0
48.950	0
49.050	0
49.150	0
49.250	0
49.350	0
49.450	0
49.550	1.5959e-010
49.650	2.89447e-010
49.750	3.60556e-010
49.850	3.53871e-010
49.950	4.45706e-010
50.050	3.32609e-010
50.150	3.46722e-010
50.250	0
50.350	0
50.450	0
50.550	1.97764e-010
50.650	4.19244e-010
50.750	4.4386e-010
50.850	4.67697e-010
50.950	4.17579e-010
51.050	4.03605e-010
51.150	4.46466e-010
51.250	0
51.350	0
51.450	0
51.550	9.96356e-011
51.650	2.92119e-010
51.750	3.66203e-010
51.850	4.34549e-010
51.950	3.3401e-010
52.050	2.72945e-010
52.150	2.44649e-010
52.250	0
52.350	0
52.450	0
52.550	2.9458e-010
52.650	4.48487e-010
52.750	4.60803e-010
52.850	5.34385e-010
52.950	5.0858e-010
53.050	5.49598e-010
53.150	4.94324e-010
53.250	5.27305e-011
53.350	0
53.450	0
53.550	1.58548e-010
53.650	3.34937e-010
53.750	3.23591e-010
53.850	3.42357e-010
53.950	2.99116e-010
54.050	3.95935e-010
54.150	3.14357e-010
54.250	8.45777e-011
54.350	0
54.450	8.84261e-011
54.550	6.89218e-010
54.650	1.12791e-009
54.750	1.1278e-009
54.850	1.38812e-009
54.950	1.23728e-009
55.050	1.36109e-009
55.150	1.03155e-009
55.250	5.24745e-010
55.350	0
55.450	2.59753e-011
55.550	4.3412e-010
55.650	8.31308e-010
55.750	8.01014e-010
55.850	8.58139e-010
55.950	8.64732e-010
56.050	9.75977e-010
56.150	7.18534e-010
56.250	4.95514e-010
56.350	0
56.450	0
56.550	1.77964e-010
56.650	2.76944e-010
56.750	2.61217e-010
56.850	3.18061e-010
56.950	2.0986e-010
57.050	3.19766e-010
57.150	2.19928e-010
57.250	1.51387e-010
57.350	0
57.450	0
57.550	5.10142e-011
57.650	1.6987e-010
57.750	1.67889e-010
57.850	2.63344e-010
57.950	2.54618e-010
58.050	3.27581e-010
58.150	9.58843e-011
58.250	0
58.350	0
58.450	0
58.550	0
58.650	0
58.750	0
58.850	0
58.950	0
59.050	0
59.150	0
59.250	0
59.350	0
59.450	0
59.550	2.4247e-011
59.650	7.71618e-011
59.750	2.15623e-011
59.850	7.04725e-011
59.950	3.98574e-011
60.050	0
60.150	0
60.250	0
60.350	0
60.450	0
60.550	0
60.650	0
60.750	0
60.850	0
60.950	0
61.050	0
61.150	0
61.250	0
61.350	0
61.450	0
61.550	0
61.650	0
61.750	0
61.850	0
61.950	0
62.050	0
62.150	0
62.250	0
62.350	0
62.450	0
62.550	0
62.650	0
62.750	0
62.850	0
62.950	0
63.050	0
63.150	0
63.250	0
63.350	0
63.450	1.13009e-010
63.550	2.91013e-010
63.650	2.50668e-010
63.750	3.41782e-010
63.850	3.83931e-010
63.950	4.22452e-010
64.050	2.21327e-010
64.150	1.16709e-010
64.250	0
64.350	0
64.450	0
64.550	0
64.650	0
64.750	0
64.850	0
64.950	0
65.050	0
65.150	0
65.250	0
65.350	0
65.450	0
65.550	0
65.650	0
65.750	0
65.850	0
65.950	0
66.050	0
66.150	0
66.250	0
66.350	0
66.450	0
66.550	7.30416e-011
66.650	2.38239e-010
66.750	2.16688e-010
66.850	3.21086e-010
66.950	3.59371e-010
67.050	2.898e-010
67.150	1.64719e-010
67.250	1.14005e-011
67.350	0
67.450	0
67.550	0
67.650	0
67.750	0
67.850	4.7907e-011
67.950	1.02875e-010
68.050	4.16529e-011
68.150	0
68.250	0
68.350	0
68.450	0
68.550	0
68.650	0
68.750	9.32028e-011
68.850	1.92506e-011
68.950	9.96038e-011
69.050	3.48303e-011
69.150	0
69.250	0
69.350	0
69.450	0
69.550	0
69.650	3.80214e-011
69.750	1.50986e-010
69.850	2.27787e-010
69.950	1.98901e-010
70.050	1.46976e-010
70.150	2.84369e-011
70.250	3.15573e-011
70.350	0
70.450	0
70.550	0
70.650	0
70.750	0
70.850	0
70.950	0
71.050	0
71.150	0
71.250	0
71.350	0
71.450	0
71.550	0
71.650	0
71.750	0
71.850	0
71.950	0
72.050	0
72.150	0
72.250	0
72.350	0
72.450	0
72.550	0
72.650	0
72.750	0
72.850	0
72.950	0
73.050	0
73.150	0
73.250	0
73.350	0
73.450	0
73.550	0
73.650	0
73.750	0
73.850	0
73.950	0
74.050	0
74.150	0
74.250	0
74.350	0
74.450	0
74.550	0
74.650	0
74.750	0
74.850	0
74.950	0
75.050	0
75.150	0
75.250	0
75.350	0
75.450	0
75.550	0
75.650	0
75.750	0
75.850	0
75.950	0
76.050	0
76.150	0
76.250	0
76.350	0
76.450	0
76.550	0
76.650	1.71996e-011
76.750	0
76.850	0
76.950	1.95213e-011
77.050	6.01129e-011
77.150	0
77.250	0
77.350	0
77.450	0
77.550	2.1999e-010
77.650	3.45844e-010
77.750	2.76898e-010
77.850	3.27341e-010
77.950	2.49403e-010
78.050	3.25481e-010
78.150	2.09233e-010
78.250	1.01544e-010
78.350	0
78.450	0
78.550	0
78.650	0
78.750	0
78.850	0
78.950	2.39646e-012
79.050	0
79.150	0
79.250	0
79.350	0
79.450	0
79.550	0
79.650	0
79.750	0
79.850	0
79.950	0
80.050	0
80.150	0
80.250	0
80.350	0
80.450	0
80.550	0
80.650	0
80.750	0
80.850	0
80.950	0
81.050	0
81.150	0
81.250	0
81.350	0
81.450	0
81.550	0
81.650	0
81.750	0
81.850	0
81.950	0
82.050	0
82.150	0
82.250	0
82.350	0
82.450	0
82.550	0
82.650	0
82.750	0
82.850	0
82.950	0
83.050	0
83.150	0
83.250	0
83.350	0
83.450	0
83.550	0
83.650	0
83.750	0
83.850	0
83.950	0
84.050	0
84.150	0
84.250	0
84.350	0
84.450	0
84.550	0
84.650	0
84.750	0
84.850	0
84.950	0
85.050	0
85.150	0
85.250	0
85.350	0
85.450	0
85.550	0
85.650	0
85.750	0
85.850	0
85.950	0
86.050	0
86.150	0
86.250	0
86.350	0
86.450	0
86.550	0
86.650	0
86.750	0
86.850	0
86.950	0
87.050	0
87.150	0
87.250	0
87.350	0
87.450	0
87.550	0
87.650	0
87.750	0
87.850	0
87.950	0
88.050	0
88.150	0
88.250	0
88.350	0
88.450	0
88.550	0
88.650	0
88.750	0
88.850	0
88.950	0
89.050	0
89.150	0
89.250	0
89.350	0
89.450	0
89.550	0
89.650	0
89.750	0
89.850	0
89.950	0
90.050	0
90.150	0
90.250	0
90.350	0
90.450	0
90.550	0
90.650	0
90.750	0
90.850	4.34966e-012
90.950	7.42804e-012
91.050	0
91.150	0
91.250	0
91.350	0
91.450	0
91.550	0
91.650	0
91.750	0
91.850	0
91.950	0
92.050	0
92.150	0
92.250	0
92.350	0
92.450	0
92.550	0
92.650	0
92.750	0
92.850	0
92.950	0
93.050	0
93.150	0
93.250	0
93.350	0
93.450	0
93.550	0
93.650	0
93.750	0
93.850	0
93.950	0
94.050	0
94.150	0
94.250	0
94.350	0
94.450	0
94.550	0
94.650	0
94.750	0
94.850	0
94.950	0
95.050	0
95.150	0
95.250	0
95.350	0
95.450	0
95.550	0
95.650	0
95.750	0
95.850	0
95.950	0
96.050	0
96.150	0
96.250	0
96.350	0
96.450	0
96.550	0
96.650	0
96.750	0
96.850	0
96.950	0
97.050	0
97.150	0
97.250	0
97.350	0
97.450	0
97.550	0
97.650	0
97.750	0
97.850	0
97.950	0
98.050	0
98.150	0
98.250	0
98.350	0
98.450	0
98.550	0
98.650	0
98.750	0
98.850	0
98.950	0
99.050	0
99.150	0
99.250	0
99.350	0
99.450	0
99.550	0
99.650	0
99.750	0
99.850	0
99.950	0
100.050	0
100.150	0
100.250	0
100.350	0
100.450	0
100.550	0
100.650	0
100.750	0
100.850	0
100.950	0
101.050	0
101.150	0
101.250	0
101.350	0
101.450	0
101.550	0
101.650	0
101.750	0
101.850	0
101.950	0
102.050	0
102.150	0
102.250	0
102.350	0
102.450	0
102.550	0
102.650	0
102.750	0
102.850	0
102.950	0
103.050	0
103.150	0
103.250	0
103.350	0
103.450	0
103.550	0
103.650	0
103.750	0
103.850	0
103.950	0
104.050	0
104.150	0
104.250	0
104.350	0
104.450	0
104.550	0
104.650	0
104.750	0
104.850	0
104.950	0
105.050	0
105.150	0
105.250	0
105.350	0
105.450	0
105.550	0
105.650	0
105.750	0
105.850	0
105.950	0
106.050	0
106.150	0
106.250	0
106.350	0
106.450	0
106.550	0
106.650	0
106.750	0
106.850	0
106.950	0
107.050	0
107.150	0
107.250	0
107.350	0
107.450	0
107.550	0
107.650	0
107.750	0
107.850	0
107.950	0
108.050	0
108.150	0
108.250	0
108.350	0
108.450	0
108.550	0
108.650	0
108.750	0
108.850	0
108.950	0
109.050	0
109.150	0
109.250	0
109.350	0
109.450	0
109.550	0
109.650	0
109.750	0
109.850	0
109.950	0
110.050	0
110.150	0
110.250	0
110.350	0
110.450	0
110.550	0
110.650	0
110.750	0
110.850	0
110.950	0
111.050	0
111.150	0
111.250	0
111.350	0
111.450	0
111.550	0
111.650	0
111.750	0
111.850	0
111.950	0
112.050	0
112.150	0
112.250	0
112.350	0
112.450	0
112.550	0
112.650	0
112.750	0
112.850	0
112.950	0
113.050	0
113.150	0
113.250	0
113.350	0
113.450	0
113.550	0
113.650	0
113.750	0
113.850	0
113.950	0
114.050	0
114.150	0
114.250	0
114.350	0
114.450	0
114.550	0
114.650	0
114.750	0
114.850	0
114.950	0
115.050	0
115.150	0
115.250	0
115.350	0
115.450	0
115.550	0
115.650	0
115.750	0
115.850	0
115.950	0
116.050	0
116.150	0
116.250	0
116.350	0
116.450	0
116.550	0
116.650	0
116.750	0
116.850	0
116.950	0
117.050	0
117.150	0
117.250	0
117.350	0
117.450	0
117.550	0
117.650	0
117.750	0
117.850	0
117.950	0
118.050	0
118.150	0
118.250	0
118.350	0
118.450	0
118.550	0
118.650	0
118.750	0
118.850	0
118.950	0
119.050	0
119.150	0
119.250	0
119.350	0
119.450	0
119.550	0
119.650	0
119.750	0
119.850	0
119.950	0
120.050	0
120.150	0
120.250	0
120.350	0
120.450	0
120.550	0
120.650	0
120.750	0
120.850	0
120.950	0
121.050	0
121.150	0
121.250	0
121.350	0
121.450	0
121.550	0
121.650	0
121.750	0
121.850	0
121.950	0
122.050	0
122.150	0
122.250	0
122.350	0
122.450	0
122.550	0
122.650	0
122.750	0
122.850	0
122.950	0
123.050	0
123.150	0
123.250	0
123.350	0
123.450	0
123.550	0
123.650	0
123.750	0
123.850	0
123.950	0
124.050	0
124.150	0
124.250	0
124.350	0
124.450	0
124.550	0
124.650	0
124.750	0
124.850	0
124.950	0
125.050	0
125.150	0
125.250	0
125.350	0
125.450	0
125.550	0
125.650	0
125.750	0
125.850	0
125.950	0
126.050	0
126.150	0
126.250	0
126.350	0
126.450	0
126.550	0
126.650	0
126.750	0
126.850	0
126.950	0
127.050	0
127.150	0
127.250	0
127.350	0
127.450	0
127.550	0
127.650	0
127.750	0
127.850	0
127.950	0
128.050	0
128.150	0
128.250	0
128.350	0
128.450	0
128.550	0
128.650	0
128.750	0
128.850	0
128.950	0
129.050	0
129.150	0
129.250	0
129.350	0
129.450	0
129.550	0
129.650	0
129.750	0
129.850	0
129.950	0
130.050	0
130.150	0
130.250	0
130.350	0
130.450	0
130.550	0
130.650	0
130.750	0
130.850	0
130.950	0
131.050	0
131.150	0
131.250	0
131.350	0
131.450	0
131.550	0
131.650	0
131.750	0
131.850	0
131.950	0
132.050	0
132.150	0
132.250	0
132.350	0
132.450	0
132.550	0
132.650	0
132.750	0
132.850	0
132.950	0
133.050	0
133.150	0
133.250	0
133.350	0
133.450	0
133.550	0
133.650	0
133.750	0
133.850	0
133.950	0
134.050	0
134.150	0
134.250	0
134.350	0
134.450	0
134.550	0
134.650	0
134.750	0
134.850	0
134.950	0
135.050	0
135.150	0
135.250	0
135.350	0
135.450	0
135.550	0
135.650	0
135.750	0
135.850	0
135.950	0
136.050	0
136.150	0
136.250	0
136.350	0
136.450	0
136.550	0
136.650	0
136.750	0
136.850	0
136.950	0
137.050	0
137.150	0
137.250	0
137.350	0
137.450	0
137.550	0
137.650	0
137.750	0
137.850	0
137.950	0
138.050	0
138.150	0
138.250	0
138.350	0
138.450	0
138.550	0
138.650	0
138.750	0
138.850	0
138.950	0
139.050	0
139.150	0
139.250	0
139.350	0
139.450	0
139.550	0
139.650	0
139.750	0
139.850	0
139.950	0
140.050	0
140.150	0
140.250	0
140.350	0
140.450	0
140.550	0
140.650	0
140.750	0
140.850	0
140.950	0
141.050	0
141.150	0
141.250	0
141.350	0
141.450	0
141.550	0
141.650	0
141.750	0
141.850	0
141.950	0
142.050	0
142.150	0
142.250	0
142.350	0
142.450	0
142.550	0
142.650	0
142.750	0
142.850	0
142.950	0
143.050	0
143.150	0
143.250	0
143.350	0
143.450	0
143.550	0
143.650	0
143.750	0
143.850	0
143.950	0
144.050	0
144.150	0
144.250	0
144.350	0
144.450	0
144.550	0
144.650	0
144.750	0
144.850	0
144.950	0
145.050	0
145.150	0
145.250	0
145.350	0
145.450	0
145.550	0
145.650	0
145.750	0
145.850	0
145.950	0
146.050	0
146.150	0
146.250	0
146.350	0
146.450	0
146.550	0
146.650	0
146.750	0
146.850	0
146.950	0
147.050	0
147.150	0
147.250	0
147.350	0
147.450	0
147.550	0
147.650	0
147.750	0
147.850	0
147.950	0
148.050	0
148.150	0
148.250	0
148.350	0
148.450	0
148.550	0
148.650	0
148.750	0
148.850	0
148.950	0
149.050	0
149.150	0
149.250	0
149.350	0
149.450	0
149.550	0
149.650	0
149.750	0
149.850	0
149.950	0
150.050	0
150.150	0
150.250	0
150.350	0
150.450	0
150.550	0
150.650	0
150.750	0
150.850	0
150.950	0
151.050	0
151.150	0
151.250	0
151.350	0
151.450	0
151.550	0
151.650	0
151.750	0
151.850	0
151.950	0
152.050	0
152.150	0
152.250	0
152.350	0
152.450	0
152.550	0
152.650	0
152.750	0
152.850	0
152.950	0
153.050	0
153.150	0
153.250	0
153.350	0
153.450	0
153.550	0
153.650	0
153.750	0
153.850	0
153.950	0
154.050	0
154.150	0
154.250	0
154.350	0
154.450	0
154.550	0
154.650	0
154.750	0
154.850	0
154.950	0
155.050	0
155.150	0
155.250	0
155.350	0
155.450	0
155.550	0
155.650	0
155.750	0
155.850	0
155.950	0
156.050	0
156.150	0
156.250	0
156.350	0
156.450	0
156.550	0
156.650	0
156.750	0
156.850	0
156.950	0
157.050	0
157.150	0
157.250	0
157.350	0
157.450	0
157.550	0
157.650	0
157.750	0
157.850	0
157.950	0
158.050	0
158.150	0
158.250	0
158.350	0
158.450	0
158.550	0
158.650	0
158.750	0
158.850	0
158.950	0
159.050	0
159.150	0
159.250	0
159.350	0
159.450	0
159.550	0
159.650	0
159.750	0
159.850	0
159.950	0
160.050	0
160.150	0
160.250	0
160.350	0
160.450	0
160.550	0
160.650	0
160.750	0
160.850	0
160.950	0
161.050	0
161.150	0
161.250	0
161.350	0
161.450	0
161.550	0
161.650	0
161.750	0
161.850	0
161.950	0
162.050	0
162.150	0
162.250	0
162.350	0
162.450	0
162.550	0
162.650	0
162.750	0
162.850	0
162.950	0
163.050	0
163.150	0
163.250	0
163.350	0
163.450	0
163.550	0
163.650	0
163.750	0
163.850	0
163.950	0
164.050	0
164.150	0
164.250	0
164.350	0
164.450	0
164.550	0
164.650	0
164.750	0
164.850	0
164.950	0
165.050	0
165.150	0
165.250	0
165.350	0
165.450	0
165.550	0
165.650	0
165.750	0
165.850	0
165.950	0
166.050	0
166.150	0
166.250	0
166.350	0
166.450	0
166.550	0
166.650	0
166.750	0
166.850	0
166.950	0
167.050	0
167.150	0
167.250	0
167.350	0
167.450	0
167.550	0
167.650	0
167.750	0
167.850	0
167.950	0
168.050	0
168.150	0
168.250	0
168.350	0
168.450	0
168.550	0
168.650	0
168.750	0
168.850	0
168.950	0
169.050	0
169.150	0
169.250	0
169.350	0
169.450	0
169.550	0
169.650	0
169.750	0
169.850	0
169.950	0
170.050	0
170.150	0
170.250	0
170.350	0
170.450	0
170.550	0
170.650	0
170.750	0
170.850	0
170.950	0
171.050	0
171.150	0
171.250	0
171.350	0
171.450	0
171.550	0
171.650	0
171.750	0
171.850	0
171.950	0
172.050	0
172.150	0
172.250	0
172.350	0
172.450	0
172.550	0
172.650	0
172.750	0
172.850	0
172.950	0
173.050	0
173.150	0
173.250	0
173.350	0
173.450	0
173.550	0
173.650	0
173.750	0
173.850	0
173.950	0
174.050	0
174.150	0
174.250	0
174.350	0
174.450	0
174.550	0
174.650	0
174.750	0
174.850	0
174.950	0
175.050	0
175.150	0
175.250	0
175.350	0
175.450	0
175.550	0
175.650	0
175.750	0
175.850	0
175.950	0
176.050	0
176.150	0
176.250	0
176.350	0
176.450	0
176.550	0
176.650	0
176.750	0
176.850	0
176.950	0
177.050	0
177.150	0
177.250	0
177.350	0
177.450	0
177.550	0
177.650	0
177.750	0
177.850	0
177.950	0
178.050	0
178.150	0
178.250	0
178.350	0
178.450	0
178.550	0
178.650	0
178.750	0
178.850	0
178.950	0
179.050	0
179.150	0
179.250	0
179.350	0
179.450	0
179.550	0
179.650	0
179.750	0
179.850	0
179.950	0
180.050	0
180.150	0
180.250	0
180.350	0
180.450	0
180.550	0
180.650	0
180.750	0
180.850	0
180.950	0
181.050	0
181.150	0
181.250	0
181.350	0
181.450	0
181.550	0
181.650	0
181.750	0
181.850	0
181.950	0
182.050	0
182.150	0
182.250	0
182.350	0
182.450	0
182.550	0
182.650	0
182.750	0
182.850	0
182.950	0
183.050	0
183.150	0
183.250	0
183.350	0
183.450	0
183.550	0
183.650	0
183.750	0
183.850	0
183.950	0
184.050	0
184.150	0
184.250	0
184.350	0
184.450	0
184.550	0
184.650	0
184.750	0
184.850	0
184.950	0
185.050	0
185.150	0
185.250	0
185.350	0
185.450	0
185.550	0
185.650	0
185.750	0
185.850	0
185.950	0
186.050	0
186.150	0
186.250	0
186.350	0
186.450	0
186.550	0
186.650	0
186.750	0
186.850	0
186.950	0
187.050	0
187.150	0
187.250	0
187.350	0
187.450	0
187.550	0
187.650	0
187.750	0
187.850	0
187.950	0
188.050	0
188.150	0
188.250	0
188.350	0
188.450	0
188.550	0
188.650	0
188.750	0
188.850	0
188.950	0
189.050	0
189.150	0
189.250	0
189.350	0
189.450	0
189.550	0
189.650	0
189.750	0
189.850	0
189.950	0
190.050	0
190.150	0
190.250	0
190.350	0
190.450	0
190.550	0
190.650	0
190.750	0
190.850	0
190.950	0
191.050	0
191.150	0
191.250	0
191.350	0
191.450	0
191.550	0
191.650	0
191.750	0
191.850	0
191.950	0
192.050	0
192.150	0
192.250	0
192.350	0
192.450	0
192.550	0
192.650	0
192.750	0
192.850	0
192.950	0
193.050	0
193.150	0
193.250	0
193.350	0
193.450	0
193.550	0
193.650	0
193.750	0
193.850	0
193.950	0
194.050	0
194.150	0
194.250	0
194.350	0
194.450	0
194.550	0
194.650	0
194.750	0
194.850	0
194.950	0
195.050	0
195.150	0
195.250	0
195.350	0
195.450	0
195.550	0
195.650	0
195.750	0
195.850	0
195.950	0
196.050	0
196.150	0
196.250	0
196.350	0
196.450	0
196.550	0
196.650	0
196.750	0
196.850	0
196.950	0
197.050	0
197.150	0
197.250	0
197.350	0
197.450	0
197.550	0
197.650	0
197.750	0
197.850	0
197.950	0
198.050	0
198.150	0
198.250	0
198.350	0
198.450	0
198.550	0
198.650	0
198.750	0
198.850	0
198.950	0
199.050	0
199.150	0
199.250	0
199.350	0
199.450	0
199.550	0
199.650	0
199.750	0
199.850	0
199.950	0
200.050	0
200.150	0
200.250	0
200.350	0
200.450	0
200.550	0
200.650	0
200.750	0
200.850	0
200.950	0
201.050	0
201.150	0
201.250	0
201.350	0
201.450	0
201.550	0
201.650	0
201.750	0
201.850	0
201.950	0
202.050	0
202.150	0
202.250	0
202.350	0
202.450	0
202.550	0
202.650	0
202.750	0
202.850	0
202.950	0
203.050	0
203.150	0
203.250	0
203.350	0
203.450	0
203.550	0
203.650	0
203.750	0
203.850	0
203.950	0
204.050	0
204.150	0
204.250	0
204.350	0
204.450	0
204.550	0
204.650	0
204.750	0
204.850	0
204.950	0
205.050	0
205.150	0
205.250	0
205.350	0
205.450	0
205.550	0
205.650	0
205.750	0
205.850	0
205.950	0
206.050	0
206.150	0
206.250	0
206.350	0
206.450	0
206.550	0
206.650	0
206.750	0
206.850	0
206.950	0
207.050	0
207.150	0
207.250	0
207.350	0
207.450	0
207.550	0
207.650	0
207.750	0
207.850	0
207.950	0
208.050	0
208.150	0
208.250	0
208.350	0
208.450	0
208.550	0
208.650	0
208.750	0
208.850	0
208.950	0
209.050	0
209.150	0
209.250	0
209.350	0
209.450	0
209.550	0
209.650	0
209.750	0
209.850	0
209.950	0
210.050	0
210.150	0
210.250	0
210.350	0
210.450	0
