1510772690	29.6213	24.94	23.98
1510772720	29.6658	25.48	24.1
1510772750	29.7102	25.3	24.28
1510772780	29.7546	25.18	24.04
1510772811	29.7102	25.39	24.25
1510772841	29.7102	25.06	24.19
1510772871	29.7102	25.09	24.19
1510772901	29.6658	25.09	24.19
1510772931	29.7546	25.57	24.16
1510772961	29.7546	25.33	24.19
1510772991	29.7991	25.54	24.25
1510773021	29.7102	25.27	24.16
1510773051	29.7991	25.27	24.16
1510773072	29.7991	25.12	24.07
1510773103	29.7546	25.18	24.19
1510773133	29.7546	25.42	24.22
1510773163	29.7546	25.51	24.1
1510773193	29.7546	25.33	24.28
1510773223	29.7991	25.24	24.34
1510773253	29.7546	25.36	24.28
1510773283	29.7546	25.18	24.34
1510773313	29.7546	25.36	24.25
1510773343	29.7546	25.69	24.22
1510773373	29.7991	25.09	24.31
1510773403	29.7546	25.24	24.22
1510773433	29.7991	25.39	24.31
1510773463	29.7991	25.09	24.25
1510773493	29.8435	25.63	24.34
1510773523	29.8435	25	24.34
1510773553	29.8435	25.12	24.31
1510773583	29.7991	25.3	24.37
1510773613	29.888	25.24	24.34
1510773643	29.888	25.45	24.28
1510773673	29.8435	25.36	24.19
1510773703	29.8435	25.48	24.25
1510773733	29.888	25.51	24.34
1510773763	29.8435	25.24	24.28
1510773793	29.8435	25.57	24.28
1510773824	29.888	25.45	24.34
1510773854	29.8435	25.15	24.34
1510773884	29.9324	25.33	24.43
1510773914	29.7991	25.3	24.37
1510773944	29.8435	25.57	24.37
1510773974	29.8435	25.12	24.31
1510774004	29.8435	25.36	24.22
1510774034	29.8435	25.51	24.22
1510774064	29.8435	25.33	24.34
1510774094	29.8435	25.27	24.1
1510774124	29.888	25.27	24.22
1510774154	29.8435	25.3	24.4
1510774184	29.8435	25.21	24.28
1510774214	29.888	25.39	24.22
1510774244	29.8435	25.42	24.37
1510774274	29.888	25.06	24.31
1510774304	29.7991	25.36	24.43
1510774334	29.8435	25.45	24.31
1510774364	29.888	25.6	24.46
1510774628	29.9769	25.21	24.25
1510774767	29.9769	25.27	24.25
1510774797	29.9769	25.6	24.49
1510774827	29.888	25.42	24.49
1510774857	29.9324	25.45	24.46
1510774887	29.9324	25.51	24.43
1510774917	29.888	25.75	24.46
1510774953	29.9769	25.48	24.4
1510774983	29.9324	25.54	24.46
1510775013	29.9324	25.27	24.49
1510775043	29.9769	25.42	24.49
1510775054	29.9324	25.15	24.37
1510775073	29.9324	25.93	24.58
1510775084	29.888	25.06	24.37
1510775103	29.888	25.39	24.52
1510775123	29.9769	25.27	24.37
1510775133	29.9324	25.3	24.46
1510775153	29.888	25.36	24.46
1510775163	29.9769	25.57	24.43
1510775183	29.9769	25.51	24.52
1510775193	30.0213	25.69	24.46
1510775213	29.888	25.3	24.55
1510775223	30.0213	25.03	24.31
1510775244	30.0213	25.57	24.46
1510775253	30.0213	25.48	24.46
1510775274	29.9324	25.21	24.49
1510775321	29.9324	25.45	24.37
1510775356	29.9324	25.66	24.43
1510775394	29.9769	25.57	24.37
1510775424	29.9769	25.54	24.46
1510775454	29.888	25.51	24.46
1510775500	29.9324	25.51	24.43
1510775554	30.0213	25.45	24.37
1510775585	29.9769	25.33	24.4
1510775615	29.9324	25.51	24.4
1510775773	30.0213	25.42	24.43
1510775803	29.9769	25.51	24.49
1510775861	30.0213	25.45	24.58
1510775891	29.9769	25.48	24.43
1510775921	30.0213	25.96	24.4
1510775951	29.9769	25.45	24.52
1510775981	30.0213	25.09	24.58
1510776011	29.9769	25.72	24.61
1510776041	29.9769	25.63	24.67
1510776071	29.9769	25.39	24.64
1510776101	29.9769	25.69	24.64
1510776131	30.0213	25.66	24.58
1510776161	29.888	25.57	24.61
1510776191	29.9324	25.48	24.58
1510776221	29.9324	25.39	24.58
1510776251	29.9324	25.66	24.61
1510776281	30.0213	25.51	24.64
1510776311	29.9769	25.54	24.61
1510776341	29.9324	25.72	24.64
1510776371	29.8435	25.39	24.64
1510776401	29.9324	25.21	24.52
1510776431	29.9324	25.63	24.55
1510776462	29.9324	25.48	24.64
1510776492	29.9324	25.39	24.61
1510776522	29.9324	25.36	24.46
1510776552	29.9324	25.69	24.46
1510776582	29.9324	25.48	24.55
1510776612	29.9324	25.24	24.52
1510776642	29.9324	25.6	24.58
1510776672	29.888	25.72	24.61
1510776702	29.888	25.24	24.55
1510776732	29.888	25.06	24.37
1510776762	29.888	25.15	24.37
1510776792	29.9324	25.21	24.46
1510776822	29.9769	25.36	24.46
1510776852	29.9324	25.39	24.49
1510776882	29.888	25.18	24.43
1510776912	29.9324	25.57	24.49
1510776942	29.9324	25.3	24.46
1510776972	29.9324	25.87	24.55
1510777002	29.9769	25.6	24.52
1510777032	29.9324	25.75	24.64
1510777062	29.888	25	24.64
1510777092	29.9324	25.24	24.49
1510777122	29.8435	25.51	24.58
1510777152	30.0213	25.33	24.22
1510777183	30.0213	25.93	24.82
1510777213	29.7991	25.63	24.76
1510777654	29.9769	25.72	24.64
1510777684	29.9769	25.72	24.73
1510777714	29.9769	25.75	24.73
1510777744	29.9769	25.81	24.7
1510777774	29.9769	25.81	24.7
1510777804	29.9769	25.72	24.73
1510777834	29.9769	25.66	24.7
1510777864	29.9769	25.42	24.61
1510777894	30.0213	25.84	24.7
1510777924	29.9769	25.45	24.73
1510777954	29.9769	25.69	24.73
1510777984	30.0213	25.75	24.76
1510778014	29.9769	25.51	24.73
1510778044	29.9769	25.24	24.7
1510778075	29.9769	25.36	24.64
1510778105	29.9769	25.48	24.76
1510778135	29.9769	25.66	24.73
1510778165	29.9769	25.33	24.67
1510778195	29.9324	25.69	24.67
1510778225	29.888	25.45	24.64
1510778255	29.9324	25.75	24.76
1510778285	29.9324	25.39	24.67
1510778315	29.9324	25.93	24.79
1510778345	29.9769	25.69	24.82
1510778375	29.9324	25.54	24.64
1510778405	29.9324	25.81	24.73
1510778435	29.9324	25.72	24.76
1510778465	30.0213	25.81	24.79
1510778495	30.0213	25.48	24.76
1510778525	30.0213	26.02	24.76
1510778555	29.9769	25.51	24.76
1510778585	30.0213	25.51	24.76
1510778615	30.0213	25.6	24.76
1510778645	30.0213	25.12	24.73
1510778675	29.9324	25.57	24.82
1510778705	29.9769	25.87	24.82
1510778735	30.0213	25.54	24.79
1510778766	29.9769	25.51	24.7
1510778812	30.0213	25.66	24.67
1510778842	29.9769	25.66	24.7
1510778872	29.9769	25.39	24.73
1510778902	29.9769	25.78	24.7
1510778932	30.0213	25.75	24.73
1510778962	29.9324	25.63	24.73
1510778992	30.0213	25.78	24.76
1510779022	30.0213	25.96	24.79
1510779052	29.9769	25.48	24.73
1510779082	30.0658	25.72	24.7
1510779112	30.0658	25.93	24.76
1510779219	30.0213	25.9	24.67
1510779249	30.0213	25.9	24.82
1510779279	30.0213	25.81	24.79
1510779309	30.0213	25.9	24.91
1510779339	30.0213	26.05	24.82
1510779369	30.0213	25.69	24.76
1510779399	30.1102	25.63	24.7
1510779429	30.0213	25.42	24.76
1510779460	30.0213	25.81	24.73
1510779496	30.0213	25.27	24.58
1510779527	30.0658	25.66	24.76
1510779557	30.0213	25.69	24.79
1510779587	30.0213	25.66	24.76
1510779617	30.0658	25.99	24.79
1510779647	30.0213	25.51	24.85
1510779677	30.0213	25.51	24.82
1510779707	30.0213	25.99	24.85
1510779737	30.0658	25.66	24.67
1510779877	30.0213	25.57	24.79
1510779907	30.0658	26.11	24.79
1510779937	30.1546	25.66	24.7
1510779979	30.0213	25.42	24.7
1510780009	30.0658	25.72	24.76
1510780039	30.1102	25.51	24.73
1510780069	30.1546	26.08	24.88
1510780099	30.1546	25.84	24.76
1510780129	30.1102	25.81	24.88
1510780159	30.1102	25.63	24.79
1510780189	30.1102	26.02	24.76
1510780219	30.1102	25.87	24.82
1510780249	30.1102	25.9	24.76
1510780279	30.1546	25.87	24.85
1510780310	30.0213	25.69	24.88
1510780340	30.1102	25.6	24.79
1510780370	30.0658	26.14	24.79
1510780400	30.1102	25.93	24.76
1510780430	30.1102	25.75	24.73
1510780460	30.0213	25.78	24.82
1510780490	30.0658	25.87	24.94
1510780520	30.0658	25.63	24.91
1510780550	30.1102	26.05	24.97
1510780580	30.0213	25.63	24.85
1510780610	30.0658	25.51	24.91
1510780640	30.0658	25.69	24.85
1510780670	30.1102	25.69	24.88
1510780700	30.1102	25.87	24.85
1510781155	30.1546	25.6	24.76
1510781185	30.1546	25.6	24.94
1510781215	30.1102	25.96	24.91
1510781245	30.1102	25.93	24.88
1510781327	30.1546	25.72	24.79
1510781352	30.0213	26.05	24.76
1510781376	30.0658	25.84	24.7
1510781466	30.1102	25.48	24.46
1510781514	30.1546	25.54	24.82
1510781544	30.1102	25.78	25.03
1510781590	30.1991	25.63	24.97
1510782521	30.1546	25.93	24.85
1510782551	30.0658	25.9	24.88
1510782581	30.1102	25.75	24.85
1510782611	30.1991	26.02	24.91
1510782641	30.0658	25.84	24.91
1510782671	30.1546	25.75	24.85
1510782956	30.1102	25.72	24.88
1510782986	30.1546	25.63	24.94
1510783016	30.1102	26.23	24.94
1510783046	30.0658	25.81	24.91
1510783076	30.0213	25.78	24.91
1510784038	30.2435	25.63	24.88
1510784068	30.1102	25.96	25
1510784098	30.1102	26.26	25
1510784128	30.1991	25.78	25
1510784158	30.1546	25.93	25
1510784188	30.1102	25.78	25
1510784218	30.1102	25.96	24.94
1510784248	30.1102	25.99	25
1510784278	30.1546	26.14	24.94
1510784309	30.1546	25.99	25
1510784339	30.1546	26.14	25.06
1510784369	30.2435	26.14	24.94
1510784399	30.1991	25.81	24.97
1510784429	30.1991	26.02	25
1510784459	30.2435	26.02	24.94
1510784489	30.1546	26.14	25
1510784519	30.1546	26.32	25
1510784549	30.1991	25.6	25.12
1510784579	30.1991	26.11	25
1510784609	30.1546	25.84	25
1510784639	30.1546	25.87	25.03
1510784669	30.1991	25.96	25.12
1510784699	30.1546	26.02	25.06
1510784729	30.1546	25.99	25
1510784759	30.1546	26.08	24.91
1510784789	30.1102	26.05	25.03
1510784819	30.1546	26.44	25
1510784849	30.1102	26.05	25
1510784879	30.1102	25.81	25
1510784909	30.1102	26.14	25.03
1510784939	30.0658	26.14	25.06
1510784969	30.1546	26.17	24.94
1510785000	30.0213	26.11	25
1510785030	30.0658	25.87	24.97
1510785060	30.0213	25.87	24.97
1510785090	30.1546	26.2	25.09
1510785120	30.1102	26.11	25.03
1510785150	30.1102	25.69	25.03
1510785180	30.1102	25.81	25.03
1510785210	30.1102	26.23	25.03
1510785240	30.0658	26.29	25
1510785270	30.1102	25.78	25.03
1510785300	30.0658	26.02	25
1510785330	30.0213	25.99	25.03
1510785360	30.0658	26.02	24.97
1510785390	30.0658	25.63	25
1510785420	30.0213	25.87	25
1510785450	30.1102	26.35	25
1510785480	30.1102	25.84	25.03
1510785510	30.1102	26.05	25.09
1510785540	30.0658	26.23	24.97
1510785570	30.0213	26.08	25
1510785600	30.0658	26.11	25
1510785630	30.0213	26.53	25.03
1510785660	29.9769	26.02	24.91
1510785690	30.0213	26.05	25.06
1510785721	29.9769	26.26	25
1510785751	29.9769	25.9	25.03
1510785781	29.9324	26.29	25.06
1510785811	30.0213	25.9	25.03
1510785841	30.0213	25.99	25.03
1510785871	30.0213	26.41	25
1510785901	30.0213	25.99	25.06
1510785931	29.9769	26.32	25.03
1510785961	29.9769	26.05	25
1510785991	29.9769	26.14	25.06
1510786021	29.9769	26.23	25
1510786051	29.9769	26.29	25.03
1510786081	29.9324	25.93	25.03
1510786111	29.9324	26.11	25
1510786141	29.888	25.84	24.97
1510786171	29.9769	26.02	24.91
1510786201	29.9769	25.72	25
1510786231	29.9769	26.05	24.91
1510786261	29.9769	26.11	24.97
1510786291	29.888	26.26	25.06
1510786321	29.9769	26.14	25.03
1510786351	29.888	26.14	25.03
1510786381	29.9324	26.2	25.03
1510786411	29.9769	26.08	25
1510786442	29.9324	25.72	25
1510786472	29.9324	26.23	25.03
1510786502	30.0213	26.05	25
1510786532	29.9324	25.66	25.06
1510786562	29.9324	26.14	24.94
1510786592	29.9324	26.17	25
1510786622	29.9324	26.41	25.06
1510786652	29.9769	25.96	25
1510786682	29.9769	26.29	25
1510786712	30.0213	26.14	25.03
1510786742	29.9324	26.14	25.03
1510786772	29.9769	26.11	25
1510786802	29.9769	26.05	25.03
1510786832	30.0658	26.29	25.03
1510786862	30.0658	26.44	25
1510786892	30.0213	25.99	25.18
1510786922	29.9769	26.38	25.12
1510786952	30.0658	26.08	25
1510786982	30.0658	26.41	24.97
1510787012	30.0658	26.44	25.06
1510787042	30.0213	26.08	25
1510787072	30.0213	26.47	25.06
1510787102	30.1102	26.41	25.21
1510787133	30.0658	26.29	25.21
1510787163	30.0658	26.23	25.12
1510787193	30.0658	26.02	25.15
1510787223	30.0213	25.84	25.21
1510787253	30.0213	26.23	25.18
1510787283	29.9769	26.29	25.06
1510787313	29.9324	26.14	25.24
1510787343	29.9324	25.99	25.15
1510787373	29.9324	25.9	25.15
1510787403	29.9324	26.02	25.21
1510787433	29.9769	26.26	25.12
1510787463	29.9769	26.2	25.12
1510787493	29.9769	25.78	25.12
1510787523	30.0213	26.08	25.15
1510787553	29.9769	25.78	25.03
1510787583	30.0213	26.32	25.15
1510787613	29.9769	26.17	25.18
1510787643	29.9769	26.32	25.15
1510787673	29.9324	26.23	25.18
1510787703	29.9324	26.17	25.15
1510787733	29.9769	26.38	25.15
1510787763	29.9769	26.26	25.15
1510787793	29.9769	26.32	25.24
1510787823	29.888	26.56	25.15
1510787854	29.9324	26.08	25
1510787884	29.9769	26.11	25.18
1510787914	29.9769	25.96	25.15
1510787944	29.9324	26.2	25.21
1510787974	29.888	25.99	25.09
1510788004	29.888	26.47	25.15
1510788034	29.9769	26.2	25.18
1510788064	29.888	26.38	25.15
1510788094	29.9324	26.62	25.21
1510788124	29.9324	26.38	25.15
1510788154	29.888	26.32	25.12
1510788184	29.9769	26.05	25.15
1510788214	29.888	26.02	25.15
1510788244	29.888	25.96	25.12
1510788274	29.9769	26.2	25.15
1510788304	30.0213	26.29	25.15
1510788334	29.9324	26.11	25.18
1510788364	29.9769	26.29	25.09
1510788394	29.9769	26.2	25.21
1510788424	29.9769	26.23	25.15
1510788454	29.9769	26.17	25.18
1510788484	29.9769	26.56	25.15
1510788514	29.9769	26.23	25.12
1510788545	29.9324	26.44	25.15
1510788575	29.9769	25.99	25.15
1510788605	30.0213	26.65	25.18
1510788635	29.9769	26.44	25.12
1510788665	29.9769	26.05	25.15
1510788695	29.9769	25.84	25.24
1510788725	29.9324	26.2	25.18
1510788755	29.9324	26.38	25.18
1510788785	30.0213	26.53	25.12
1510788815	29.9769	26.29	25.21
1510788845	29.9324	26.38	25.24
1510788875	29.9769	26.2	25.18
1510788905	29.9769	26.32	25.18
1510788935	30.0213	26.53	25.12
1510788965	30.0213	25.9	25.09
1510788995	29.9769	25.81	25.27
1510789025	29.9324	26.14	25.18
1510789055	30.0213	26.32	25.15
1510789085	30.0213	26.17	25.21
1510789115	30.0213	26.38	25.18
1510789145	30.0213	26.17	25.15
1510789175	29.9769	26.5	25.15
1510789205	29.9769	26.2	25.15
1510789235	29.9769	26.41	25.06
1510789266	29.9769	26.17	25.03
1510789296	30.0213	25.99	25.06
1510789326	30.0213	26.35	25.18
1510789356	30.0213	26.29	25.21
1510789386	29.9769	26.26	25.15
1510789416	29.9769	26.29	25.18
1510789446	30.0213	26.11	24.91
1510789476	30.0213	26.26	25.18
1510789506	30.0213	26.56	25.21
1510789536	30.0658	26.2	25.15
1510789566	30.0213	26.17	25.18
1510789596	30.0213	25.87	25.12
1510789626	29.9769	26.35	25.18
1510789656	29.9769	26.17	25.15
1510789686	30.0213	25.96	25.21
1510789716	29.9769	26.29	25.24
1510789746	30.0658	26.56	25.27
1510789776	30.0213	26.29	25.18
1510789806	30.0213	26.26	25.18
1510789836	30.0658	26.29	25.15
1510789866	30.0213	26.44	25.3
1510789896	30.1102	26.14	25.24
1510789926	29.9769	26.17	25.21
1510789957	29.9769	26.08	25.12
1510789987	29.9769	26.29	25.24
1510790017	30.0658	26.23	25.27
1510790047	30.0213	26.32	25.24
1510790077	30.0213	26.32	25.33
1510790107	30.0658	26.02	25.15
1510790137	30.0658	26.26	25.15
1510790167	30.0658	26.44	25.24
1510790197	30.0658	26.17	25.3
1510790227	30.0213	26.32	25.24
1510790257	30.0213	26.29	25.3
1510790287	30.0658	26.62	25.18
1510790317	30.0658	26.17	25.18
1510790347	30.0658	26.26	25.21
1510790377	30.0213	26.23	25.09
1510790407	30.0658	26.41	25.21
1510790437	30.1102	26.29	25.06
1510790467	30.0658	26.11	25.18
1510790497	30.0658	26.35	25.21
1510790527	30.0658	26.35	25.21
1510790557	30.1102	26.32	25.21
1510790587	30.0658	26.23	25.18
1510790617	30.0213	26.44	25.24
1510790647	30.1546	26.26	25.21
1510790678	30.1102	25.9	25.18
1510790708	30.0658	26.44	25.27
1510790738	30.0658	26.41	25.12
1510790768	30.1102	26.38	25.27
1510790798	30.0658	26.32	25.21
1510790828	30.1102	26.11	25.15
1510790858	30.0658	26.5	25.24
1510790888	30.0213	26.47	25.24
1510790918	30.0658	26.23	25.21
1510790948	30.0658	26.44	25.18
1510790978	30.0658	26.47	25.18
1510791008	30.0658	26.35	25.24
1510791038	29.9769	26.47	25.18
1510791068	30.0213	26.35	25.24
1510791098	30.0658	26.14	25.21
1510791128	30.0213	26.35	25.18
1510791158	30.0213	26.71	25.24
1510791188	30.0213	26.89	25.33
1510791218	30.0213	26.65	25.18
1510845923	25.5769	27.4	25.54
1510845954	25.3991	27.37	25.54
1510845984	25.2658	27.43	25.63
1510846014	25.1769	27.52	25.54
1510846044	25.1325	27.61	25.6
1510846074	25.0436	27.34	25.48
1510846104	24.8658	27.16	25.36
1510846134	24.8214	27.58	25.42
1510846164	24.688	27.46	25.39
1510846206	24.5991	27.4	25.45
1510846310	24.1992	27.16	25.33
1510846340	24.1992	27.25	25.36
1510846370	24.1103	27.43	25.42
1510846400	24.0214	27.37	25.36
1510846430	23.9769	27.49	25.39
1510846460	23.8436	27.55	25.39
1510846490	23.7992	27.61	25.3
1510846520	23.6658	27.37	25.3
1510846550	23.6658	27.28	25.03
1510846572	23.6658	27.19	25.18
1510846602	23.5325	27.34	25.24
1510846632	23.488	27.28	25.3
1510846662	23.4436	27.22	25.18
1510846692	23.3992	27.31	25.21
1510846722	23.1769	27.58	25.3
1510846752	23.1769	27.37	25.27
1510846782	23.0436	27.82	25.24
1510846812	23.0436	27.49	25.12
1510846842	22.9992	27.58	25.15
1510846894	22.8658	26.92	25.03
1510846924	22.9103	27.16	24.97
1510846954	22.7325	27.31	25.03
1510846984	22.688	27.31	25.12
1510847015	22.5992	27.13	25.12
1510847045	22.6436	27.01	25.03
1510847075	22.5547	27.37	25
1510847105	22.4658	27.43	24.94
1510847135	22.5103	27.49	25
1510847165	22.3769	27.34	25
1510847195	22.3769	27.28	24.97
1510847225	22.2436	27.4	24.88
1510847255	22.2436	27.46	25
1510847285	22.2436	27.07	24.97
1510847315	22.1992	27.34	24.97
1510847345	22.1547	27.46	24.94
1510847375	22.1103	27.28	24.79
1510847405	22.1103	27.07	24.82
1510847435	22.1103	27.46	24.73
1510847465	22.0658	27.34	24.76
1510847495	21.8881	27.67	24.91
1510847525	21.8881	27.28	24.79
1510847555	21.8436	27.01	24.73
1510847585	21.7103	27.28	24.64
1510847615	21.6658	27.37	24.76
1510847645	21.6214	27.52	24.79
1510847675	21.6214	27.04	24.67
1510847705	21.577	27.31	24.64
1510847736	21.4436	27.37	24.61
1510847766	21.4881	27.07	24.67
1510847796	21.4436	27.22	24.67
1510847826	21.3992	27.46	24.64
1510847856	21.4881	27.31	24.64
1510847886	21.4881	26.95	24.61
1510847916	21.5325	27.43	24.52
1510847946	21.6214	26.89	24.49
1510847976	21.7547	27.43	24.52
1510848006	21.8436	26.95	24.52
1510848036	21.8881	27.13	24.46
1510848066	21.9325	27.28	24.55
1510848096	22.0658	26.98	24.4
1510848126	22.1992	27.46	24.37
1510848156	22.2881	27.16	24.37
1510848186	22.3769	27.22	24.34
1510848216	22.4658	27.19	24.34
1510848246	22.5992	27.16	24.28
1510848276	22.688	27.13	24.34
1510848306	22.8214	27.25	24.37
1510848336	22.9103	27.4	24.34
1510848366	22.9103	26.98	24.4
1510848396	23.0436	27.13	24.31
1510848426	23.2214	27.01	24.34
1510848457	23.2658	27.25	24.22
1510848487	23.4436	26.77	24.16
1510848517	23.4436	27.04	24.37
1510848547	23.2658	27.55	24.25
1510848577	23.488	27.67	24.46
1510850824	22.688	26.5	23.38
1510850854	22.5547	26.89	23.38
1510850884	22.5547	26.77	23.35
1510850914	22.5103	27.19	23.41
1510850992	22.2881	26.56	23.38
1510851022	22.2881	26.68	23.17
1510851351	21.6658	26.47	23.11
1510851381	21.6658	26.68	23.17
1510851411	21.6214	26.62	23.17
1510851441	21.5325	26.56	23.17
1510851471	21.577	26.62	23.05
1510851501	21.5325	26.53	23.02
1510851531	21.577	26.62	23.08
1510851561	21.577	26.32	23.02
1510851591	21.577	26.65	23.05
1510851621	21.7103	26.44	22.99
1510851651	21.7992	26.53	22.96
1510851681	21.8881	26.68	22.93
1510851711	21.9769	26.47	22.96
1510851741	21.9769	26.2	22.99
1510851771	22.1103	26.83	23.05
1510851801	22.1992	26.41	22.99
1510851831	22.2881	26.56	23.11
1510851861	22.3325	26.74	23.17
1510851891	22.3769	26.53	22.99
1510851921	22.5992	26.77	23.17
1510851951	22.6436	26.29	22.87
1510851981	22.7769	26.53	22.87
1510852011	22.9103	26.11	22.9
1510852042	22.9103	26.35	22.96
1510852072	23.0436	26.17	22.63
1510852102	22.9992	26.11	22.54
1510852132	22.9992	26.23	22.84
1510852162	22.9547	26.29	23.02
1510852192	23.0436	26.29	22.84
1510852222	22.9547	26.14	22.93
1510852252	22.9103	26.62	22.99
1510852282	22.8658	26.32	22.93
1510852312	22.8214	26.44	22.87
1510852342	22.8214	26.44	22.84
1510852372	22.7769	26.17	22.75
1510852402	22.688	26.05	22.84
1510852432	22.6436	26.29	22.78
1510852462	22.5103	26.32	22.87
1510852492	22.4658	26.41	22.78
1510852522	22.5103	26.14	22.75
1510852552	22.3769	26.41	22.84
1510852582	22.2436	26.35	22.81
1510852612	22.2436	26.08	22.57
1510852642	22.1992	26.2	22.75
1510852672	22.1103	26.32	22.69
1510852702	22.1103	26.11	22.57
1510852732	22.0214	25.93	22.48
1510852762	21.9769	26.02	22.57
1510852793	21.9325	25.48	22.21
1510852823	21.8436	26.35	22.69
1510852853	21.7547	25.87	22.3
1510852883	21.6658	26.17	22.39
1510852913	21.6658	26.14	22.6
1510852943	21.6214	26.05	22.57
1510852973	21.577	26.29	22.6
1510853003	21.4881	26.32	22.69
1510853033	21.3992	26.23	22.6
1510853063	21.3992	25.9	22.57
1510853093	21.3547	26.29	22.54
1510853123	21.1325	26.14	22.6
1510853153	21.1325	26.26	22.51
1510853183	21.1325	26.02	22.57
1510853213	21.0436	25.99	22.54
1510853243	20.9547	26.35	22.42
1510853273	20.9103	25.75	22.39
1510853303	20.8659	26.29	22.54
1510853333	20.777	26.2	22.6
1510853363	20.777	26.38	22.54
1510853393	20.777	26.41	22.57
1510853423	20.6881	26.29	22.51
1510853453	20.5992	25.96	22.42
1510853483	20.5547	26.29	22.45
1510853513	20.4214	25.84	22.39
1510853544	20.5103	25.87	22.27
1510853574	20.377	26.14	22.36
1510853604	20.2881	26.14	22.48
1510853634	20.377	26.05	22.36
1510853664	20.2436	26.05	22.3
1510853694	20.3325	25.51	22.18
1510853724	20.3325	25.66	22.06
1510853754	20.4659	26.65	22.48
1510853784	20.4659	25.54	21.82
1510853814	20.4659	26.59	22.48
1510853844	20.6881	26.5	22.39
1510853914	20.8214	25.87	22.18
1510853944	20.9547	25.75	22.06
1510853974	20.9547	25.75	22.21
1510854004	21.0881	26.08	22.36
1510854034	21.1325	25.63	21.85
1510854064	21.3547	25.78	22.12
1510854094	21.4436	25.93	22.39
1510854124	21.577	26.02	22.36
1510854154	21.6658	26.05	22.24
1510854184	21.7992	26.2	22.39
1510854214	21.8881	26.17	22.15
1510854245	22.0214	25.93	22.06
1510854275	22.1103	25.84	22.24
1510854305	22.2436	26.02	22.12
1510854335	22.3769	26.14	22.18
1510854365	22.4214	25.63	22.03
1510854395	22.5992	25.99	22.18
1510854425	22.7769	26.05	22.18
1510854455	22.7769	25.81	22.09
1510854485	22.8214	25.99	22.18
1510854515	22.8214	26.26	22.33
1510854545	22.8214	26.2	22.24
1510854575	22.9103	26.02	22.21
1510854605	22.8658	25.9	22.09
1510854635	22.7769	25.93	22.18
1510854665	22.7325	26.17	22.24
1510854695	22.688	25.81	21.97
1510854725	22.6436	26.08	22.15
1510854755	22.5547	25.63	21.85
1510854785	22.4658	25.66	21.79
1510854815	22.4658	25.72	21.91
1510854845	22.4214	25.63	22.12
1510854875	22.4214	25.75	22.18
1510854905	22.3325	25.54	21.76
1510854935	22.1992	25.45	21.91
1510854965	22.1547	25.63	22
1510854996	22.1547	25.78	22.18
1510855026	21.9769	25.51	21.94
1510855056	21.9769	26.08	22.06
1510855086	21.8436	26.05	22.12
1510855116	21.7547	25.57	22.15
1510855146	21.6658	26.08	22.06
1510855176	21.577	25.9	22
1510855206	21.4881	25.51	21.97
1510855236	21.5325	25.81	21.88
1510855266	21.4881	25.75	21.91
1510855296	21.3547	25.93	21.82
1510855326	21.3103	25.75	22.12
1510855356	21.177	25.48	21.76
1510855386	21.177	25.57	22
1510855416	21.1325	25.78	21.91
1510855446	21.1325	25.93	22.03
1510855476	21.0881	25.81	22.06
1510855506	20.9992	26.05	22.09
1510855536	20.9547	26.05	22.09
1510855566	20.9103	25.51	22.09
1510855596	20.8659	25.96	21.88
1510855626	20.9992	25.75	21.94
1510855656	20.9547	25.66	22.06
1510855686	20.9547	25.66	22.03
1510855717	20.7325	25.81	21.82
1510855747	20.777	25.54	22.12
1510855777	20.7325	25.9	22
1510855807	20.6881	25.75	22.09
1510855837	20.6436	25.57	21.97
1510855867	20.5547	25.27	21.79
1510855897	20.5103	25.09	21.85
1510855927	20.4659	25.15	21.85
1510855957	20.377	24.58	21.85
1510855987	20.377	24.13	21.79
1510856017	20.377	23.77	21.82
1510856047	20.2881	23.02	21.85
1510856077	20.1992	22.51	21.91
1510856107	20.1547	21.07	21.73
1510856137	20.1547	20.26	21.52
1510856167	20.1103	19.27	21.79
1510856197	20.1103	18.1	21.76
1510856227	19.977	16.54	21.64
1510856257	20.0214	14.98	21.34
1510856287	19.9325	13.72	21.55
1510856317	19.9325	12.25	21.52
1510856347	19.8436	10.42	21.52
1510856377	19.8436	8.5	21.37
1510856407	19.7547	6.79	21.4
1510856437	19.7103	5.98	21.28
1510856468	19.7547	5.71	21.31
1510856498	19.577	4.72	21.22
1510856528	19.6659	3.07	21.16
1510858016	21.5325	-0.74	15.37
1510858046	21.4436	-0.59	15.37
1510858076	21.4436	-0.89	15.34
1510858107	21.4436	-0.8	15.16
1510858137	21.2658	-0.89	15.13
1510858167	21.3103	-0.62	15.19
1510858197	21.177	-0.86	15.01
1510858227	21.1325	-0.53	15.04
1510858257	21.0881	-0.35	14.92
1510858287	21.1325	-0.65	14.8
1510858317	20.9992	-0.77	14.74
1510858347	20.9992	-0.62	14.62
1510858377	20.9547	-0.35	14.68
1510860745	22.4214	-0.47	10.84
1510860776	22.5547	0.01	10.87
1510860806	22.5992	-0.44	10.81
1510860836	22.7325	-0.35	10.87
1510860866	22.7769	-0.29	10.81
1510860896	22.9103	-0.41	10.72
1510860926	22.8214	-0.59	10.66
1510860956	22.7769	-0.74	10.69
1510860986	22.7325	-0.41	10.66
1510861016	22.7325	-0.62	10.63
1510861046	22.688	-0.5	10.63
1510861076	22.5992	-0.44	10.72
1510861106	22.5992	-0.53	10.6
1510861136	22.5103	-0.41	10.51
1510861166	22.4658	-0.71	10.51
1510861196	22.2881	-0.44	10.51
1510861226	22.3325	-0.62	10.54
1510861256	22.1992	-0.38	10.48
1510861286	22.1992	-0.68	10.3
1510861316	22.1103	-0.8	10.39
1510861346	21.9769	-0.41	10.39
1510861376	21.9325	-0.44	10.33
1510861406	21.7992	-0.38	10.3
1510861436	21.8436	-0.53	10.27
1510861466	21.6214	-0.35	10.21
1510861497	21.4881	-0.71	10.12
1510861527	21.4436	-0.62	10.24
1510861557	21.3992	-0.62	10.12
1510861587	21.3547	-0.53	10.18
1510861617	21.3992	-0.5	10.15
1510861647	21.2214	-0.59	10.03
1510861677	21.1325	-0.65	10
1510861707	21.0881	-0.71	10.03
1510861737	21.0436	-0.53	9.97
1510861767	20.9992	-0.74	9.91
1510861797	20.9103	-0.56	10
1510861827	20.8659	-0.68	9.94
1510861857	20.6881	-0.89	9.91
1510861887	20.6881	-0.59	9.91
1510861917	20.5992	-0.56	9.82
1510861947	20.6436	-0.56	9.94
1510861977	20.5992	-0.59	9.85
1510862007	20.4659	-0.71	9.88
1510862037	20.4214	-0.41	9.85
1510862067	20.4214	-0.71	9.79
1510862097	20.3325	-0.47	9.76
1510862127	20.2881	-0.44	9.64
1510862157	20.2881	-0.47	9.64
1510862187	20.1547	-0.62	9.64
1510862217	20.1992	-0.47	9.73
1510862248	20.1992	-0.47	9.7
1510862278	20.1547	-0.74	9.67
1510862308	20.0214	-0.44	9.58
1510862338	20.1103	-0.71	9.64
1510862368	20.0214	-0.59	9.52
1510862398	19.977	-0.38	9.64
1510862428	19.8881	-0.65	9.52
1510862458	19.8881	-0.5	9.43
1510862488	19.8436	-0.68	9.55
1510862518	19.7992	-0.35	9.52
1510862548	19.7992	-0.74	9.43
1510862578	19.7992	-0.83	9.4
1510862608	19.8436	-0.44	9.52
1510862638	19.8436	-0.29	9.52
1510862668	19.9325	-0.68	9.43
1510862698	19.977	-0.44	9.55
1510862728	20.1103	-0.62	9.52
1510862758	20.1992	-0.38	9.37
1510862788	20.3325	-0.44	9.31
1510862818	20.3325	-0.47	9.34
1510862848	20.4214	-0.59	9.46
1510862878	20.5547	-0.44	9.31
1510862908	20.6436	-0.44	9.28
1510862938	20.7325	-0.5	9.22
1510862968	20.8214	-0.5	9.34
1510862999	20.9547	-0.47	9.37
1510863029	21.0881	-0.59	9.1
1510863059	21.1325	-0.68	9.1
1510863089	21.2658	-0.44	9.22
1510863119	21.3992	-0.56	9.25
1510863149	21.5325	-0.74	9.1
1510863179	21.6214	-0.62	9.13
1510863209	21.7103	-0.5	9.19
1510863242	21.8436	-0.86	9.01
1510863272	21.9769	-0.44	9.19
1510863302	22.1103	-0.5	9.25
1510863372	22.2881	-0.59	9.16
1510863402	22.3769	-0.47	9.22
1510863432	22.4658	-0.5	9.13
1510863462	22.5992	-0.2	9.19
1510863492	22.688	-0.5	9.22
1510863522	22.7325	-0.62	9.19
1510863552	22.7325	-0.5	9.1
1510863582	22.8214	-0.35	9.1
1510863612	22.7769	-0.56	9.19
1510863642	22.8658	-0.38	9.28
1510863672	22.7325	-0.53	9.19
1510863702	22.8214	-0.47	9.1
1510863732	22.6436	-0.68	9.16
1510863762	22.6436	-0.53	9.16
1510863793	22.5103	-0.41	9.22
1510863823	22.4658	-0.44	9.16
1510863853	22.3769	-0.56	9.04
1510863883	22.3769	-0.56	9.1
1510863913	22.2881	-0.83	9.01
1510863943	22.2436	-0.47	8.92
1510863973	22.1547	-0.65	8.98
1510864003	22.1547	-0.71	8.95
1510864033	21.9769	-0.47	9.04
1510864063	21.9325	-0.56	9.07
1510864093	21.7992	-0.59	9.1
1510864123	21.7103	-0.44	8.89
1510864153	21.6214	-0.8	9.04
1510864183	21.4881	-0.53	8.98
1510864213	21.4436	-0.26	8.89
1510864243	21.3547	-0.2	9.01
1510864273	21.3992	-0.74	9.01
1510864303	21.2214	-0.44	8.89
1510864333	21.1325	-0.53	8.86
1510864363	21.1325	-0.65	8.86
1510864393	20.9992	-0.29	8.89
1510864423	20.9547	-0.56	8.89
1510864453	20.8214	-0.56	8.77
1510864483	20.777	-0.44	8.8
1510864514	20.8214	-0.59	8.77
1510864544	20.6881	-0.5	8.8
1510864574	20.6436	-0.38	8.65
1510864604	20.5547	-0.56	8.74
1510864634	20.5103	-0.38	8.77
1510864664	20.5547	-0.5	8.74
1510864694	20.377	-0.41	8.65
1510864724	20.377	-0.35	8.62
1510864754	20.3325	-0.65	8.65
1510864784	20.2881	-0.47	8.56
1510864814	20.3325	-0.41	8.62
1510864844	20.377	-0.68	8.59
1510864874	20.4214	-0.5	8.59
1510864904	20.4214	-0.5	8.62
1510864934	20.5547	-0.38	8.53
1510864964	20.5547	-0.74	8.62
1510864994	20.6881	-0.53	8.62
1510865024	20.8214	-0.32	8.56
1510865054	20.8214	-0.65	8.65
1510865084	20.9547	-0.83	8.62
1510865114	21.0881	-0.68	8.65
1510865144	21.177	-0.35	8.44
1510865174	21.2658	-0.53	8.44
1510865204	21.3547	-0.32	8.53
1510865234	21.4436	-0.89	8.44
1510865265	21.6214	-0.5	8.53
1510865295	21.6214	-0.71	8.47
1510865325	21.7992	-0.29	8.5
1510865355	21.9325	-0.77	8.44
1510865385	22.0214	-0.56	8.47
1510865415	22.1103	-0.89	8.5
1510865451	22.1992	-0.56	8.47
1510865481	22.1547	-0.29	8.56
1510865511	22.4214	-0.71	8.44
1510865541	22.5547	-0.56	8.53
1510865571	22.5992	-0.32	8.47
1510865601	22.7769	-0.2	8.5
1510865631	22.8214	-0.74	8.5
1510865661	22.9103	-0.44	8.53
1510865691	22.9547	-0.53	8.47
1510865721	23.0881	-0.41	8.59
1510865751	23.0881	-0.59	8.53
1510865781	23.2214	-0.5	8.53
1510865811	23.3547	-0.35	8.53
1510865841	23.3992	-0.62	8.5
1510865871	23.488	-0.68	8.47
1510865901	23.6658	-0.5	8.47
1510865931	23.7103	-0.29	8.44
1510865961	23.7992	-0.47	8.53
1510865992	23.8436	-0.65	8.44
1510866022	23.888	-0.71	8.35
1510866052	23.9325	-0.8	8.26
1510866082	23.8436	-0.5	8.44
1510866112	23.888	-0.65	8.56
1510866142	23.8436	-0.5	8.47
1510866172	23.7547	-0.17	8.5
1510866202	23.6214	-0.59	8.44
1510866232	23.5769	-0.41	8.5
1510866262	23.5325	-0.29	8.41
1510866292	23.4436	-0.32	8.53
1510866322	23.3103	-0.32	8.38
1510866352	23.2214	-0.26	8.5
1510866382	23.0881	-0.38	8.47
1510866412	23.0436	-0.47	8.5
1510866443	22.9547	-0.8	8.47
1510866526	22.8214	-0.59	8.38
1510866556	22.688	-0.5	8.5
1510866586	22.688	-0.44	8.5
1510866616	22.688	-0.8	8.5
1510866646	22.688	-0.44	8.5
1510866676	22.688	-0.44	8.62
1510866706	22.688	-0.47	8.59
1510866736	22.7769	-0.41	8.47
1510866766	22.8658	-0.59	8.47
1510866796	22.8214	-0.5	8.47
1510866826	22.8658	-0.56	8.53
1510866856	22.8214	-0.38	8.56
1510866887	22.8214	-0.23	8.5
1510866917	22.9547	-0.53	8.56
1510866947	22.9992	-0.17	8.59
1510866977	23.0436	-0.44	8.47
1510867007	23.0881	-0.53	8.5
1510867037	23.1325	-0.17	8.53
1510867067	23.1769	-0.65	8.56
1510867097	23.2214	-0.44	8.5
1510867127	23.3103	-0.44	8.53
1510867157	23.3992	-0.41	8.47
1510867187	23.3992	-0.71	8.29
1510867217	23.488	-0.62	8.5
1510867247	23.5325	-0.38	8.5
1510867277	23.6658	-0.32	8.5
1510867307	23.6658	-0.35	8.47
1510867337	23.7547	-0.35	8.44
1510867367	23.7103	-0.23	8.5
1510867397	23.7992	-0.44	8.53
1510867427	23.7992	-0.77	8.44
1510867457	23.7103	-0.44	8.47
1510867487	23.7992	-0.62	8.47
1510867517	23.6658	-0.65	8.5
1510867547	23.6214	-0.47	8.5
1510867577	23.488	-0.29	8.47
1510867607	23.3992	-0.56	8.5
1510867638	23.3103	-0.32	8.44
1510867668	23.3103	-0.29	8.5
1510867698	23.1325	-0.41	8.56
1510867728	22.9992	-0.44	8.5
1510867758	22.9103	-0.32	8.5
1510867788	22.8658	-0.38	8.5
1510867818	22.7325	-0.77	8.47
1510867848	22.8214	-0.41	8.56
1510867878	22.7769	-0.44	8.47
1510867908	22.7325	-0.59	8.44
1510867961	22.7769	-0.35	8.47
1510867991	22.8214	-0.2	8.53
1510868021	22.9103	-0.44	8.5
1510868051	22.8214	-0.47	8.56
1510868081	22.9103	-0.44	8.5
1510868111	22.9547	-0.41	8.44
1510868141	23.0436	-0.59	8.41
1510868171	23.0881	-0.83	8.38
1510868201	23.0881	-0.32	8.44
1510868231	23.1325	-0.35	8.41
1510868261	23.2658	-0.86	8.02
1510868291	23.2214	-0.65	8.2
1510868321	23.3547	-0.47	8.47
1510868351	23.3547	-0.77	8.29
1510868381	23.3992	-0.23	8.53
1510868411	23.5325	-0.62	8.32
1510868442	23.5769	-0.2	8.35
1510868467	23.6214	-0.35	8.29
1510868497	23.6658	-0.44	8.38
1510868527	23.6658	-0.53	8.29
1510868551	23.7103	-0.44	8.38
1510868582	23.9325	-1.07	8.14
1510868612	23.9769	-0.2	8.5
1510868642	24.0214	-0.71	8.32
1510868672	24.0214	-0.38	8.5
1510868702	24.0214	-0.74	8.38
1510868732	24.0658	-0.47	8.53
1510868762	24.1547	-0.47	8.53
1510868792	24.1992	-0.41	8.38
1510868822	24.2436	-0.53	8.41
1510868852	24.3325	-0.71	8.29
1510868882	24.2436	-0.35	8.53
1510868912	24.1547	-0.35	8.59
1510868942	24.1992	-0.65	8.47
1510868972	24.0658	-0.44	8.38
1510869002	24.1547	-0.59	8.29
1510869032	23.9769	-0.47	8.53
1510869062	23.9325	-0.62	8.5
1510869092	23.888	-0.71	8.47
1510869122	23.6658	-0.77	8.5
1510869152	23.5769	-0.68	8.56
1510869182	23.4436	-0.56	8.47
1510869212	23.3992	-0.44	8.41
1510869242	23.3103	-0.29	8.5
1510869273	23.3547	-0.41	8.56
1510869303	23.3547	-0.74	8.38
1510869333	23.3103	-0.56	8.56
1510869363	23.2658	-0.59	8.56
1510869393	23.2658	-0.62	8.59
1510869423	23.3547	-0.53	8.53
1510869453	23.3547	-0.71	8.53
1510869483	23.3103	-0.62	8.53
1510869513	23.3103	-0.53	8.56
1510869543	23.4436	-0.44	8.44
1510869573	23.3992	-0.29	8.5
1510869603	23.5769	-0.62	8.56
1510869633	23.5769	-0.35	8.59
1510869663	23.5769	-0.44	8.56
1510869693	23.6658	-0.35	8.53
1510869723	23.8436	-0.44	8.53
1510869753	23.7992	-0.41	8.62
1510869783	23.8436	-0.32	8.59
1510869813	23.9325	-0.35	8.56
1510869843	23.9769	-0.47	8.56
1510869873	24.0214	-0.53	8.62
1510869903	24.1547	-0.56	8.38
1510869933	24.1547	-0.53	8.5
1510869963	24.2436	-0.32	8.56
1510869993	24.3325	-0.59	8.56
1510870024	24.4214	-0.62	8.44
1510870054	24.4658	-0.32	8.5
1510870084	24.5547	-0.44	8.53
1510870114	24.5103	-0.41	8.47
1510870144	24.5991	-0.44	8.5
1510870174	24.6436	-0.41	8.56
1510870204	24.5547	-0.59	8.5
1510870234	24.5547	-0.41	8.56
1510870264	24.4214	-0.23	8.47
1510870294	24.4658	-0.65	8.5
1510870324	24.3769	-0.56	8.5
1510870354	24.2436	-0.44	8.53
1510870384	24.1547	-0.32	8.56
1510870414	24.0214	-0.44	8.59
1510870444	23.9769	-0.29	8.5
1510870474	23.888	-0.5	8.5
1510870504	23.7992	-0.23	8.53
1510870534	23.7103	-0.5	8.5
1510870564	23.5325	-0.44	8.53
1510870594	23.3992	-0.56	8.47
1510870624	23.3992	-0.71	8.47
1510870654	23.3992	-0.8	8.56
1510870684	23.3547	-0.56	8.53
1510870714	23.3992	-0.41	8.47
1510870745	23.3547	-0.59	8.5
1510870775	23.2658	-0.44	8.5
1510870805	23.3547	-0.5	8.44
1510870835	23.3547	-0.26	8.56
1510870865	23.4436	-0.59	8.53
1510870895	23.3992	-0.62	8.56
1510870925	23.4436	-0.59	8.53
1510870955	23.488	-0.53	8.53
1510870985	23.488	-0.65	8.53
1510871015	23.6214	-0.59	8.5
1510871045	23.6658	-0.47	8.59
1510871075	23.7103	-0.74	8.53
1510871105	23.8436	-0.41	8.71
1510871135	23.8436	-0.5	8.71
1510871165	23.9325	-0.47	8.65
1510871195	24.0214	-0.23	8.68
1510871225	24.0214	-0.59	8.68
1510871315	24.1547	-0.59	8.59
1510871345	24.2436	-0.74	8.65
1510871375	24.288	-0.35	8.74
1510871405	24.288	-0.32	8.71
1510871435	24.3769	-0.62	8.62
1510871465	24.4658	-0.62	8.71
1510871495	24.5103	-0.44	8.68
1510871525	24.5991	-0.44	8.71
1510871555	24.5991	-0.56	8.68
1510871585	24.5103	-0.38	8.68
1510871615	24.4214	-0.44	8.74
1510871645	24.4214	-0.59	8.65
1510871675	24.3769	-0.5	8.65
1510871706	24.288	-0.47	8.71
1510871736	24.1547	-0.62	8.68
1510871766	24.1547	-0.56	8.68
1510871796	24.0658	-0.44	8.68
1510871826	23.9325	-0.53	8.65
1510871856	23.7992	-0.56	8.71
1510871886	23.7547	-0.53	8.71
1510871916	23.7103	-0.35	8.77
1510871946	23.5769	-0.44	8.65
1510871976	23.4436	-0.62	8.65
1510872006	23.4436	-0.56	8.71
1510872036	23.3992	-0.62	8.68
1510872066	23.4436	-0.44	8.77
1510872096	23.3992	-0.65	8.71
1510872126	23.3992	-0.68	8.68
1510872156	23.488	-0.5	8.65
1510872186	23.488	-0.62	8.62
1510872216	23.5325	-0.56	8.71
1510872246	23.5769	-0.59	8.65
1510872276	23.5325	-0.59	8.71
1510872306	23.6214	-0.32	8.74
1510872336	23.6214	-0.74	8.68
1510872366	23.7547	-0.26	8.71
1510872396	23.7992	-0.38	8.65
1510872427	23.8436	-0.53	8.62
1510872457	23.888	-0.35	8.65
1510872487	23.9325	-0.56	8.68
1510872517	23.9769	-0.47	8.71
1510872547	24.1103	-0.44	8.71
1510872577	24.1103	-0.59	8.74
1510872607	24.1992	-0.44	8.68
1510872637	24.1992	-0.38	8.68
1510872667	24.3325	-0.53	8.68
1510872697	24.3769	-0.32	8.71
1510872727	24.4214	-0.59	8.68
1510872757	24.5547	-0.53	8.71
1510872787	24.5547	-0.77	8.8
1510872817	24.6436	-0.62	8.77
1510872847	24.5991	-0.62	8.8
1510872877	24.5991	-0.47	8.77
1510872907	24.5547	-0.5	8.74
1510872937	24.4658	-0.74	8.77
1510872967	24.4658	-0.47	8.74
1510872997	24.3325	-0.56	8.77
1510873027	24.3325	-0.65	8.74
1510873057	24.1992	-0.26	8.77
1510873087	24.1103	-0.68	8.83
1510873117	24.0214	-0.56	8.8
1510873148	23.8436	-0.56	8.68
1510873178	23.7992	-0.59	8.68
1510873208	23.7103	-0.47	8.71
1510873238	23.6214	-0.68	8.68
1510873268	23.5769	-0.74	8.68
1510873298	23.488	-0.59	8.65
1510873328	23.5325	-0.71	8.74
1510873358	23.488	-0.35	8.71
1510873388	23.4436	-0.5	8.77
1510873418	23.5325	-0.8	8.8
1510873448	23.488	-0.5	8.8
1510873478	23.5325	-0.53	8.77
1510873508	23.488	-0.56	8.83
1510873538	23.5325	-0.41	8.83
1510873568	23.6214	-0.53	8.83
1510873598	23.6214	-0.56	8.83
1510873628	23.7547	-0.62	8.83
1510873658	23.7103	-0.53	8.89
1510873688	23.7547	-0.41	8.89
1510873718	23.888	-0.59	8.86
1510873748	23.9325	-0.83	8.77
1510873778	23.888	-0.38	8.83
1510873808	24.0214	-0.5	8.83
1510873838	24.1103	-0.53	8.8
1510873868	24.1547	-0.44	8.83
1510873899	24.1547	-0.47	8.8
1510873929	24.1992	-0.26	8.86
1510873959	24.3325	-0.26	8.74
1510873989	24.3769	-0.56	8.86
1510874019	24.4214	-0.62	8.83
1510874049	24.4658	-0.53	8.8
1510874079	24.6436	-0.38	8.86
1510874109	24.6436	-0.53	8.8
1510874139	24.7769	-0.29	8.83
1510874169	24.7769	-0.38	8.8
1510874199	24.8658	-0.56	8.86
1510874229	24.8658	-0.65	8.8
1510874259	24.9102	-0.32	8.8
1510874289	24.8214	-0.56	8.95
1510874319	24.7325	-0.32	8.83
1510874349	24.7325	-0.44	8.77
1510874379	24.6436	-0.68	8.77
1510874409	24.5991	-0.44	8.74
1510874439	24.4214	-0.32	8.77
1510874469	24.4658	-0.5	8.83
1510874499	24.288	-0.44	8.83
1510874529	24.1992	-0.38	8.86
1510874559	24.1103	-0.8	8.86
1510874589	24.1103	-0.29	8.8
1510874620	23.9769	-0.41	8.8
1510874650	23.888	-0.32	8.83
1510874680	23.7547	-0.92	8.74
1510874710	23.5769	-0.44	8.8
1510874740	23.3992	-0.29	8.8
1510874770	23.3992	-0.47	8.83
1510874800	23.3103	-0.47	8.8
1510874830	23.2214	-0.56	8.77
1510874860	23.1769	-0.74	8.83
1510874890	23.1325	-0.5	8.83
1510874920	23.1325	-0.59	8.8
1510874950	23.1325	-0.5	8.83
1510874980	23.2214	-0.65	8.74
1510875010	23.1769	-0.29	8.86
1510875040	23.1769	-0.59	8.8
1510875070	23.3103	-0.44	8.83
1510875100	23.3547	-0.44	8.8
1510875130	23.3992	-0.56	8.74
1510875160	23.4436	-0.59	8.8
1510875190	23.4436	-0.53	8.77
1510875220	23.4436	-0.74	8.83
1510875250	23.5325	-0.47	8.77
1510875280	23.5769	-0.29	8.8
1510875310	23.6658	-0.62	8.77
1510875341	23.7103	-0.44	8.8
1510875371	23.7992	-0.71	8.83
1510875401	23.8436	-0.47	8.83
1510875431	23.888	-0.32	8.77
1510875461	23.9769	-0.65	8.8
1510875491	24.0214	-0.44	8.77
1510875521	24.0214	-0.35	8.86
1510875551	24.1547	-0.14	8.86
1510875581	24.1992	-0.26	8.92
1510875611	24.288	-0.5	8.98
1510875641	24.3325	-0.17	8.83
1510875671	24.3769	-0.29	8.95
1510875701	24.4658	-0.11	8.92
1510875731	24.5103	-0.38	8.95
1510875761	24.5991	-0.68	8.77
1510875791	24.5991	0.13	8.77
1510881554	24.1547	-1.28	9.22
1510881584	24.1547	-2.12	9.22
1510881614	24.1992	-3.08	9.31
1510881644	24.288	-4.61	9.31
1510881674	24.3769	-6.8	9.31
1510881704	24.3769	-8.27	9.28
1510881734	24.3769	-10.16	9.19
1510881764	24.4214	-12.89	9.19
1510881794	24.5103	-15.62	9.19
1510881824	24.5991	-18.92	9.19
1510881854	24.688	-19.82	9.16
1510881884	24.688	-20.12	9.1
1510881914	24.7325	-20.78	9.1
1510881945	24.8658	-23.21	8.92
1510881975	24.8658	-25.16	8.86
1510882005	24.9102	-26.27	8.77
1510882035	24.9991	-26.45	8.77
1510882065	25.088	-26.21	8.68
1510882095	25.088	-26.48	8.62
1510882125	25.1769	-26.39	8.35
1510882155	25.1325	-26.42	8.23
1510882185	25.1769	-26.72	8.2
1510882215	25.3547	-26.81	8.02
1510882245	25.3991	-26.03	7.96
1510882275	25.3991	-26	7.84
1510882305	25.4436	-26	7.66
1510882335	25.488	-25.82	7.45
1510882365	25.5325	-25.49	7.39
1510882395	25.488	-25.25	7.18
1510882425	25.5325	-25.55	6.91
1510882455	25.488	-25.49	6.76
1510882485	25.488	-25.58	6.64
1510882515	25.3547	-25.58	6.43
1510882585	25.2214	-25.52	5.89
1510882615	25.1325	-25.37	5.83
1510882646	24.9547	-25.25	5.62
1510882676	24.7325	-25.16	5.35
1510882706	24.7769	-25.28	5.14
1510882736	24.5991	-25.52	5.08
1510882766	24.5103	-25.37	4.9
1510882796	24.4214	-25.34	4.78
1510882826	24.2436	-24.95	4.57
1510882856	24.2436	-25.28	4.39
1510882886	24.0214	-25.31	4.21
1510882916	23.9769	-24.92	4.09
1510882946	23.888	-25.01	3.97
1510882976	23.7547	-25.25	3.79
1510883006	23.7547	-25.58	3.58
1510883036	23.7992	-25.13	3.43
1510883066	23.7547	-24.89	3.37
1510883096	23.8436	-24.83	3.1
1510883126	23.7547	-24.41	3.1
1510883156	23.7103	-24.77	2.86
1510883186	23.7547	-24.53	2.83
1510883216	23.7547	-24.26	2.62
1510883246	23.7992	-24.74	2.32
1510883276	23.888	-24.62	2.29
1510883306	23.888	-24.62	2.14
1510883336	23.9325	-24.41	2.11
1510883367	24.0214	-24.5	1.99
1510883397	24.0214	-24.2	1.87
1510883427	24.1547	-24.26	1.75
1510883457	24.2436	-24.11	1.66
1510883487	24.288	-24.26	1.57
1510883517	24.288	-24.38	1.36
1510883547	24.3769	-23.87	1.39
1510883577	24.4658	-24.2	1.24
1510883607	24.5103	-24.11	1.21
1510883637	24.5991	-24.2	1.12
1510883667	24.5547	-23.57	0.94
1510883697	24.688	-23.93	0.88
1510883727	24.688	-23.9	0.73
1510883757	24.8214	-23.57	0.67
1510883787	24.8658	-23.96	0.58
1510883817	24.9991	-23.57	0.52
1510883847	25.088	-23.66	0.43
1510883877	25.088	-23.54	0.46
1510883907	25.088	-23.66	0.28
1510883937	25.088	-23.63	0.25
1510883967	25.2214	-23.75	0.1
1510883997	25.2214	-23.45	0.22
1510884027	25.3102	-23.9	0.07
1510884057	25.2214	-24.02	0.07
1510884088	25.2658	-23.6	0.01
1510884118	25.1325	-23.75	-0.05
1510884148	25.1325	-24.14	-0.14
1510884178	24.9991	-24.29	-0.2
1510884208	24.9547	-23.93	-0.26
1510884238	24.8658	-23.87	-0.38
1510884268	24.7325	-23.72	-0.44
1510884298	24.6436	-23.96	-0.47
1510884328	24.5991	-24.5	-0.5
1510884358	24.4658	-24.02	-0.65
1510884388	24.3769	-23.87	-0.65
1510884418	24.288	-24.62	-0.65
1510884448	24.1103	-24.23	-0.68
1510884478	24.0214	-24.29	-0.8
1510884508	23.8436	-24.5	-0.89
1510884538	23.7547	-24.47	-0.89
1510884568	23.6658	-24.32	-0.89
1510884598	23.5769	-24.47	-0.89
1510884628	23.5769	-24.44	-1.01
1510884658	23.3547	-24.44	-0.92
1510884688	23.3992	-24.53	-0.92
1510884718	23.3103	-24.89	-1.07
1510884748	23.3103	-24.71	-1.04
1510884778	23.3547	-24.65	-1.1
1510884808	23.3547	-24.77	-1.16
1510884839	23.3547	-24.62	-1.1
1510884869	23.3103	-24.65	-1.25
1510884899	23.3992	-25.04	-1.19
1510884929	23.3992	-24.83	-1.22
1510884959	23.5769	-25.28	-1.37
1510884989	23.5769	-24.59	-1.34
1510885019	23.6214	-24.77	-1.34
1510885049	23.6658	-25.16	-1.34
1510885079	23.7547	-25.01	-1.4
1510885109	23.8436	-24.98	-1.43
1510885139	23.9325	-25.1	-1.4
1510885169	23.9325	-25.13	-1.55
1510885199	24.0214	-24.77	-1.52
1510885229	24.0214	-24.83	-1.58
1510885259	24.1103	-24.74	-1.61
1510885289	24.1992	-24.77	-1.67
1510885319	24.2436	-25.07	-1.64
1510885349	24.288	-24.86	-1.64
1510885379	24.3769	-24.62	-1.79
1510885409	24.4214	-24.8	-1.73
1510885439	24.4658	-24.89	-1.73
1510885469	24.5991	-25.16	-1.79
1510885499	24.6436	-25.01	-1.79
1510885529	24.688	-24.71	-1.82
1510885560	24.688	-24.83	-1.82
1510885590	24.8214	-25.07	-1.82
1510885620	24.8658	-24.68	-1.85
1510885650	24.9102	-24.74	-1.97
1510885680	24.9547	-24.83	-1.91
1510885710	24.9991	-24.53	-1.88
1510885740	24.9547	-24.8	-2
1510885770	25.0436	-24.44	-1.91
1510885800	25.088	-24.65	-2
1510885830	25.1769	-24.62	-2.06
1510885860	25.2658	-25.19	-2.06
1510885890	25.3102	-25.07	-2.06
1510885920	25.3547	-24.56	-2.06
1510885950	25.3102	-24.56	-2.03
1510885980	25.488	-24.56	-2.09
1510886010	25.3991	-24.47	-2.18
1510886040	25.488	-24.98	-2.12
1510886070	25.5325	-24.95	-2.21
1510886100	25.5769	-24.95	-2.15
1510886130	25.5325	-24.65	-2.18
1510886160	25.5769	-24.59	-2.15
1510886190	25.7102	-24.8	-2.18
1510886220	25.7102	-24.41	-2.18
1510886250	25.6214	-24.23	-2.03
1510886281	25.7991	-24.23	-2.24
1510886311	25.6658	-25.7	-2.24
1510926579	25.9325	-18.68	0.07
1510926609	25.7547	-19.04	0.1
1510926639	25.7102	-18.98	0.1
1510926669	25.5325	-19.31	0.01
1510926699	25.4436	-18.92	0.04
1510926729	25.3102	-19.28	-0.05
1510926759	25.088	-19.07	-0.02
1510926789	24.9991	-19.19	0.01
1510926819	24.8658	-18.62	0.04
1510926849	24.688	-19.01	-0.02
1510926879	24.688	-18.86	-0.02
1510926909	24.5991	-19.01	-0.02
1510926939	24.5547	-18.68	-0.02
1510926969	24.3769	-19.07	-0.02
1510926999	24.4658	-19.01	0.01
1510927030	24.4658	-19.13	-0.02
1510927060	24.3325	-19.04	0.04
1510927090	24.4214	-19.07	0.01
1510927120	24.3325	-18.95	-0.05
1510927150	24.3325	-18.89	-0.08
1510927180	24.288	-18.83	-0.08
1510927210	24.3325	-19.31	-0.2
1510927240	24.3325	-19.16	-0.11
1510927270	24.3325	-19.1	-0.2
1510927300	24.3325	-19.73	-0.17
1510927330	24.288	-19.16	-0.14
1510927360	24.2436	-19.16	-0.11
1510927390	24.288	-19.31	-0.08
1510927420	24.288	-18.95	-0.14
1510927450	24.2436	-18.68	-0.11
1510927480	24.3325	-18.65	-0.14
1510927510	24.3769	-19.19	-0.11
1510927540	24.288	-19.13	-0.08
1510927570	24.4658	-19.16	-0.08
1510927600	24.4658	-19.19	-0.14
1510927630	24.4658	-18.95	-0.08
1510927660	24.5991	-18.95	-0.14
1510927690	24.5991	-19.13	-0.14
1510927720	24.5991	-19.13	-0.14
1510927751	24.688	-19.1	-0.17
1510927781	24.5991	-19.25	-0.17
1510927811	24.6436	-19.43	-0.14
1510927841	24.6436	-19.19	-0.2
1510927871	24.5991	-19.25	-0.11
1510927901	24.688	-18.92	-0.11
1510927931	24.7325	-19.13	-0.14
1510927961	24.7769	-19.19	-0.14
1510927991	24.8214	-18.77	-0.11
1510928021	24.7769	-19.19	-0.17
1510928051	24.8214	-18.95	-0.14
1510928081	24.8214	-19.28	-0.08
1510928111	24.9102	-19.34	-0.17
1510928141	24.8658	-19.46	-0.14
1510928171	24.8658	-19.13	-0.17
1510928201	24.8658	-19.07	-0.11
1510928231	24.7769	-19.19	-0.17
1510928261	24.7325	-19.88	-0.11
1510928291	24.7325	-19.4	-0.23
1510928321	24.8214	-19.19	-0.17
1510928351	24.7769	-19.19	-0.11
1510928381	24.7769	-19.79	-0.11
1510928411	24.7769	-19.49	-0.17
1510928441	24.7769	-19.34	-0.14
1510928472	24.688	-19.16	-0.17
1510928502	24.688	-18.92	-0.08
1510928532	24.6436	-19.16	-0.11
1510928562	24.688	-18.95	-0.14
1510928592	24.688	-19.61	-0.2
1510928622	24.6436	-19.28	-0.23
1510928652	24.5991	-19.43	-0.17
1510928682	24.6436	-19.4	-0.2
1510928712	24.5547	-19.49	-0.2
1510928742	24.5991	-19.31	-0.17
1510928772	24.5103	-19.31	-0.2
1510928802	24.4214	-19.52	-0.23
1510928832	24.5103	-19.55	-0.14
1510928862	24.5103	-19.61	-0.2
1510928892	24.5103	-19.16	-0.17
1510928922	24.5547	-19.34	-0.17
1510928952	24.5991	-19.82	-0.23
1510928982	24.5547	-19.64	-0.17
1510929012	24.6436	-19.61	-0.14
1510929042	24.5991	-19.85	-0.2
1510929072	24.5547	-19.64	-0.17
1510929102	24.5547	-19.37	-0.41
1510929132	24.6436	-19.97	-0.38
1510929162	24.5547	-20.09	-0.35
1510929192	24.6436	-20.39	-0.38
1510929223	24.5103	-20.09	-0.35
1510929253	24.5991	-20.39	-0.41
1510929283	24.5547	-20.36	-0.41
1510929313	24.5991	-20.63	-0.44
1510929343	24.5991	-20.69	-0.35
1510929373	24.5991	-20.63	-0.44
1510929403	24.5547	-20.9	-0.41
1510929433	24.4214	-21.02	-0.35
1510929463	24.4214	-21.11	-0.38
1510929493	24.4658	-21.08	-0.44
1510929523	24.3769	-21.47	-0.47
1510929553	24.2436	-21.32	-0.44
1510929583	24.0658	-21.71	-0.41
1510929613	23.9769	-21.59	-0.5
1510929643	23.9325	-21.92	-0.56
1510929673	23.7992	-22.25	-0.47
1510929703	23.7547	-21.89	-0.65
1510929733	23.6658	-22.19	-0.59
1510929763	23.5325	-22.55	-0.65
1510929793	23.4436	-22.88	-0.62
1510929823	23.3992	-22.76	-0.65
1510929853	23.3547	-22.97	-0.62
1510929883	23.3103	-23.39	-0.65
1510929913	23.4436	-23.39	-0.68
1510929944	23.3103	-23.36	-0.65
1510929974	23.3547	-23.75	-0.8
1510930004	23.3103	-23.54	-0.77
1510930034	23.3992	-23.66	-0.77
1510930064	23.4436	-24.11	-0.86
1510930094	23.488	-24.05	-0.89
1510930124	23.4436	-24.44	-0.92
1510930154	23.488	-24.02	-0.83
1510930184	23.5769	-24.2	-1.01
1510930214	23.6214	-24.92	-0.95
1510930244	23.6658	-24.53	-0.95
1510930274	23.7103	-24.86	-1.1
1510930304	23.7547	-25.1	-1.04
1510930334	23.7547	-25.46	-1.1
1510930364	23.7992	-25.4	-1.19
1510930394	23.7992	-25.55	-1.16
1510930424	23.888	-25.76	-1.13
1510930454	23.8436	-26.12	-1.22
1510930484	23.9325	-26.36	-1.13
1510930514	23.9769	-27.17	-1.37
1510930544	23.9769	-27.41	-1.34
1510930574	23.9769	-29.33	-1.46
1510930604	24.0658	-30.5	-1.49
1510930634	24.1103	-32.36	-1.61
1510930664	24.1547	-35.93	-1.58
1510930695	24.1547	-41.96	-1.64
1510930725	24.0658	-43.49	-1.67
1510930755	24.1547	-43.64	-1.76
1510930785	24.1103	-43.64	-1.85
1510930815	24.1547	-45.38	-1.88
1510930845	24.1103	-51.8	-2
1510930875	24.1547	-53.57	-2.12
1510930905	24.1547	-53.63	-2.27
1510930935	24.2436	-53.3	-2.33
1510930965	24.2436	-53.54	-2.45
1510931154	1050.1	-52.31	-3.59
1510931184	24.5103	-52.25	-3.74
1510931214	24.5991	-52.13	-3.92
1510931244	24.6436	-51.44	-4.22
1510931845	23.7547	-49.37	-8.15
1510931875	23.7992	-49.7	-8.27
1510931905	23.6658	-49.55	-8.39
1510931935	23.7547	-49.58	-8.48
1510931965	23.7547	-48.95	-8.81
1510931995	23.7547	-49.1	-8.84
1510932025	23.7547	-49.28	-8.99
1510932055	23.7992	-48.77	-9.17
1510932085	23.7992	-48.98	-9.26
1510932115	23.7992	-48.71	-9.29
1510932145	23.888	-48.74	-9.44
1510932175	23.9325	-48.56	-9.65
1510932205	23.9325	-48.41	-9.8
1510932235	23.9325	-47.87	-9.92
1510932265	24.0214	-47.99	-10.04
1510932295	24.0214	-47.72	-10.07
1510932325	24.1103	-47.39	-10.22
1510932355	24.2436	-47.96	-10.28
1510932385	24.288	-47.57	-10.4
1510932415	24.3325	-47.6	-10.61
1510932445	24.3325	-47.06	-10.61
1510932475	24.4214	-47.3	-10.67
1510932505	24.5547	-46.55	-10.76
1510932536	24.5103	-46.43	-10.76
1510932566	24.5991	-46.31	-10.91
1510932596	24.6436	-46.73	-11
1510932626	24.688	-46.28	-11.09
1510932656	24.6436	-45.77	-11.24
1510932686	24.6436	-45.86	-11.21
1510932716	24.7769	-45.92	-11.3
1510932746	24.8214	-45.59	-11.3
1510932776	24.8214	-45.74	-11.39
1510932806	24.8658	-45.74	-11.42
1510932836	24.8658	-45.47	-11.45
1510932866	24.9102	-45.11	-11.45
1510932896	24.9102	-45.68	-11.57
1510932926	24.9102	-45.5	-11.51
1510932956	24.9991	-45.74	-11.69
1510932986	24.9991	-46.19	-11.69
1510933016	24.9991	-46.01	-11.72
1510933086	24.9991	-45.86	-11.84
1510933116	25.0436	-46.46	-11.84
1510933146	25.1325	-46.28	-11.81
1510933176	25.1325	-46.49	-11.81
1510933206	25.1325	-47.03	-11.96
1510933237	25.1769	-47.24	-11.96
1510933267	25.2214	-47.6	-11.96
1510933297	25.088	-47.51	-11.96
1510933327	25.0436	-47.36	-12.08
1510933357	24.9991	-47.66	-12.02
1510933387	24.8658	-47.66	-12.05
1510933417	24.7325	-47.75	-12.26
1510933447	24.6436	-48.47	-12.2
1510933477	24.5103	-48.5	-12.2
1510933507	24.4658	-48.35	-12.41
1510933537	24.3325	-48.62	-12.23
1510933567	24.1547	-48.53	-12.17
1510933597	24.0658	-48.74	-12.41
1510933627	23.888	-48.44	-12.44
1510933657	23.7992	-48.62	-12.35
1510933687	23.7103	-48.47	-12.47
1510933717	23.6214	-48.59	-12.44
1510933747	23.5325	-48.41	-12.47
1510933777	23.488	-48.38	-12.62
1510933807	23.488	-48.47	-12.53
1510933837	23.488	-48.62	-12.56
1510933867	23.3103	-48.77	-12.8
1510933897	23.3992	-48.32	-12.77
1510933927	23.3547	-48.83	-12.62
1510933958	23.3547	-48.29	-12.77
1510933988	23.4436	-48.38	-12.86
1510934018	23.4436	-48.05	-12.83
1510934048	23.3992	-48.38	-12.83
1510934078	23.5769	-47.78	-12.95
1510934108	23.5769	-48.05	-13.01
1510934138	23.6658	-48.14	-13.04
1510934168	23.5325	-48.14	-13.01
1510934198	23.6658	-47.63	-13.1
1510934228	23.6658	-48.2	-13.07
1510934258	23.7103	-48.05	-13.1
1510934288	23.6214	-47.84	-13.07
1510934318	23.7992	-47.75	-13.07
1510934348	23.7547	-47.51	-13.16
1510934378	23.7992	-47.45	-13.1
1510934408	23.888	-47.54	-13.1
1510934438	24.0214	-47.39	-13.16
1510934468	24.0214	-47.39	-13.13
1510934498	24.0214	-47.42	-13.13
1510934528	24.0658	-47.66	-13.16
1510934558	24.1103	-47.09	-13.25
1510934588	24.1992	-47.39	-13.22
1510934618	24.288	-47.57	-13.31
1510934648	24.3769	-47.63	-13.25
1510934679	24.4214	-47.27	-13.28
1510934709	24.4658	-47.39	-13.31
1510934739	24.5547	-46.94	-13.25
1510934769	24.5991	-47.18	-13.34
1510934799	24.5547	-47.33	-13.28
1510934829	24.7325	-46.76	-13.34
1510934859	24.7769	-47.15	-13.31
1510934889	24.7769	-47.33	-13.28
1510934919	24.8214	-47.18	-13.28
1510934949	24.8214	-47.27	-13.28
1510934979	24.8658	-47.45	-13.31
1510935009	24.9547	-47.18	-13.31
1510935039	24.9102	-47.27	-13.31
1510935069	24.9547	-47.33	-13.31
1510935099	24.9547	-47.18	-13.28
1510935129	24.8214	-47.36	-13.31
1510935159	24.688	-47.42	-13.28
1510935189	24.5103	-46.94	-13.31
1510935219	24.5991	-47.63	-13.25
1510935249	24.4658	-47.09	-13.25
1510935279	24.3325	-47.12	-13.31
1510935309	24.1992	-47.48	-13.31
1510935339	24.1547	-47.36	-13.28
1510935369	23.9769	-47.45	-13.31
1510935400	23.9325	-47.09	-13.31
1510935430	23.7992	-47.3	-13.25
1510935460	23.7992	-47.15	-13.22
1510935490	23.6214	-47.66	-13.22
1510935520	23.6658	-47.48	-13.28
1510935550	23.5769	-47.33	-13.22
1510935580	23.5769	-47.63	-13.25
1510935610	23.6214	-47.36	-13.28
1510935640	23.4436	-47.6	-13.25
1510935670	23.5325	-47.45	-13.28
1510935700	23.488	-47.36	-13.28
1510935730	23.5325	-46.91	-13.25
1510935760	23.5769	-47.57	-13.31
1510935790	23.488	-47.36	-13.31
1510935820	23.5769	-47.6	-13.31
1510935850	23.5769	-47.39	-13.28
1510935880	23.5769	-47.27	-13.25
1510935910	23.6658	-47.36	-13.28
1510935940	23.7103	-47	-13.19
1510935970	23.7547	-47.69	-13.22
1510936000	23.7992	-47.42	-13.37
1510936030	23.8436	-47.06	-13.28
1510936060	23.8436	-47.03	-13.28
1510936090	23.888	-47.03	-13.28
1510936121	23.888	-47.45	-13.31
1510936151	23.9325	-47.36	-13.25
1510936181	24.0214	-47.45	-13.25
1510936211	23.9769	-47.36	-13.22
1510936241	24.0214	-46.91	-13.22
1510936271	24.0214	-47.18	-13.28
1510936301	24.0214	-47.03	-13.25
1510936331	24.0214	-47.09	-13.28
1510936361	24.0214	-47.09	-13.28
1510936391	24.0214	-46.58	-13.28
1510936461	24.1103	-47.15	-13.31
1510936491	24.1547	-46.76	-13.31
1510936521	24.2436	-46.94	-13.28
1510936551	24.1992	-46.76	-13.31
1510936581	24.1992	-46.91	-13.28
1510936651	24.3325	-45.98	-13.28
1510936681	24.2436	-46.13	-13.31
1510936711	24.1547	-46.13	-13.31
1510936741	24.1103	-46.04	-13.34
1510936812	23.9325	-46.49	-13.28
1510936842	23.7992	-46.16	-13.34
1510936872	23.6214	-45.95	-13.22
1510936902	23.5325	-46.46	-13.31
1510936932	23.4436	-46.25	-13.28
1510936962	23.3547	-46.04	-13.22
1510936992	23.2214	-45.86	-13.25
1510937022	23.1325	-45.98	-13.28
1510937052	23.0436	-45.89	-13.31
1510937082	22.9992	-45.8	-13.31
1510937112	23.0881	-45.83	-13.34
1510937142	22.9547	-45.59	-13.28
1510937172	22.9992	-45.71	-13.22
1510937202	22.9547	-45.77	-13.22
1510937232	22.9103	-45.02	-13.22
1510937262	22.9992	-45.83	-13.31
1510937292	22.9992	-45.26	-13.25
1510937322	23.0436	-45.68	-13.22
1510937352	22.9547	-46.07	-13.01
1510937382	23.0436	-44.9	-12.92
1510938941	23.488	-45.92	-13.13
1510938971	23.488	-45.71	-13.1
1510939001	23.488	-46.04	-13.07
1510939031	23.6214	-45.62	-13.13
1510939061	23.5769	-46.67	-13.16
1510939091	23.6658	-46.01	-13.1
1510939121	23.6658	-46.22	-13.16
1510939151	23.7547	-46.01	-13.13
1510939181	23.8436	-46.01	-13.07
1510939211	23.8436	-45.92	-13.25
1510939241	23.8436	-46.04	-13.25
1510939271	23.888	-45.95	-13.25
1510939301	23.888	-45.8	-13.22
1510939331	23.888	-46.1	-13.25
1510939361	23.8436	-46.16	-13.25
1510939391	23.8436	-45.92	-13.25
1510939421	23.7547	-45.95	-13.25
1510939451	23.6214	-45.59	-13.25
1510939481	23.5325	-45.86	-13.37
1510939511	23.3547	-46.28	-13.31
1510939542	23.3103	-46.31	-13.37
1510939572	23.1769	-46.43	-13.4
1510939602	23.0881	-46.52	-13.31
1510939632	23.0881	-46.76	-13.34
1510939662	22.9547	-46.37	-13.34
1510939692	22.8658	-46.04	-13.37
1510939722	22.9103	-45.77	-13.4
1510939752	22.8214	-46.1	-13.43
1510939782	22.8658	-45.98	-13.4
1510939812	22.8658	-45.74	-13.37
1510939842	22.8658	-46.13	-13.46
1510939872	22.9103	-46.01	-13.4
1510939902	22.9547	-46.28	-13.4
1510939932	22.8214	-46.07	-13.46
1510939962	22.9547	-46.07	-13.43
1510939992	22.9992	-46.4	-13.49
1510940022	23.0436	-46.01	-13.49
1510940052	23.0881	-46.1	-13.46
1510940122	23.2214	-46.1	-13.52
1510940152	23.3103	-46.19	-13.43
1510940182	23.3103	-46.58	-13.46
1510940212	23.4436	-46.58	-13.43
1510940243	23.4436	-45.98	-13.46
1510940273	23.5325	-46.28	-13.49
1510940303	23.5769	-45.89	-13.46
1510940333	23.6214	-46.19	-13.49
1510940363	23.7103	-45.92	-13.49
1510940393	23.7547	-46.13	-13.4
1510940423	23.8436	-45.98	-13.49
1510940453	23.8436	-46.73	-13.43
1510940483	23.888	-46.31	-13.46
1510940513	24.0214	-46.22	-13.49
1510940543	24.0658	-46.25	-13.43
1510940573	24.1103	-45.71	-13.52
1510940603	24.1103	-46.28	-13.43
1510940633	24.1103	-46.16	-13.4
1510940663	24.0214	-45.89	-13.43
1510940693	24.0214	-46.16	-13.43
1510940723	23.9325	-46.01	-13.46
1510940753	23.7992	-46.25	-13.49
1510940783	23.8436	-45.83	-13.52
1510940813	23.6658	-46.13	-13.43
1510940843	23.488	-46.55	-13.49
1510940873	23.3547	-46.1	-13.43
1510940903	23.3103	-46.16	-13.46
1510940933	23.1769	-46.46	-13.58
1510940964	23.1325	-46.22	-13.58
1510940994	23.0436	-45.86	-13.55
1510941024	22.9547	-46.25	-13.61
1510941054	23.0436	-46.73	-13.61
1510941084	22.9547	-46.1	-13.58
1510941114	22.9103	-46.22	-13.49
1510941144	22.9103	-45.92	-13.58
1510941174	22.9547	-46.79	-13.52
1510941204	22.9547	-46.67	-13.58
1510941234	22.9547	-46.25	-13.52
1510941264	23.0881	-46.49	-13.58
1510941294	23.0881	-46.1	-13.55
1510941324	23.0881	-46.46	-13.58
1510941354	23.2658	-46.37	-13.55
1510941384	23.2658	-46.46	-13.58
1510941414	23.3547	-46.58	-13.55
1510941444	23.3547	-46.13	-13.61
1510941474	23.4436	-46.49	-13.52
1510941504	23.488	-46.28	-13.58
1510941534	23.5769	-46.34	-13.61
1510941564	23.6658	-46.01	-13.55
1510941594	23.7103	-46.1	-13.58
1510941624	23.7992	-46.55	-13.61
1510941654	23.7992	-46.64	-13.52
1510941685	23.9769	-46.7	-13.58
1510941715	23.9769	-46.16	-13.52
1510941745	23.9769	-46.49	-13.55
1510941775	24.0214	-46.91	-13.55
1510941805	24.1992	-46.52	-13.52
1510941835	24.288	-46.55	-13.55
1510941865	24.288	-46.49	-13.49
1510941895	24.1992	-46.76	-13.61
1510941925	24.2436	-46.73	-13.58
1510941955	24.2436	-46.64	-13.55
1510941985	24.0658	-46.94	-13.55
1510942015	24.0214	-46.85	-13.61
1510942045	24.0214	-46.97	-13.64
1510942075	23.888	-46.25	-13.55
1510942105	23.7547	-46.64	-13.55
1510942135	23.6214	-46.34	-13.61
1510942165	23.488	-46.61	-13.7
1510942195	23.488	-46.73	-13.64
1510942225	23.3103	-46.76	-13.67
1510942255	23.2658	-46.01	-13.67
1510942285	23.1769	-46.25	-13.64
1510942315	23.2214	-46.76	-13.73
1510942345	23.0881	-46.16	-13.67
1510942375	23.1769	-46.43	-13.67
1510942406	23.1325	-46.76	-13.61
1510942436	23.0881	-46.55	-13.67
1510942466	23.0436	-46.49	-13.61
1510942496	23.1325	-46.46	-13.67
1510942526	23.1769	-46.4	-13.67
1510942556	23.1769	-46.25	-13.7
1510942586	23.2658	-46.1	-13.61
1510942616	23.3103	-46.31	-13.64
1510942646	23.3103	-46.73	-13.64
1510942676	23.3547	-46.4	-13.67
1510942706	23.4436	-46.43	-13.61
1510942736	23.488	-46.61	-13.64
1510942766	23.5769	-46.64	-13.64
1510942796	23.6214	-46.7	-13.61
1510942826	23.7103	-46.79	-13.67
1510942856	23.7103	-46.7	-13.67
1510942926	23.9325	-46.61	-13.7
1510942956	23.9769	-46.64	-13.58
1510942986	23.9769	-46.61	-13.55
1510943016	24.0214	-46.52	-13.61
1510943046	24.1547	-46.46	-13.52
1510943076	24.1103	-46.61	-13.61
1510943107	24.1992	-46.28	-13.49
1510943137	24.2436	-46.82	-13.55
1510943167	24.2436	-47.24	-13.55
1510943197	24.1992	-47.18	-13.58
1510943227	24.1547	-46.58	-13.55
1510943257	24.1103	-46.55	-13.58
1510943287	23.9325	-46.4	-13.64
1510943317	23.888	-46.52	-13.52
1510943347	23.7103	-46.82	-13.55
1510943377	23.7103	-46.67	-13.52
1510943407	23.6658	-46.82	-13.55
1510943437	23.488	-46.46	-13.61
1510943467	23.3103	-46.91	-13.64
1510943497	23.2214	-46.73	-13.55
1510943527	23.1769	-46.76	-13.55
1510943557	23.0881	-46.79	-13.73
1510943587	23.0436	-46.73	-13.64
1510943617	22.9992	-46.82	-13.64
1510943647	23.0436	-46.73	-13.64
1510943677	23.0436	-47.18	-13.67
1510943707	23.0881	-46.73	-13.79
1510943737	23.0436	-46.13	-13.67
1510943767	23.0881	-46.76	-13.67
1510943797	23.1325	-46.82	-13.64
1510943828	23.1769	-47.18	-13.67
1510943858	23.1325	-47.12	-13.67
1510943888	23.3103	-46.34	-13.61
1510943918	23.3103	-46.16	-13.64
1510943948	23.3103	-46.34	-13.67
1510943978	23.488	-46.79	-13.64
1510944008	23.5325	-46.25	-13.67
1510944038	23.6658	-46.91	-13.7
1510944068	23.6214	-46.91	-13.67
1510944098	23.7103	-46.64	-13.7
1510944128	23.7547	-46.79	-13.61
1510944158	23.7992	-46.76	-13.61
1510944188	23.9325	-46.64	-13.61
1510944218	24.0214	-46.85	-13.67
1510944248	24.0214	-47.06	-13.67
1510944278	24.0658	-46.91	-13.67
1510944308	24.0658	-46.64	-13.64
1510944338	24.2436	-46.52	-13.61
1510944368	24.2436	-46.61	-13.7
1510944398	24.3325	-46.52	-13.64
1510944428	24.2436	-47	-13.67
1510944458	24.2436	-46.76	-13.67
1510944488	24.2436	-47.06	-13.67
1510944518	24.0658	-46.64	-13.67
1510944549	24.1547	-46.85	-13.73
1510944579	23.9769	-46.94	-13.64
1510944609	23.888	-47.06	-13.7
1510944639	23.7992	-47.57	-13.7
1510944669	23.7103	-46.91	-13.7
1510944699	23.6214	-46.88	-13.64
1510944729	23.5325	-46.7	-13.67
1510944759	23.3992	-46.58	-13.67
1510944789	23.2658	-46.94	-13.73
1510944819	23.1769	-46.97	-13.79
1510944849	23.1325	-46.94	-13.73
1510944879	23.0436	-47	-13.76
1510944909	23.0436	-46.91	-13.82
1510944939	23.0436	-46.94	-13.76
1510944969	23.0436	-47.21	-13.79
1510944999	22.9992	-47.33	-13.76
1510945029	22.9992	-47.15	-13.73
1510945059	23.0436	-47.24	-13.73
1510945089	23.0436	-46.79	-13.79
1510945119	23.0436	-47.18	-13.7
1510945149	23.0436	-47.03	-13.79
1510945179	23.0436	-47.03	-13.76
1510945209	23.0881	-47	-13.7
1510945239	23.0881	-47.15	-13.7
1510945270	23.1769	-47.09	-13.7
1510945300	23.1769	-46.91	-13.79
1510945330	23.2214	-47.09	-13.76
1510945360	23.3103	-46.97	-13.73
1510945390	23.2658	-47	-13.76
1510945420	23.3103	-46.97	-13.79
1510945450	23.3547	-47.3	-13.82
1510945480	23.3103	-47.06	-13.88
1510945510	23.4436	-47.3	-13.73
1510945540	23.5325	-47.24	-13.76
1510945570	23.5325	-47.21	-13.73
1510945600	23.5769	-47.12	-13.79
1510945630	23.6658	-47.18	-13.91
1510945660	23.7103	-47.09	-13.88
1510945690	23.7992	-46.88	-13.88
1510945720	23.7547	-47.15	-13.85
1510945750	23.7992	-47.15	-13.79
1510945780	23.6658	-46.88	-13.97
1510945810	23.7103	-47.06	-13.88
1510945840	23.7103	-47.03	-13.94
1510945870	23.5769	-46.91	-13.94
1510945900	23.488	-47.27	-13.97
1510945930	23.4436	-47.21	-13.79
1510945960	23.3103	-47.24	-13.91
1510945991	23.1325	-47.3	-13.91
1510946021	23.0436	-46.97	-13.88
1510946051	22.9547	-47.3	-13.91
1510946081	22.9547	-47.3	-13.91
1510946111	22.8214	-47.24	-13.82
1510946141	22.7769	-47.42	-13.85
1510946171	22.8214	-47.03	-13.97
1510946201	22.7325	-47.51	-13.85
1510946231	22.7325	-47.57	-13.91
1510946261	22.7769	-46.82	-13.88
1510946291	22.7769	-47.51	-13.91
1510946321	22.7769	-47.63	-14
1510946351	22.8214	-47.06	-13.88
1510946381	22.8214	-46.94	-13.88
1510946411	22.9103	-47.15	-13.88
1510946441	22.9992	-47.57	-13.88
1510946471	23.0436	-47.72	-13.85
1510946501	23.0436	-46.97	-13.91
1510946531	23.0881	-47.3	-13.88
1510946561	23.1769	-47.51	-13.88
1510946591	23.1769	-47.45	-13.91
1510946621	23.3103	-47.18	-13.91
1510946651	23.3103	-47.36	-13.88
1510946681	23.3547	-47.57	-13.88
1510946712	23.4436	-47.42	-13.91
1510946742	23.5769	-47.21	-13.88
1510946772	23.6214	-47.39	-13.94
1510946802	23.5769	-47.96	-14.03
1510946832	23.7547	-47.27	-13.91
1510946902	23.7103	-47.57	-14.06
1510946932	23.6658	-47.3	-13.97
1510946962	23.6214	-47.48	-13.94
1510946992	23.488	-47.75	-13.94
1510947022	23.3992	-47.39	-13.91
1510947052	23.3992	-47.24	-13.91
1510947082	23.3103	-47.42	-13.94
1510947152	22.9992	-47.72	-13.97
1510947182	22.9547	-47.54	-14
1510947212	22.8658	-47.54	-14
1510947242	22.8214	-47.39	-13.91
1510947272	22.688	-47.6	-13.97
1510947302	22.688	-47.69	-13.94
1510947332	22.6436	-47.51	-13.94
1510947362	22.6436	-47.21	-13.97
1510947393	22.6436	-47.39	-13.97
1510947423	22.6436	-47.42	-14.12
1510947453	22.5992	-47.69	-14
1510947483	22.6436	-47.57	-13.91
1510947553	22.6436	-47.84	-14.15
1510947583	22.688	-47.42	-14.03
1510947613	22.7325	-47.66	-14.09
1510947643	22.7769	-47.75	-14.06
1510947673	22.7325	-47.78	-14.03
1510947703	22.8658	-47.57	-14.12
1510947733	22.9103	-47.42	-14.12
1510947763	22.9103	-47.63	-14.06
1510947793	22.9103	-47.69	-14.18
1510947823	22.9547	-47.63	-14.12
1510947853	23.0436	-47.69	-14.09
1510947883	23.0881	-47.78	-14.09
1510947913	23.1769	-47.45	-14.03
1510947943	23.1325	-47.21	-14.06
1510947973	23.0881	-47.63	-14.09
1510948003	23.1769	-47.36	-14.12
1510948033	23.1325	-47.51	-14.06
1510948063	23.0881	-47.66	-14.06
1510948094	22.9992	-48.05	-14.06
1510948124	22.9103	-47.6	-14.03
1510948154	22.9103	-47.81	-14.15
1510948184	22.688	-47.75	-14.09
1510948214	22.7325	-47.9	-14.09
1510948244	22.6436	-47.99	-14.03
1510948274	22.4658	-47.99	-14.03
1510948304	22.4658	-47.51	-14.06
1510948334	22.4658	-47.75	-14.06
1510948364	22.3769	-48.38	-14.15
1510948394	22.3325	-47.6	-14.24
1510948424	22.3769	-47.84	-14.15
1510948454	22.3769	-47.27	-14.15
1510948484	22.4658	-48.02	-14.15
1510948514	22.4214	-47.96	-14.18
1510948544	22.4214	-48.02	-14.21
1510948574	22.5103	-48.26	-14.18
1510948604	22.5547	-47.66	-14.12
1510948634	22.5547	-47.9	-14.21
1510948664	22.5547	-47.72	-14.21
1510948694	22.6436	-47.69	-14.15
1510948724	22.688	-47.78	-14.15
1510948754	22.688	-48.44	-14.15
1510948784	22.7325	-47.81	-14.18
1510948814	22.7769	-47.63	-14.15
1510948845	22.8658	-47.9	-14.18
1510948875	22.9103	-47.99	-14.15
1510948905	22.8658	-47.81	-14.18
1510948935	22.9992	-48.05	-14.18
1510948965	22.9992	-47.69	-14.12
1510948995	23.1325	-48.05	-14.15
1510949025	23.2214	-47.93	-14.12
1510949055	23.2214	-47.99	-14.18
1510949085	23.2658	-47.9	-14.18
1510949115	23.2658	-48.29	-14.18
1510949145	23.3992	-47.99	-14.15
1510949175	23.488	-48.02	-14.12
1510949205	23.5325	-47.72	-14.21
1510949235	23.5325	-47.99	-14.15
1510949265	23.488	-48.05	-14.12
1510949295	23.5325	-48.26	-14.15
1510949325	23.6658	-48.35	-14.12
1510949355	23.5769	-48.11	-14.12
1510949385	23.6214	-48.14	-14.18
1510949415	23.5325	-47.96	-14.18
1510949445	23.4436	-47.66	-14.15
1510949515	23.3103	-48.05	-14.21
1510949546	23.1325	-48.59	-14.18
1510949576	22.9992	-47.6	-14.15
1510949606	22.9547	-47.54	-14.18
1510949636	22.8658	-48.14	-14.15
1510949666	22.8214	-47.69	-14.24
1510949696	22.7325	-47.81	-14.27
1510949726	22.688	-47.99	-14.18
1510949756	22.7325	-47.87	-14.3
1510949786	22.6436	-47.78	-14.33
1510949816	22.6436	-48.2	-14.24
1510949846	22.688	-48.23	-14.33
1510949876	22.688	-47.72	-14.3
1510949906	22.5992	-48.08	-14.3
1510949936	22.7325	-48.05	-14.3
1510949966	22.7325	-47.72	-14.27
1510949996	22.7325	-47.72	-14.39
1510950026	22.7325	-47.78	-14.27
1510950056	22.7325	-47.75	-14.3
1510950086	22.8658	-48.14	-14.24
1510950116	22.8658	-48.32	-14.3
1510950146	22.9103	-48.05	-14.27
1510950176	22.9992	-47.72	-14.24
1510950206	22.9992	-48.2	-14.36
1510950236	22.9547	-48.29	-14.27
1510950267	23.0436	-48.05	-14.3
1510950297	23.1769	-47.72	-14.24
1510950327	23.1769	-48.11	-14.27
1510950357	23.2214	-48.41	-14.21
1510950387	23.2214	-48.23	-14.21
1510950417	23.3547	-47.78	-14.3
1510950447	23.3103	-48.29	-14.33
1510950477	23.3103	-48.53	-14.33
1510950507	23.3547	-48.05	-14.27
1510950537	23.3103	-47.93	-14.27
1510950567	23.3547	-47.96	-14.33
1510950597	23.4436	-48.08	-14.24
1510950627	23.488	-47.69	-14.36
1510950657	23.488	-48.32	-14.3
1510950687	23.5325	-48.11	-14.27
1510950757	23.488	-48.05	-14.3
1510950787	23.5769	-48.53	-14.3
1510950817	23.5769	-48.05	-14.15
1510950847	23.6214	-48.53	-14.27
1510950877	23.5769	-48.08	-14.33
1510950907	23.6658	-48.44	-14.33
1510950937	23.5769	-48.14	-14.3
1510951008	23.7103	-48.59	-14.21
1510951038	23.6658	-48.86	-14.3
1510951068	23.7103	-47.96	-14.33
1510951098	23.7992	-48.5	-14.3
1510951128	23.7992	-48.65	-14.3
1510951158	23.7547	-48.41	-14.18
1510951188	23.8436	-48.53	-14.12
1510951218	23.7992	-48.92	-14.18
1510951248	23.7547	-48.74	-14.24
1510951278	23.8436	-48.38	-14.24
1510951308	23.8436	-47.9	-14.24
1510951338	23.9325	-49.43	-14.24
1510952853	24.7769	-48.59	-14.63
1510952883	24.8214	-48.68	-14.24
1510952913	24.7325	-48.05	-14.18
1510952943	24.8214	-47.87	-14.33
1510952973	24.9102	-48.41	-14.24
1510953003	24.8214	-48.68	-14.24
1510953033	24.9102	-48.05	-14.21
1510953063	24.9102	-48.23	-14.18
1510953093	24.9547	-48.59	-14.27
1510953123	24.9991	-48.14	-14.24
1510953153	24.9991	-48.17	-14.27
1510953183	24.9991	-48.53	-14.24
1510953213	24.9991	-47.9	-14.21
1510953243	24.9991	-48.23	-14.21
1510953274	24.9991	-48.53	-14.24
1510953304	25.088	-48.02	-14.21
1510953334	25.0436	-48.23	-14.24
1510953364	25.088	-48.68	-14.24
1510953394	25.088	-48.89	-14.3
1510953424	25.1325	-48.32	-14.18
1510953454	25.0436	-48.29	-14.24
1510953484	25.088	-48.53	-14.21
1510953514	25.088	-48.71	-14.21
1510953544	25.1325	-48.74	-14.21
1510953574	25.2214	-48.74	-14.24
1510953604	25.2214	-48.38	-14.24
1510953634	25.2658	-48.11	-14.27
1510953664	25.2658	-48.26	-14.3
1510953694	25.1769	-48.59	-14.27
1510953724	25.1325	-48.98	-14.24
1510953754	25.088	-48.44	-14.27
1510953784	25.0436	-48.38	-14.27
1510953814	24.9102	-48.38	-14.24
1510953844	24.7325	-48.8	-14.24
1510953874	24.5991	-48.47	-14.27
1510953904	24.5991	-48.32	-14.24
1510953934	24.3769	-48.62	-14.21
1510953964	24.1992	-48.5	-14.24
1510953995	24.0214	-48.23	-14.27
1510954025	24.0214	-48.59	-14.3
1510954055	23.9325	-48.62	-14.36
1510954085	23.8436	-48.59	-14.3
1510954115	23.7992	-48.71	-14.42
1510954145	23.7547	-48.23	-14.39
1510954175	23.5769	-48.71	-14.33
1510954205	23.5325	-48.59	-14.36
1510954235	23.3992	-48.68	-14.39
1510954265	23.4436	-48.65	-14.39
1510954295	23.488	-48.47	-14.36
1510954325	23.3992	-48.86	-14.42
1510954355	23.4436	-48.68	-14.39
1510954385	23.3992	-48.59	-14.39
1510954415	23.4436	-48.71	-14.42
1510954445	23.3547	-48.38	-14.36
1510954475	23.3992	-49.01	-14.39
1510954505	23.4436	-48.65	-14.36
1510954535	23.3992	-48.56	-14.33
1510954565	23.4436	-48.8	-14.36
1510954595	23.3547	-48.74	-14.36
1510954625	23.4436	-48.59	-14.36
1510954655	23.3992	-48.86	-14.42
1510954685	23.3992	-49.04	-14.33
1510954716	23.3992	-48.47	-14.39
1510954746	23.3992	-49.19	-14.33
1510954776	23.4436	-48.86	-14.48
1510954806	23.5325	-49.16	-14.51
1510954836	23.488	-49.16	-14.45
1510954866	23.5325	-48.92	-14.45
1510954896	23.5769	-49.07	-14.42
1510954926	23.6658	-49.07	-14.45
1510954956	23.7103	-48.98	-14.45
1510954986	23.6214	-48.8	-14.45
1510955016	23.6658	-49.67	-14.42
1510955046	23.7103	-49.13	-14.45
1510955076	23.888	-48.86	-14.48
1510955106	23.8436	-48.95	-14.45
1510955136	23.9325	-48.77	-14.39
1510955166	23.9325	-48.56	-14.39
1510957163	25.9769	-48.86	-14.39
1510957193	25.9325	-48.56	-14.21
1510957223	26.0214	-48.65	-14.21
1510957253	25.9769	-48.68	-14.24
1510957283	26.0658	-48.59	-14.18
1510957313	25.9769	-48.77	-14.3
1510957343	26.0214	-48.77	-14.27
1510957373	26.0214	-48.71	-14.24
1510957403	26.0658	-48.32	-14.21
1510957433	26.0214	-48.47	-14.18
1510957463	26.0658	-48.68	-14.18
1510957493	26.0658	-48.29	-14.21
1510957523	26.1102	-48.71	-14.24
1510957553	25.9325	-48.83	-14.21
1510957583	25.888	-49.04	-14.24
1510957613	25.7547	-48.29	-14.24
1510957643	25.6658	-48.89	-14.24
1510957673	25.5769	-48.74	-14.24
1510957704	25.3547	-48.53	-14.36
1510957734	25.2658	-48.98	-14.42
1510957764	25.088	-48.83	-14.39
1510957794	24.9991	-48.47	-14.33
1510957824	24.9102	-48.8	-14.45
1510957854	24.6436	-48.68	-14.39
1510957884	24.4658	-48.71	-14.33
1510957914	24.4214	-49.22	-14.39
1510957944	24.1992	-48.56	-14.42
1510957974	24.1992	-48.89	-14.39
1510958013	24.0214	-48.86	-14.39
1510958044	23.9769	-48.5	-14.36
1510958074	23.9325	-49.25	-14.33
1510958104	24.0214	-48.89	-14.36
1510958134	23.9325	-48.89	-14.39
1510958164	23.9325	-49.31	-14.36
1510958194	23.9769	-48.89	-14.48
1510958224	24.0658	-48.77	-14.36
1510958254	23.9769	-48.71	-14.45
1510958284	24.0214	-49.04	-14.45
1510958314	23.9769	-48.59	-14.39
1510958344	24.0214	-48.56	-14.39
1510958374	24.0658	-49.19	-14.48
1510958404	24.1103	-48.92	-14.45
1510958434	24.1103	-48.5	-14.45
1510958464	24.2436	-48.95	-14.36
1510958494	24.3325	-48.71	-14.33
1510958524	24.3325	-49.07	-14.42
1510958554	24.4214	-48.8	-14.3
1510958584	24.4214	-49.04	-14.39
1510958614	24.5103	-49.13	-14.45
1510958644	24.5547	-49.22	-14.36
1510958674	24.5991	-48.98	-14.33
1510958704	24.5991	-49.31	-14.36
1510958734	24.5991	-48.65	-14.39
1510958765	24.7769	-48.89	-14.48
1510958795	24.7325	-48.8	-14.36
1510958825	24.7325	-48.71	-14.42
1510958855	24.7769	-48.74	-14.39
1510958885	24.8658	-48.89	-14.39
1510958915	24.8214	-48.71	-14.42
1510958945	24.8658	-49.16	-14.42
1510958975	24.9547	-48.95	-14.39
1510959005	24.9547	-49.34	-14.33
1510959035	24.9991	-48.74	-14.39
1510959065	25.0436	-48.89	-14.3
1510959078	24.9991	-49.34	-14.36
1510959108	25.088	-48.86	-14.33
1510959138	25.1769	-48.83	-14.33
1510959168	25.1769	-48.89	-14.33
1510959198	25.1769	-48.74	-14.3
1510959228	25.2214	-48.59	-14.33
1510959258	25.1769	-48.74	-14.36
1510959288	25.2214	-48.47	-14.27
1510959318	25.2214	-48.89	-14.36
1510959348	25.2658	-49.04	-14.36
1510959378	25.2658	-48.68	-14.33
1510959408	25.3102	-48.62	-14.39
1510959438	25.2658	-48.59	-14.33
1510959468	25.2658	-49.01	-14.36
1510959498	25.3547	-48.62	-14.3
1510959528	25.3102	-48.83	-14.3
1510959558	25.3991	-48.92	-14.27
1510959589	25.3547	-48.98	-14.39
1510959619	25.3102	-48.92	-14.3
1510959649	25.3991	-48.71	-14.36
1510959679	25.3547	-49.13	-14.36
1510959709	25.3547	-48.44	-14.39
1510959739	25.3991	-48.71	-14.42
1510959769	25.4436	-48.53	-14.36
1510959799	25.4436	-49.22	-14.42
1510959829	25.488	-48.56	-14.42
1510959859	25.488	-48.5	-14.27
1510959889	25.5769	-48.68	-14.42
1510959919	25.4436	-49.25	-14.39
1510959949	25.6214	-48.74	-14.39
1510959979	25.488	-48.5	-14.39
1510960009	25.5769	-48.95	-14.42
1510960039	25.5325	-48.56	-14.33
1510960069	25.6214	-49.07	-14.36
1510960099	25.6658	-48.53	-14.39
1510960169	25.6658	-48.77	-14.42
1510960199	25.7102	-48.56	-14.39
1510960229	25.7547	-49.01	-14.42
1510960259	25.7991	-49.04	-14.36
1510960290	25.7547	-48.74	-14.42
1510960320	25.8436	-48.95	-14.42
1510960350	25.8436	-48.98	-14.33
1510960380	25.888	-48.62	-14.36
1510960410	25.9325	-48.65	-14.36
1510960440	25.9325	-48.74	-14.39
1510960470	25.9769	-49.04	-14.42
1510960500	26.0214	-48.83	-14.36
1510960530	26.0214	-48.53	-14.33
1510960560	25.9769	-49.1	-14.39
1510960590	26.0658	-49.01	-14.42
1510960620	26.1102	-48.62	-14.36
1510960650	26.1991	-48.92	-14.36
1510960680	26.1547	-48.95	-14.45
1510960710	26.1547	-49.34	-14.36
1510960740	26.1547	-48.8	-14.42
1510960770	26.1547	-48.62	-14.42
1510960800	26.2436	-48.41	-14.33
1510960830	26.288	-48.77	-14.42
1510960860	26.3769	-48.47	-14.33
1510960890	26.3769	-48.74	-14.39
1510960920	26.3325	-48.53	-14.33
1510960950	26.3769	-48.83	-14.36
1510960980	26.3769	-48.38	-14.36
1510961011	26.3769	-48.68	-14.27
1510961041	26.4214	-48.71	-14.27
1510961071	26.3769	-49.19	-14.27
1510961101	26.3769	-48.68	-14.24
1510961131	26.3769	-48.71	-14.3
1510961161	26.288	-48.44	-14.24
1510961231	25.9769	-48.71	-14.33
1510961261	25.9325	-48.62	-14.18
1510961291	25.7547	-48.77	-14.24
1510961321	25.5325	-48.65	-14.36
1510961351	25.3547	-48.62	-14.42
1510961381	25.2658	-48.56	-14.36
1510961411	25.088	-48.95	-14.36
1510961441	24.9102	-48.59	-14.39
1510961471	24.7769	-48.89	-14.42
1510961501	24.6436	-48.92	-14.36
1510961531	24.5547	-48.68	-14.36
1510961561	24.4214	-48.74	-14.36
1510961566	24.4214	-48.29	-14.39
1510961596	24.3769	-48.95	-14.3
1510961626	24.4214	-49.04	-14.39
1510961656	24.3325	-49.55	-14.36
1510961686	24.3769	-51.17	-14.36
1510961716	24.3769	-52.34	-14.33
1510961746	24.3325	-54.5	-14.39
1510961776	24.3325	-55.97	-14.39
1510961806	24.3769	-59.48	-14.33
1510961836	24.3769	-62.6	-14.45
1510961866	24.3325	-65.6	-14.51
1510961896	24.3325	-68.42	-14.45
1510961926	24.4658	-69.17	-14.45
1510961956	24.4214	-69.56	-14.6
1510961986	24.4214	-70.55	-14.6
1510962016	24.5547	-72.65	-14.63
1510962046	24.5103	-74.87	-14.66
1510962076	24.5547	-75.95	-14.75
1510962106	24.5991	-76.97	-14.9
1510962136	24.6436	-76.7	-14.93
1510962166	24.6436	-76.64	-14.93
1510962197	24.7325	-76.79	-15.08
1510962227	24.7769	-76.19	-15.17
1510962257	24.8658	-76.31	-15.29
1510962287	24.8214	-76.16	-15.32
1510962317	24.8658	-76.31	-15.44
1510962347	24.9991	-75.23	-15.62
1510962377	24.9991	-75.38	-15.68
1510962407	24.9991	-75.89	-15.77
1510962437	25.1325	-74.99	-16.01
1510962467	25.088	-74.81	-16.16
1510962497	25.2214	-75.8	-16.46
1510962527	25.2214	-74.9	-16.34
1510962557	25.2658	-75.41	-16.46
1510962587	25.2658	-75.32	-16.52
1510962617	25.3102	-74.9	-16.58
1510962647	25.3102	-75.44	-16.7
1510962677	25.3547	-74.45	-16.73
1510962707	25.4436	-74.9	-16.91
1510962737	25.488	-74.51	-17.03
1510962767	25.4436	-74.51	-16.97
1510962797	25.5325	-74.15	-17.18
1510962827	25.5769	-74.66	-17.18
1510962857	25.6214	-74.51	-17.27
1510962887	25.6214	-74.15	-17.42
1510962918	25.7102	-74	-17.51
1510962948	25.7102	-73.7	-17.66
1510962978	25.7547	-74.36	-17.6
1510963008	25.7991	-73.55	-17.69
1510963038	25.7991	-72.83	-17.78
1510963068	25.8436	-73.49	-17.78
1510963098	25.8436	-73.07	-17.84
1510963128	25.888	-73.28	-17.84
1510963158	25.9325	-72.5	-17.99
1510963188	25.888	-72.35	-18.02
1510963218	25.9325	-72.26	-18.08
1510963248	25.9325	-72.59	-18.2
1510963278	25.9769	-71.93	-18.2
1510963308	25.9325	-72.23	-18.2
1510963338	25.9769	-72.38	-18.26
1510963368	25.9769	-72.05	-18.29
1510963398	25.9769	-72.17	-18.38
1510963428	25.9769	-72.59	-18.44
1510963458	26.0214	-72.83	-18.44
1510963488	26.0658	-73.25	-18.44
1510963518	25.9769	-72.71	-18.44
1510963548	26.1102	-73.7	-18.41
1510963578	26.0658	-73.4	-18.47
1510963608	26.1547	-74.45	-18.59
1510963638	26.1547	-74.78	-18.62
1510963669	26.2436	-74.42	-18.59
1510963699	26.1991	-75.35	-18.59
1510963729	26.1547	-75.05	-18.59
1510963759	26.2436	-75.11	-18.68
1510963789	26.1547	-74.66	-18.68
1510963819	26.1991	-75.11	-18.68
1510963849	26.1991	-74.93	-18.71
1510963879	26.2436	-75.41	-18.68
1510963909	26.288	-74.54	-18.71
1510963939	26.288	-74.6	-18.71
1510963969	26.4214	-75.08	-18.77
1510963999	26.3325	-74.36	-18.71
1510964029	26.3325	-74.21	-18.74
1510964059	26.4214	-74.33	-18.8
1510964089	26.3769	-74.27	-18.77
1510964119	26.5102	-73.76	-18.77
1510964149	26.4658	-74.18	-18.83
1510964179	26.4658	-74.21	-18.8
1510964209	26.4214	-73.43	-18.71
1510964239	26.4658	-74.33	-18.83
1510964269	26.3769	-73.46	-18.77
1510964299	26.4658	-73.16	-18.8
1510964329	26.5547	-73.7	-18.86
1510964359	26.3325	-72.02	-18.95
1510975804	27.1769	-72.11	-17.51
1510975834	27.1769	-71.69	-17.3
1510975864	27.1325	-71.84	-17.33
1510975894	27.1769	-71.54	-17.33
1510975924	27.1325	-71.75	-17.3
1510975954	27.088	-71.75	-17.3
1510975984	27.1325	-71.51	-17.3
1510976015	27.1769	-71.84	-17.3
1510976045	27.1769	-71.51	-17.36
1510976075	27.2213	-71.87	-17.3
1510976105	27.1769	-71.84	-17.27
1510976135	27.1769	-71.84	-17.3
1510976165	27.1769	-71.63	-17.24
1510976195	27.3102	-71.3	-17.24
1510976225	27.2658	-71.63	-17.36
1510976255	27.1769	-71.36	-17.33
1510976285	27.2658	-71.33	-17.3
1510976315	27.2213	-71.45	-17.36
1510976345	27.1769	-71.51	-17.3
1510976375	27.2213	-71.75	-17.33
1510976405	27.2213	-71.15	-17.3
1510976435	27.2658	-71.45	-17.3
1510976465	27.2213	-71.51	-17.33
1510976495	27.3102	-71.12	-17.27
1510976525	27.3102	-71.3	-17.27
1510976555	27.3102	-71.78	-17.33
1510976585	27.2658	-71.66	-17.3
1510976615	27.2213	-71.24	-17.27
1510976645	27.2658	-71.06	-17.33
1510976675	27.2658	-70.94	-17.27
1510976705	27.2213	-71.39	-17.3
1510976736	27.3102	-71.78	-17.3
1510976766	27.2658	-71.57	-17.33
1510976796	27.2658	-70.88	-17.3
1510976826	27.3102	-71.15	-17.3
1510976856	27.2213	-71.03	-17.24
1510976886	27.3102	-71.39	-17.21
1510976916	27.2658	-70.46	-17.27
1510976946	27.2658	-71.21	-17.3
1510976976	27.2658	-71.81	-17.3
1510977006	27.2658	-70.97	-17.33
1510977036	27.2658	-71.27	-17.3
1510977066	27.3102	-71.39	-17.3
1510977096	27.3102	-71.03	-17.36
1510977126	27.3102	-71.51	-17.36
1510977156	27.3102	-71.3	-17.33
1510977186	27.3102	-70.85	-17.27
1510977216	27.3102	-71	-17.33
1510977246	27.3102	-71.15	-17.3
1510977276	27.2658	-71.57	-17.24
1510977306	27.3102	-71.27	-17.27
1510977336	27.3102	-70.52	-17.3
1510977366	27.2213	-71.06	-17.27
1510977396	27.3102	-71.36	-17.33
1510977426	27.3547	-70.82	-17.33
1510977457	27.2658	-70.73	-17.3
1510977487	27.3102	-70.91	-17.33
1510977517	27.3991	-70.97	-17.33
1510977547	27.3102	-70.91	-17.33
1510977577	27.2658	-70.7	-17.27
1510977607	27.3547	-71.12	-17.33
1510977637	27.3991	-70.7	-17.36
1510977667	27.3547	-71.21	-17.27
1510977697	27.3547	-71.21	-17.36
1510977727	27.3547	-70.91	-17.3
1510977757	27.3547	-70.31	-17.27
1510977787	27.3991	-71.03	-17.33
1510977817	27.3102	-70.67	-17.3
1510977847	27.3991	-71.33	-17.3
1510977877	27.3991	-70.58	-17.33
1510977907	27.3547	-70.61	-17.36
1510977937	27.3547	-71.3	-17.3
1510977967	27.3547	-70.58	-17.27
1510977997	27.3102	-70.91	-17.3
1510978027	27.3547	-71.24	-17.3
1510978057	27.3547	-71.15	-17.33
1510978087	27.3102	-70.67	-17.36
1510978117	27.4436	-70.43	-17.33
1510978147	27.3991	-70.34	-17.39
1510978178	27.3991	-70.4	-17.36
1510978208	27.3991	-70.37	-17.27
1510978238	27.3547	-70.61	-17.36
1510978268	27.3991	-71.12	-17.3
1510978298	27.3547	-70.22	-17.3
1510978328	27.3547	-70.76	-17.3
1510978358	27.3547	-70.25	-17.3
1510978388	27.3547	-70.67	-17.33
1510978418	27.3547	-70.25	-17.24
1510978448	27.3102	-70.13	-17.33
1510978478	27.3102	-70.76	-17.33
1510978508	27.3102	-70.37	-17.3
1510978538	27.3547	-70.37	-17.27
1510978568	27.3991	-70.76	-17.27
1510978598	27.3991	-70.7	-17.33
1510978628	27.3547	-70.04	-17.27
1510978658	27.3991	-70.4	-17.27
1510978688	27.3991	-70.13	-17.27
1510978718	27.3547	-70.13	-17.33
1510978748	27.3102	-70.13	-17.3
1510978778	27.3547	-69.86	-17.3
1510978808	27.3991	-69.77	-17.33
1510978838	27.3547	-69.56	-17.3
1510978868	27.3991	-70.04	-17.3
1510978899	27.3547	-69.98	-17.36
1510978929	27.3991	-69.44	-17.27
1510978959	27.3102	-69.95	-17.27
1510978989	27.3991	-69.83	-17.3
1510979019	27.3991	-69.05	-17.3
1510979049	27.3991	-69.8	-17.3
1510979079	27.3991	-69.8	-17.36
1510979109	27.3547	-69.35	-17.27
1510979139	27.4436	-69.26	-17.33
1510979169	27.3991	-69.41	-17.27
1510979199	27.4436	-69.56	-17.33
1510979229	27.3991	-69.62	-17.3
1510979259	27.3991	-69.47	-17.3
1510979289	27.488	-69.68	-17.36
1510979319	27.4436	-69.35	-17.33
1510979349	27.3991	-69.62	-17.27
1510979379	27.4436	-69.38	-17.3
1510979409	27.3547	-69.56	-17.24
1510979439	27.5324	-69.32	-17.33
1510979469	27.3991	-69.68	-17.3
1510979499	27.4436	-69.62	-17.27
1510979529	27.3991	-69.65	-17.24
1510979559	27.3991	-68.6	-17.33
1510979589	27.4436	-69.08	-17.33
1510979620	27.4436	-69.41	-17.3
1510979650	27.4436	-68.99	-17.27
1510979680	27.3991	-68.99	-17.24
1510979710	27.4436	-69.32	-17.24
1510979740	27.3991	-69.02	-17.3
1510979770	27.3991	-68.81	-17.33
1510979800	27.3991	-68.75	-17.3
1510979830	27.4436	-69.14	-17.3
1510979860	27.4436	-68.78	-17.39
1510979890	27.4436	-68.57	-17.36
1510979920	27.488	-69.2	-17.3
1510979950	27.5324	-68.66	-17.3
1510979980	27.488	-68.96	-17.21
1510980010	27.5324	-68.84	-17.33
1510980040	27.5324	-68.9	-17.3
1510980070	27.4436	-68.72	-17.24
1510980100	27.488	-68.81	-17.33
1510980130	27.4436	-68.9	-17.21
1510980160	27.4436	-68.48	-17.24
1510980190	27.3991	-68.27	-17.18
1510980220	27.4436	-68.33	-17.3
1510980250	27.3991	-69.14	-17.3
1510980280	27.3547	-68.63	-17.3
1510980310	27.3102	-68.81	-17.27
1510980341	27.3547	-68.42	-17.33
1510980371	27.4436	-68.63	-17.24
1510980401	27.4436	-68.81	-17.27
1510980431	27.3991	-68.51	-17.27
1510980461	27.4436	-68.57	-17.3
1510980491	27.4436	-68.87	-17.27
1510980521	27.4436	-69.14	-17.24
1510980551	27.3991	-68.09	-17.36
1510980581	27.4436	-68.57	-17.33
1510980611	27.4436	-68.33	-17.33
1510980641	27.4436	-68.39	-17.3
1510980671	27.3991	-68.51	-17.3
1510980701	27.4436	-69.14	-17.3
1510980731	27.4436	-69.08	-17.33
1510980761	27.488	-68.36	-17.3
1510980791	27.488	-68.45	-17.27
1510980821	27.4436	-68.39	-17.27
1510980851	27.488	-68.87	-17.33
1510980881	27.488	-68.6	-17.27
1510980911	27.5324	-68.63	-17.33
1510980941	27.4436	-68.57	-17.3
1510980971	27.5324	-68.36	-17.33
1510981001	27.5324	-68.51	-17.3
1510981031	27.488	-68.63	-17.27
1510981062	27.488	-68.57	-17.3
1510981092	27.4436	-68.6	-17.27
1510981122	27.4436	-68.45	-17.3
1510981152	27.4436	-67.97	-17.33
1510981182	27.488	-68.12	-17.3
1510981212	27.5324	-68.45	-17.33
1510981242	27.5769	-68.87	-17.27
1510981272	27.5324	-68.36	-17.27
1510981302	27.488	-68.51	-17.3
1510981332	27.488	-68.03	-17.33
1510981362	27.5324	-68.15	-17.27
1510981392	27.4436	-67.73	-17.27
1510981422	27.5324	-68.12	-17.27
1510981452	27.488	-68.09	-17.33
1510981482	27.4436	-68.42	-17.27
1510981512	27.488	-67.79	-17.33
1510981542	27.5324	-68.03	-17.33
1510981572	27.488	-67.73	-17.3
1510981602	27.4436	-67.85	-17.36
1510981632	27.4436	-68.09	-17.3
1510981662	27.4436	-68.09	-17.27
1510981692	27.4436	-67.73	-17.27
1510981722	27.488	-67.49	-17.27
1510981753	27.4436	-67.01	-17.3
1510981783	27.488	-67.22	-17.3
1510981813	27.488	-67.04	-17.3
1510981843	27.488	-67.22	-17.27
1510981873	27.4436	-66.77	-17.24
1510981943	27.4436	-67.58	-17.3
1510981973	27.5324	-67.58	-17.3
1510982003	27.4436	-67.37	-17.27
1510982033	27.5324	-67.64	-17.3
1510982063	27.488	-67.94	-17.3
1510982093	27.5324	-67.97	-17.27
1510982123	27.5324	-67.67	-17.39
1510982153	27.5324	-67.67	-17.36
1510982183	27.488	-67.52	-17.3
1510982213	27.5324	-67.64	-17.3
1510982243	27.488	-67.34	-17.39
1510982273	27.4436	-67.37	-17.3
1510982303	27.5324	-66.95	-17.3
1510982333	27.5769	-67.1	-17.27
1510982363	27.4436	-67.4	-17.3
1510982393	27.5324	-67.85	-17.3
1510982423	27.488	-67.49	-17.33
1510982454	27.488	-66.98	-17.24
1510982484	27.488	-67.19	-17.3
1510982514	27.488	-67.04	-17.27
1510982544	27.5324	-67.22	-17.33
1510982574	27.488	-67.34	-17.24
1510982604	27.5324	-66.98	-17.33
1510982634	27.3991	-66.98	-17.33
1510982664	27.488	-67.43	-17.3
1510982694	27.5324	-67.07	-17.27
1510982724	27.488	-66.92	-17.36
1510982754	27.488	-67.25	-17.3
1510982784	27.488	-67.1	-17.3
1510982814	27.488	-66.98	-17.33
1510982844	27.5769	-66.92	-17.27
1510982874	27.5324	-67.04	-17.33
1510982904	27.4436	-66.83	-17.33
1510982934	27.3991	-67.37	-17.3
1510982964	27.4436	-66.98	-17.3
1510982994	27.3991	-66.77	-17.33
1510983024	27.4436	-67.25	-17.36
1510983054	27.4436	-66.86	-17.27
1510983084	27.4436	-66.98	-17.3
1510983114	27.488	-66.8	-17.3
1510983144	27.3991	-67.01	-17.27
1510983175	27.488	-66.68	-17.33
1510983205	27.488	-66.74	-17.3
1510983275	27.4436	-66.74	-17.36
1510983305	27.4436	-66.23	-17.3
1510983335	27.4436	-66.47	-17.24
1510983365	27.5324	-66.05	-17.27
1510983395	27.488	-66.62	-17.21
1510983425	27.488	-66.47	-17.3
1510983455	27.3991	-66.05	-17.27
1510983485	27.4436	-66.62	-17.3
1510983555	27.3991	-66.08	-17.39
1510983585	27.4436	-66.32	-17.33
1510983615	27.4436	-65.72	-17.36
1510983645	27.4436	-65.69	-17.27
1510983675	27.4436	-65.84	-17.27
1510983705	27.4436	-65.87	-17.3
1510983735	27.4436	-66.14	-17.3
1510983765	27.488	-65.66	-17.3
1510983795	27.3991	-65.72	-17.27
1510983825	27.488	-65.33	-17.36
1510983856	27.3991	-65.84	-17.3
1510983886	27.488	-66.08	-17.27
1510983916	27.488	-66.5	-17.3
1510983946	27.3991	-66.11	-17.3
1510983976	27.488	-65.42	-17.33
1510984006	27.5324	-65.15	-17.27
1510984036	27.4436	-65.06	-17.3
1510984066	27.4436	-65.84	-17.33
1510984096	27.4436	-65.18	-17.33
1510984126	27.5324	-65.12	-17.33
1510984156	27.488	-65.93	-17.36
1510984186	27.5324	-65.69	-17.33
1510984216	27.5324	-65.51	-17.3
1510984246	27.5769	-65.27	-17.33
1510984276	27.5769	-65.18	-17.36
1510984306	27.5324	-64.85	-17.3
1510984336	27.5324	-64.07	-17.33
1510984366	27.5324	-64.73	-17.3
1510984396	27.5324	-64.94	-17.12
1510984426	27.488	-64.58	-17.3
1510984456	27.5324	-64.64	-17.21
1510984486	27.5769	-65.24	-17.3
1510984516	27.488	-64.49	-17.18
1510984546	27.5769	-64.52	-17.21
1510984577	27.5769	-64.67	-17.21
1510984607	27.5324	-64.64	-17.21
1510984637	27.6213	-64.58	-17.15
1510984667	27.5324	-63.8	-17.21
1510984697	27.5324	-64.37	-17.15
1510984727	27.5769	-64.04	-17.12
1510984757	27.5324	-64.37	-17.21
1510984787	27.5324	-64.46	-17.21
1510984817	27.5324	-64.07	-17.18
1510984847	27.5324	-64.16	-17.21
1510984877	27.5324	-63.71	-17.21
1510984907	27.5769	-63.8	-17.24
1510984937	27.488	-64.25	-17.24
1510984967	27.5769	-64.22	-17.18
1510984997	27.5324	-64.49	-17.18
1510985027	27.5324	-63.89	-17.18
1510985057	27.488	-64.34	-17.21
1510985087	27.6213	-63.89	-17.09
1510985117	27.5324	-63.53	-17.15
1510985147	27.6213	-64.19	-17.06
1510985177	27.5324	-63.53	-17.15
1510985207	27.5769	-63.89	-17.06
1510985237	27.5324	-63.77	-17.06
1510985267	27.5769	-63.26	-17.06
1510985298	27.6213	-63.44	-17.18
1510985328	27.6213	-63.2	-17.06
1510985358	27.6213	-63.74	-17.12
1510985388	27.5769	-63.32	-17.09
1510985418	27.5769	-64.37	-17
1510985448	27.6658	-64.07	-17.15
1510985478	27.6213	-63.35	-17.09
1510985508	27.6658	-63.62	-17.06
1510985538	27.6213	-63.74	-17.06
1510985568	27.5324	-63.89	-17
1510985598	27.6213	-64.04	-17.03
1510985628	27.6213	-63.59	-17.03
1510985658	27.6213	-63.26	-17.06
1510985688	27.6213	-63.2	-17.03
1510985718	27.5769	-62.93	-17.09
1510985748	27.6213	-63.59	-17.03
1510985778	27.6213	-63.26	-17.03
1510985808	27.5769	-63.59	-17
1510985838	27.5769	-63.41	-17
1510985868	27.6658	-62.9	-17.09
1510985898	27.6213	-63.32	-17.06
1510985928	27.5769	-63.08	-17.12
1510985958	27.5769	-63.5	-17.06
1510985988	27.6213	-63.62	-17.03
1510986019	27.6658	-63.41	-17.09
1510986049	27.6213	-63.29	-17.06
1510986079	27.6213	-63.2	-17.03
1510986109	27.6658	-63.68	-17.06
1510986139	27.6213	-63.77	-17.03
1510986169	27.5769	-63.11	-17.09
1510986199	27.7102	-63.47	-17.03
1510986229	27.7102	-62.87	-17.06
1510986259	27.5769	-62.51	-17.09
1510986289	27.6213	-63.29	-17.09
1510986319	27.6213	-62.93	-17.06
1510986349	27.6213	-62.9	-17.06
1510986379	27.6658	-63.38	-17.06
1510986409	27.6658	-63.32	-17.06
1510986439	27.7102	-62.57	-17.03
1510986469	27.7102	-63.2	-17.09
1510986499	27.6658	-63.2	-17.06
1510986529	27.6213	-63.14	-17.06
1510986559	27.6658	-63.2	-17.12
1510986589	27.6658	-62.3	-17.06
1510986619	27.6213	-63.59	-17.06
1510986649	27.5769	-62.78	-17.09
1510986679	27.6213	-63.2	-17.03
1510986710	27.6213	-63.05	-17
1510986740	27.6658	-62.84	-17.09
1510986770	27.6658	-62.84	-17.06
1510986800	27.7102	-62.99	-17.06
1510986830	27.6658	-63.35	-17.06
1510986860	27.6213	-63.02	-17.09
1510986890	27.6658	-63.53	-17.12
1510986920	27.7102	-63.35	-17.06
1510986950	27.6658	-63.38	-17.03
1510986980	27.6658	-62.87	-17.03
1510987010	27.6658	-62.72	-17.03
1510987040	27.6658	-63.35	-17.09
1510987070	27.6658	-62.81	-17
1510987100	27.7102	-62.6	-17.12
1510987130	27.7547	-62.6	-17
1510987160	27.6213	-63.17	-17.03
1510987190	27.6658	-63.59	-17.03
1510987220	27.6658	-63.17	-17.03
1510987250	27.7102	-62.87	-17
1510987280	27.6658	-62.6	-17.06
1510987310	27.7102	-62.75	-17.03
1510987340	27.7102	-62.66	-17.09
1510987370	27.7102	-63.11	-17.03
1510987400	27.7102	-62.69	-17.03
1510987431	27.7102	-62.75	-17.09
1510987461	27.6658	-63.05	-17.06
1510987491	27.7102	-62.69	-17.06
1510987521	27.7547	-63.17	-17.03
1510987551	27.7102	-62.96	-17.15
1510987581	27.7102	-63.2	-17.24
1510987611	27.7102	-63.08	-17.15
1510987641	27.6658	-62.69	-17.21
1510987671	27.6658	-62.78	-17.15
1510987701	27.7547	-62.87	-17.21
1510987731	27.7102	-63.32	-17.24
1510987761	27.6213	-62.84	-17.21
1510987791	27.6213	-63.02	-17.21
1510987821	27.7102	-63.2	-17.21
1510987851	27.6658	-62.6	-17.18
1510987881	27.7102	-62.66	-17.15
1510987911	27.6658	-62.99	-17.24
1510987941	27.6658	-62.81	-17.21
1510987971	27.6658	-63.23	-17.18
1510988001	27.6658	-62.96	-17.21
1510988031	27.7102	-62.66	-17.18
1510988061	27.6658	-62.96	-17.15
1510988091	27.7991	-63.11	-17.18
1510988121	27.6658	-63.2	-17.18
1510988152	27.7991	-62.84	-17.21
1510988182	27.7102	-63.08	-17.24
1510988212	27.7102	-62.66	-17.21
1510988242	27.7991	-63.05	-17.21
1510988272	27.7547	-63.05	-17.21
1510988302	27.7102	-62.9	-17.21
1510988332	27.7102	-62.99	-17.15
1510988362	27.7102	-62.87	-17.18
1510988392	27.7547	-62.99	-17.18
1510988422	27.7547	-62.99	-17.21
1510988452	27.7102	-62.93	-17.18
1510988482	27.7102	-62.9	-17.21
1510988512	27.7547	-62.87	-17.21
1510988542	27.6658	-62.99	-17.24
1510988572	27.7547	-62.87	-17.21
1510988602	27.7991	-63.44	-17.24
1510988632	27.7547	-63.35	-17.21
1510988662	27.7547	-62.84	-17.27
1510988692	27.6658	-62.75	-17.21
1510988722	27.7991	-62.78	-17.24
1510988752	27.7102	-62.63	-17.18
1510988782	27.7991	-63.29	-17.36
1510988812	27.7991	-62.9	-17.21
1510988842	27.7991	-63.26	-17.18
1510988873	27.7991	-62.45	-17.3
1510988903	27.7991	-62.6	-17.3
1510988933	27.7102	-62.81	-17.3
1510988963	27.7547	-63.02	-17.24
1510988993	27.7991	-63.11	-17.3
1510989023	27.7547	-63.26	-17.27
1510989053	27.7547	-62.87	-17.27
1510989083	27.8436	-63.11	-17.24
1510989113	27.7547	-63.56	-17.21
1510989143	27.8436	-64.1	-17.3
1510989173	27.7991	-64.13	-17.3
1510989203	27.7547	-64.67	-17.3
1510989233	27.7991	-64.85	-17.27
1510989263	27.7991	-65.45	-17.33
1510989293	27.888	-66.8	-17.3
1510989323	27.8436	-67.19	-17.33
1510989353	27.7991	-67.73	-17.27
1510989383	27.8436	-67.97	-17.3
1510989413	27.8436	-69.5	-17.27
1510989443	27.8436	-70.43	-17.27
1510989473	27.888	-71.39	-17.33
1510989503	27.7991	-72.11	-17.36
1510989533	27.8436	-73.01	-17.39
1510989563	27.7991	-73.43	-17.36
1510989594	27.7991	-74.09	-17.39
1510989624	27.7991	-75.44	-17.39
1510989654	27.7991	-75.32	-17.48
1510989684	27.8436	-75.38	-17.45
1510989714	27.7991	-75.65	-17.45
1510989744	27.8436	-75.98	-17.42
1510989774	27.888	-75.59	-17.45
1510989804	27.8436	-75.8	-17.6
1510989834	27.8436	-75.89	-17.63
1510989864	27.7991	-75.56	-17.63
1510989894	27.8436	-75.8	-17.69
1510989924	27.8436	-75.86	-17.69
1510989954	27.7991	-75.44	-17.66
1510989984	27.7547	-75.56	-17.75
1510990014	27.6658	-75.08	-17.78
1510990044	27.5769	-75.77	-17.78
1510990074	27.488	-75.44	-17.9
1510990104	27.2213	-74.81	-17.9
1510990134	27.1769	-75.26	-17.87
1510990164	27.0436	-74.87	-17.99
1510990194	26.8213	-74.84	-17.99
1510990224	26.7325	-75.23	-18.05
1510990254	26.5102	-75.35	-18.05
1510990284	26.3769	-75.11	-18.05
1510990315	26.1991	-74.78	-18.2
1510990345	25.9769	-74.51	-18.14
1510990375	25.7102	-74.72	-18.14
1510990405	25.7991	-74.39	-18.23
1510990435	25.5769	-74.21	-18.29
1510990465	25.488	-74.42	-18.26
1510990495	25.3547	-73.82	-18.41
1510990525	25.3102	-74.12	-18.35
1510990555	25.2214	-73.55	-18.44
1510990585	25.2214	-73.76	-18.44
1510990615	25.3102	-74.09	-18.41
1510990645	25.2214	-73.13	-18.5
1510990675	25.2214	-73.85	-18.47
1510990705	25.1769	-72.53	-18.53
1510990735	25.2214	-72.95	-18.53
1510990765	25.2658	-72.65	-18.56
1510990795	25.1769	-73.16	-18.62
1510990825	25.3102	-72.56	-18.53
1510990855	25.3547	-72.71	-18.62
1510990885	25.2658	-72.14	-18.59
1510990915	25.2658	-72.47	-18.62
1510990945	25.3991	-73.01	-18.68
1510990975	25.6214	-72.65	-18.65
1510991005	25.5325	-72.83	-18.68
1510991036	25.5769	-73.94	-18.62
1510991066	25.6214	-74.36	-18.71
1510991096	25.6658	-74	-18.71
1510991126	25.6658	-75.41	-18.65
1511024397	27.3991	-73.85	-18.53
1511024427	27.3991	-74.18	-18.23
1511024457	27.3547	-74.54	-18.26
1511024487	27.3547	-73.76	-18.23
1511024517	27.4436	-73.79	-18.26
1511024547	27.3991	-73.46	-18.29
1511024577	27.488	-73.67	-18.29
1511024607	27.488	-73.73	-18.26
1511024637	27.3991	-73.91	-18.2
1511024708	27.3991	-73.7	-18.32
1511024738	27.488	-74.12	-18.29
1511024768	27.5324	-74.63	-18.23
1511024798	27.488	-74.09	-18.35
1511024828	27.488	-73.22	-18.2
1511024861	27.4436	-74.36	-18.5
1511024892	27.4436	-73.79	-18.26
1511024922	27.4436	-74.21	-18.29
1511024952	27.4436	-74.06	-18.32
1511024982	27.4436	-73.88	-18.35
1511025012	27.488	-73.64	-18.26
1511025042	27.488	-73.55	-18.35
1511025072	27.488	-73.43	-18.26
1511025102	27.488	-73.67	-18.2
1511025132	27.5769	-73.7	-18.26
1511025162	27.6213	-73.64	-18.17
1511025192	27.5769	-73.73	-18.2
1511025222	27.5324	-73.94	-18.17
1511025252	27.5324	-73.7	-18.2
1511025282	27.5769	-73.34	-18.17
1511025312	27.6213	-73.73	-18.2
1511025342	27.5324	-73.76	-18.23
1511025372	27.5769	-73.4	-18.29
1511025402	27.5769	-73.55	-18.2
1511025432	27.5769	-73.43	-18.08
1511025502	27.6213	-73.31	-18.2
1511025532	27.5769	-73.79	-18.17
1511025562	27.6213	-73.43	-18.23
1511025593	27.6213	-73.01	-18.2
1511025623	27.6213	-73.19	-18.02
1511025653	27.7102	-72.98	-18.11
1511025683	27.6658	-73.4	-18.17
1511025713	27.6213	-73.61	-18.2
1511025743	27.6213	-73.25	-17.99
1511025773	27.6658	-73.16	-18.29
1511025803	27.6658	-73.85	-18.14
1511025833	27.6213	-73.52	-18.17
1511025863	27.7102	-73.16	-18.26
1511025893	27.7102	-73.49	-18.2
1511025923	27.6658	-73.25	-18.5
1511025953	27.6658	-73.67	-18.26
1511025983	27.7102	-73.58	-18.53
1511026013	27.7547	-73.88	-18.29
1511026043	27.6658	-73.22	-18.23
1511026073	27.7991	-73.25	-18.14
1511026103	27.7102	-72.65	-18.2
1511026133	27.7102	-73.1	-18.2
1511026163	27.7991	-73.34	-18.26
1511026193	27.7991	-73.55	-18.47
1511026223	27.7991	-73.58	-18.41
1511026253	27.7991	-73.43	-18.41
1511026283	27.8436	-73.58	-18.5
1511026314	27.7991	-73.04	-18.23
1511026344	27.8436	-73.82	-18.29
1511026374	27.8436	-73.22	-18.38
1511026404	27.8436	-73.31	-18.29
1511026467	27.888	-74.03	-18.44
1511026497	27.8436	-74.27	-18.29
1511026567	27.8436	-73.49	-18.41
1511026597	27.888	-73.46	-18.29
1511026627	27.888	-73.13	-18.08
1511026657	27.888	-73.1	-18.38
1511026687	27.888	-73.49	-18.23
1511026718	27.888	-73.19	-18.2
1511026748	27.9769	-73.1	-18.11
1511026778	27.9324	-73.28	-18.17
1511026808	27.888	-73.13	-18.32
1511026838	27.888	-73.1	-18.41
1511026868	27.9324	-73.46	-18.26
1511026898	27.9769	-73.67	-18.38
1511026928	27.9769	-73.79	-18.14
1511026958	27.888	-73.49	-18.08
1511026988	27.9769	-73.88	-18.08
1511027014	28.0213	-73.22	-18.23
1511027044	27.9324	-73.34	-18.05
1511027074	28.0213	-73.52	-18.05
1511027104	27.9769	-72.95	-17.99
1511027134	28.0213	-73.4	-18.02
1511027164	28.0213	-73.25	-18.05
1511027194	28.0213	-73.73	-18.05
1511029978	26.6436	-74.06	-18.26
1511030008	26.4658	-74.12	-18.32
1511030038	26.2436	-73.88	-18.38
1511030068	26.1102	-73.73	-18.35
1511030098	25.9769	-73.46	-18.35
1511030129	25.7991	-73.73	-18.38
1511030159	25.6658	-74.03	-18.44
1511030189	25.488	-73.82	-18.41
1511030219	25.3102	-73.64	-18.53
1511030249	25.2658	-73.49	-18.26
1511030279	25.1325	-73.1	-18.47
1511030309	24.9991	-72.83	-18.29
1511030339	24.8658	-73.82	-18.5
1511030369	24.8658	-74	-18.5
1511030399	24.8214	-72.98	-18.53
1511030429	24.8658	-73.7	-18.5
1511030459	24.8658	-72.35	-18.53
1511030489	24.8658	-73.01	-18.47
1511030519	24.9547	-73.85	-18.47
1511030549	24.9547	-75.47	-18.38
1511030579	24.8214	-75.68	-18.5
1511030609	24.9991	-78.83	-18.35
1511030639	24.8214	-81.98	-18.65
1511030837	25.2214	-94.01	-18.47
1511030867	25.3102	-97.04	-18.44
1511030897	25.3102	-100.28	-18.56
1511030927	25.3547	-100.82	-18.53
1511030957	25.4436	-100.37	-18.38
1511030987	25.488	-101	-18.41
1511031017	25.5325	-100.16	-18.35
1511031047	25.6214	-100.34	-18.11
1511031077	25.6658	-100.34	-18.2
1511031107	25.6658	-100.22	-18.08
1511031137	25.7991	-99.86	-17.99
1511031167	25.7991	-99.32	-17.9
1511031197	25.888	-100.07	-17.81
1511031227	25.888	-99.32	-17.75
1511031257	25.9769	-99.71	-17.66
1511031287	25.9769	-99.77	-17.57
1511031318	26.0214	-99.95	-17.51
1511031348	26.0658	-99.08	-17.36
1511031378	26.1547	-98.69	-17.24
1511031408	26.1991	-98.99	-17.18
1511031438	26.1991	-98.96	-17.06
