1510852462	22.5103	26.32	22.87
1510852492	22.4658	26.41	22.78
1510852522	22.5103	26.14	22.75
1510852552	22.3769	26.41	22.84
1510852582	22.2436	26.35	22.81
1510852612	22.2436	26.08	22.57
1510852642	22.1992	26.2	22.75
1510852672	22.1103	26.32	22.69
1510852702	22.1103	26.11	22.57
1510852732	22.0214	25.93	22.48
1510852762	21.9769	26.02	22.57
1510852793	21.9325	25.48	22.21
1510852823	21.8436	26.35	22.69
1510852853	21.7547	25.87	22.3
1510852883	21.6658	26.17	22.39
1510852913	21.6658	26.14	22.6
1510852943	21.6214	26.05	22.57
1510852973	21.577	26.29	22.6
1510853003	21.4881	26.32	22.69
1510853033	21.3992	26.23	22.6
1510853063	21.3992	25.9	22.57
1510853093	21.3547	26.29	22.54
1510853123	21.1325	26.14	22.6
1510853153	21.1325	26.26	22.51
1510853183	21.1325	26.02	22.57
1510853213	21.0436	25.99	22.54
1510853243	20.9547	26.35	22.42
1510853273	20.9103	25.75	22.39
1510853303	20.8659	26.29	22.54
1510853333	20.777	26.2	22.6
1510853363	20.777	26.38	22.54
1510853393	20.777	26.41	22.57
1510853423	20.6881	26.29	22.51
1510853453	20.5992	25.96	22.42
1510853483	20.5547	26.29	22.45
1510853513	20.4214	25.84	22.39
1510853544	20.5103	25.87	22.27
1510853574	20.377	26.14	22.36
1510853604	20.2881	26.14	22.48
1510853634	20.377	26.05	22.36
1510853664	20.2436	26.05	22.3
1510853694	20.3325	25.51	22.18
1510853724	20.3325	25.66	22.06
1510853754	20.4659	26.65	22.48
1510853784	20.4659	25.54	21.82
1510853814	20.4659	26.59	22.48
1510853844	20.6881	26.5	22.39
1510853914	20.8214	25.87	22.18
1510853944	20.9547	25.75	22.06
1510853974	20.9547	25.75	22.21
1510854004	21.0881	26.08	22.36
1510854034	21.1325	25.63	21.85
1510854064	21.3547	25.78	22.12
1510854094	21.4436	25.93	22.39
1510854124	21.577	26.02	22.36
1510854154	21.6658	26.05	22.24
1510854184	21.7992	26.2	22.39
1510854214	21.8881	26.17	22.15
1510854245	22.0214	25.93	22.06
1510854275	22.1103	25.84	22.24
1510854305	22.2436	26.02	22.12
1510854335	22.3769	26.14	22.18
1510854365	22.4214	25.63	22.03
1510854395	22.5992	25.99	22.18
1510854425	22.7769	26.05	22.18
1510854455	22.7769	25.81	22.09
1510854485	22.8214	25.99	22.18
1510854515	22.8214	26.26	22.33
1510854545	22.8214	26.2	22.24
1510854575	22.9103	26.02	22.21
1510854605	22.8658	25.9	22.09
1510854635	22.7769	25.93	22.18
1510854665	22.7325	26.17	22.24
1510854695	22.688	25.81	21.97
1510854725	22.6436	26.08	22.15
1510854755	22.5547	25.63	21.85
1510854785	22.4658	25.66	21.79
1510854815	22.4658	25.72	21.91
1510854845	22.4214	25.63	22.12
1510854875	22.4214	25.75	22.18
1510854905	22.3325	25.54	21.76
1510854935	22.1992	25.45	21.91
1510854965	22.1547	25.63	22
1510854996	22.1547	25.78	22.18
1510855026	21.9769	25.51	21.94
1510855056	21.9769	26.08	22.06
1510855086	21.8436	26.05	22.12
1510855116	21.7547	25.57	22.15
1510855146	21.6658	26.08	22.06
1510855176	21.577	25.9	22
1510855206	21.4881	25.51	21.97
1510855236	21.5325	25.81	21.88
1510855266	21.4881	25.75	21.91
1510855296	21.3547	25.93	21.82
1510855326	21.3103	25.75	22.12
1510855356	21.177	25.48	21.76
1510855386	21.177	25.57	22
1510855416	21.1325	25.78	21.91
1510855446	21.1325	25.93	22.03
1510855476	21.0881	25.81	22.06
1510855506	20.9992	26.05	22.09
1510855536	20.9547	26.05	22.09
1510855566	20.9103	25.51	22.09
1510855596	20.8659	25.96	21.88
1510855626	20.9992	25.75	21.94
1510855656	20.9547	25.66	22.06
1510855686	20.9547	25.66	22.03
1510855717	20.7325	25.81	21.82
1510855747	20.777	25.54	22.12
1510855777	20.7325	25.9	22
1510855807	20.6881	25.75	22.09
1510855837	20.6436	25.57	21.97
1510855867	20.5547	25.27	21.79
1510855897	20.5103	25.09	21.85
1510855927	20.4659	25.15	21.85
1510855957	20.377	24.58	21.85
1510855987	20.377	24.13	21.79
1510856017	20.377	23.77	21.82
1510856047	20.2881	23.02	21.85
1510856077	20.1992	22.51	21.91
1510856107	20.1547	21.07	21.73
1510856137	20.1547	20.26	21.52
1510856167	20.1103	19.27	21.79
1510856197	20.1103	18.1	21.76
1510856227	19.977	16.54	21.64
1510856257	20.0214	14.98	21.34
1510856287	19.9325	13.72	21.55
1510856317	19.9325	12.25	21.52
1510856347	19.8436	10.42	21.52
1510856377	19.8436	8.5	21.37
1510856407	19.7547	6.79	21.4
1510856437	19.7103	5.98	21.28
1510856468	19.7547	5.71	21.31
1510856498	19.577	4.72	21.22
1510856528	19.6659	3.07	21.16
1510858016	21.5325	-0.74	15.37
1510858046	21.4436	-0.59	15.37
1510858076	21.4436	-0.89	15.34
1510858107	21.4436	-0.8	15.16
1510858137	21.2658	-0.89	15.13
1510858167	21.3103	-0.62	15.19
1510858197	21.177	-0.86	15.01
1510858227	21.1325	-0.53	15.04
1510858257	21.0881	-0.35	14.92
1510858287	21.1325	-0.65	14.8
1510858317	20.9992	-0.77	14.74
1510858347	20.9992	-0.62	14.62
1510858377	20.9547	-0.35	14.68
1510860745	22.4214	-0.47	10.84
1510860776	22.5547	0.01	10.87
1510860806	22.5992	-0.44	10.81
1510860836	22.7325	-0.35	10.87
1510860866	22.7769	-0.29	10.81
1510860896	22.9103	-0.41	10.72
1510860926	22.8214	-0.59	10.66
1510860956	22.7769	-0.74	10.69
1510860986	22.7325	-0.41	10.66
1510861016	22.7325	-0.62	10.63
1510861046	22.688	-0.5	10.63
1510861076	22.5992	-0.44	10.72
1510861106	22.5992	-0.53	10.6
1510861136	22.5103	-0.41	10.51
1510861166	22.4658	-0.71	10.51
1510861196	22.2881	-0.44	10.51
1510861226	22.3325	-0.62	10.54
1510861256	22.1992	-0.38	10.48
1510861286	22.1992	-0.68	10.3
1510861316	22.1103	-0.8	10.39
1510861346	21.9769	-0.41	10.39
1510861376	21.9325	-0.44	10.33
1510861406	21.7992	-0.38	10.3
1510861436	21.8436	-0.53	10.27
1510861466	21.6214	-0.35	10.21
1510861497	21.4881	-0.71	10.12
1510861527	21.4436	-0.62	10.24
1510861557	21.3992	-0.62	10.12
1510861587	21.3547	-0.53	10.18
1510861617	21.3992	-0.5	10.15
1510861647	21.2214	-0.59	10.03
1510861677	21.1325	-0.65	10
1510861707	21.0881	-0.71	10.03
1510861737	21.0436	-0.53	9.97
1510861767	20.9992	-0.74	9.91
1510861797	20.9103	-0.56	10
1510861827	20.8659	-0.68	9.94
1510861857	20.6881	-0.89	9.91
1510861887	20.6881	-0.59	9.91
1510861917	20.5992	-0.56	9.82
1510861947	20.6436	-0.56	9.94
1510861977	20.5992	-0.59	9.85
1510862007	20.4659	-0.71	9.88
1510862037	20.4214	-0.41	9.85
1510862067	20.4214	-0.71	9.79
1510862097	20.3325	-0.47	9.76
1510862127	20.2881	-0.44	9.64
1510862157	20.2881	-0.47	9.64
1510862187	20.1547	-0.62	9.64
1510862217	20.1992	-0.47	9.73
1510862248	20.1992	-0.47	9.7
1510862278	20.1547	-0.74	9.67
1510862308	20.0214	-0.44	9.58
1510862338	20.1103	-0.71	9.64
1510862368	20.0214	-0.59	9.52
1510862398	19.977	-0.38	9.64
1510862428	19.8881	-0.65	9.52
1510862458	19.8881	-0.5	9.43
1510862488	19.8436	-0.68	9.55
1510862518	19.7992	-0.35	9.52
1510862548	19.7992	-0.74	9.43
1510862578	19.7992	-0.83	9.4
1510862608	19.8436	-0.44	9.52
1510862638	19.8436	-0.29	9.52
1510862668	19.9325	-0.68	9.43
1510862698	19.977	-0.44	9.55
1510862728	20.1103	-0.62	9.52
1510862758	20.1992	-0.38	9.37
1510862788	20.3325	-0.44	9.31
1510862818	20.3325	-0.47	9.34
1510862848	20.4214	-0.59	9.46
1510862878	20.5547	-0.44	9.31
1510862908	20.6436	-0.44	9.28
1510862938	20.7325	-0.5	9.22
1510862968	20.8214	-0.5	9.34
1510862999	20.9547	-0.47	9.37
1510863029	21.0881	-0.59	9.1
1510863059	21.1325	-0.68	9.1
1510863089	21.2658	-0.44	9.22
1510863119	21.3992	-0.56	9.25
1510863149	21.5325	-0.74	9.1
1510863179	21.6214	-0.62	9.13
1510863209	21.7103	-0.5	9.19
1510863242	21.8436	-0.86	9.01
1510863272	21.9769	-0.44	9.19
1510863302	22.1103	-0.5	9.25
1510863372	22.2881	-0.59	9.16
1510863402	22.3769	-0.47	9.22
1510863432	22.4658	-0.5	9.13
1510863462	22.5992	-0.2	9.19
1510863492	22.688	-0.5	9.22
1510863522	22.7325	-0.62	9.19
1510863552	22.7325	-0.5	9.1
1510863582	22.8214	-0.35	9.1
1510863612	22.7769	-0.56	9.19
1510863642	22.8658	-0.38	9.28
1510863672	22.7325	-0.53	9.19
1510863702	22.8214	-0.47	9.1
1510863732	22.6436	-0.68	9.16
1510863762	22.6436	-0.53	9.16
1510863793	22.5103	-0.41	9.22
1510863823	22.4658	-0.44	9.16
1510863853	22.3769	-0.56	9.04
1510863883	22.3769	-0.56	9.1
1510863913	22.2881	-0.83	9.01
1510863943	22.2436	-0.47	8.92
1510863973	22.1547	-0.65	8.98
1510864003	22.1547	-0.71	8.95
1510864033	21.9769	-0.47	9.04
1510864063	21.9325	-0.56	9.07
1510864093	21.7992	-0.59	9.1
1510864123	21.7103	-0.44	8.89
1510864153	21.6214	-0.8	9.04
1510864183	21.4881	-0.53	8.98
1510864213	21.4436	-0.26	8.89
1510864243	21.3547	-0.2	9.01
1510864273	21.3992	-0.74	9.01
1510864303	21.2214	-0.44	8.89
1510864333	21.1325	-0.53	8.86
1510864363	21.1325	-0.65	8.86
1510864393	20.9992	-0.29	8.89
1510864423	20.9547	-0.56	8.89
1510864453	20.8214	-0.56	8.77
1510864483	20.777	-0.44	8.8
1510864514	20.8214	-0.59	8.77
1510864544	20.6881	-0.5	8.8
1510864574	20.6436	-0.38	8.65
1510864604	20.5547	-0.56	8.74
1510864634	20.5103	-0.38	8.77
1510864664	20.5547	-0.5	8.74
1510864694	20.377	-0.41	8.65
1510864724	20.377	-0.35	8.62
1510864754	20.3325	-0.65	8.65
1510864784	20.2881	-0.47	8.56
1510864814	20.3325	-0.41	8.62
1510864844	20.377	-0.68	8.59
1510864874	20.4214	-0.5	8.59
1510864904	20.4214	-0.5	8.62
1510864934	20.5547	-0.38	8.53
1510864964	20.5547	-0.74	8.62
1510864994	20.6881	-0.53	8.62
1510865024	20.8214	-0.32	8.56
1510865054	20.8214	-0.65	8.65
1510865084	20.9547	-0.83	8.62
1510865114	21.0881	-0.68	8.65
1510865144	21.177	-0.35	8.44
1510865174	21.2658	-0.53	8.44
1510865204	21.3547	-0.32	8.53
1510865234	21.4436	-0.89	8.44
1510865265	21.6214	-0.5	8.53
1510865295	21.6214	-0.71	8.47
1510865325	21.7992	-0.29	8.5
1510865355	21.9325	-0.77	8.44
1510865385	22.0214	-0.56	8.47
1510865415	22.1103	-0.89	8.5
1510865451	22.1992	-0.56	8.47
1510865481	22.1547	-0.29	8.56
1510865511	22.4214	-0.71	8.44
1510865541	22.5547	-0.56	8.53
1510865571	22.5992	-0.32	8.47
1510865601	22.7769	-0.2	8.5
1510865631	22.8214	-0.74	8.5
1510865661	22.9103	-0.44	8.53
1510865691	22.9547	-0.53	8.47
1510865721	23.0881	-0.41	8.59
1510865751	23.0881	-0.59	8.53
1510865781	23.2214	-0.5	8.53
1510865811	23.3547	-0.35	8.53
1510865841	23.3992	-0.62	8.5
1510865871	23.488	-0.68	8.47
1510865901	23.6658	-0.5	8.47
1510865931	23.7103	-0.29	8.44
1510865961	23.7992	-0.47	8.53
1510865992	23.8436	-0.65	8.44
1510866022	23.888	-0.71	8.35
1510866052	23.9325	-0.8	8.26
1510866082	23.8436	-0.5	8.44
1510866112	23.888	-0.65	8.56
1510866142	23.8436	-0.5	8.47
1510866172	23.7547	-0.17	8.5
1510866202	23.6214	-0.59	8.44
1510866232	23.5769	-0.41	8.5
1510866262	23.5325	-0.29	8.41
1510866292	23.4436	-0.32	8.53
1510866322	23.3103	-0.32	8.38
1510866352	23.2214	-0.26	8.5
1510866382	23.0881	-0.38	8.47
1510866412	23.0436	-0.47	8.5
1510866443	22.9547	-0.8	8.47
1510866526	22.8214	-0.59	8.38
1510866556	22.688	-0.5	8.5
1510866586	22.688	-0.44	8.5
1510866616	22.688	-0.8	8.5
1510866646	22.688	-0.44	8.5
1510866676	22.688	-0.44	8.62
1510866706	22.688	-0.47	8.59
1510866736	22.7769	-0.41	8.47
1510866766	22.8658	-0.59	8.47
1510866796	22.8214	-0.5	8.47
1510866826	22.8658	-0.56	8.53
1510866856	22.8214	-0.38	8.56
1510866887	22.8214	-0.23	8.5
1510866917	22.9547	-0.53	8.56
1510866947	22.9992	-0.17	8.59
1510866977	23.0436	-0.44	8.47
1510867007	23.0881	-0.53	8.5
1510867037	23.1325	-0.17	8.53
1510867067	23.1769	-0.65	8.56
1510867097	23.2214	-0.44	8.5
1510867127	23.3103	-0.44	8.53
1510867157	23.3992	-0.41	8.47
1510867187	23.3992	-0.71	8.29
1510867217	23.488	-0.62	8.5
1510867247	23.5325	-0.38	8.5
1510867277	23.6658	-0.32	8.5
1510867307	23.6658	-0.35	8.47
1510867337	23.7547	-0.35	8.44
1510867367	23.7103	-0.23	8.5
1510867397	23.7992	-0.44	8.53
1510867427	23.7992	-0.77	8.44
1510867457	23.7103	-0.44	8.47
1510867487	23.7992	-0.62	8.47
1510867517	23.6658	-0.65	8.5
1510867547	23.6214	-0.47	8.5
1510867577	23.488	-0.29	8.47
1510867607	23.3992	-0.56	8.5
1510867638	23.3103	-0.32	8.44
1510867668	23.3103	-0.29	8.5
1510867698	23.1325	-0.41	8.56
1510867728	22.9992	-0.44	8.5
1510867758	22.9103	-0.32	8.5
1510867788	22.8658	-0.38	8.5
1510867818	22.7325	-0.77	8.47
1510867848	22.8214	-0.41	8.56
1510867878	22.7769	-0.44	8.47
1510867908	22.7325	-0.59	8.44
1510867961	22.7769	-0.35	8.47
1510867991	22.8214	-0.2	8.53
1510868021	22.9103	-0.44	8.5
1510868051	22.8214	-0.47	8.56
1510868081	22.9103	-0.44	8.5
1510868111	22.9547	-0.41	8.44
1510868141	23.0436	-0.59	8.41
1510868171	23.0881	-0.83	8.38
1510868201	23.0881	-0.32	8.44
1510868231	23.1325	-0.35	8.41
1510868261	23.2658	-0.86	8.02
1510868291	23.2214	-0.65	8.2
1510868321	23.3547	-0.47	8.47
1510868351	23.3547	-0.77	8.29
1510868381	23.3992	-0.23	8.53
1510868411	23.5325	-0.62	8.32
1510868442	23.5769	-0.2	8.35
1510868467	23.6214	-0.35	8.29
1510868497	23.6658	-0.44	8.38
1510868527	23.6658	-0.53	8.29
1510868551	23.7103	-0.44	8.38
1510868582	23.9325	-1.07	8.14
1510868612	23.9769	-0.2	8.5
1510868642	24.0214	-0.71	8.32
1510868672	24.0214	-0.38	8.5
1510868702	24.0214	-0.74	8.38
1510868732	24.0658	-0.47	8.53
1510868762	24.1547	-0.47	8.53
1510868792	24.1992	-0.41	8.38
1510868822	24.2436	-0.53	8.41
1510868852	24.3325	-0.71	8.29
1510868882	24.2436	-0.35	8.53
1510868912	24.1547	-0.35	8.59
1510868942	24.1992	-0.65	8.47
1510868972	24.0658	-0.44	8.38
1510869002	24.1547	-0.59	8.29
1510869032	23.9769	-0.47	8.53
1510869062	23.9325	-0.62	8.5
1510869092	23.888	-0.71	8.47
1510869122	23.6658	-0.77	8.5
1510869152	23.5769	-0.68	8.56
1510869182	23.4436	-0.56	8.47
1510869212	23.3992	-0.44	8.41
1510869242	23.3103	-0.29	8.5
1510869273	23.3547	-0.41	8.56
1510869303	23.3547	-0.74	8.38
1510869333	23.3103	-0.56	8.56
1510869363	23.2658	-0.59	8.56
1510869393	23.2658	-0.62	8.59
1510869423	23.3547	-0.53	8.53
1510869453	23.3547	-0.71	8.53
1510869483	23.3103	-0.62	8.53
1510869513	23.3103	-0.53	8.56
1510869543	23.4436	-0.44	8.44
1510869573	23.3992	-0.29	8.5
1510869603	23.5769	-0.62	8.56
1510869633	23.5769	-0.35	8.59
1510869663	23.5769	-0.44	8.56
1510869693	23.6658	-0.35	8.53
1510869723	23.8436	-0.44	8.53
1510869753	23.7992	-0.41	8.62
1510869783	23.8436	-0.32	8.59
1510869813	23.9325	-0.35	8.56
1510869843	23.9769	-0.47	8.56
1510869873	24.0214	-0.53	8.62
1510869903	24.1547	-0.56	8.38
1510869933	24.1547	-0.53	8.5
1510869963	24.2436	-0.32	8.56
1510869993	24.3325	-0.59	8.56
1510870024	24.4214	-0.62	8.44
1510870054	24.4658	-0.32	8.5
1510870084	24.5547	-0.44	8.53
1510870114	24.5103	-0.41	8.47
1510870144	24.5991	-0.44	8.5
1510870174	24.6436	-0.41	8.56
1510870204	24.5547	-0.59	8.5
1510870234	24.5547	-0.41	8.56
1510870264	24.4214	-0.23	8.47
1510870294	24.4658	-0.65	8.5
1510870324	24.3769	-0.56	8.5
1510870354	24.2436	-0.44	8.53
1510870384	24.1547	-0.32	8.56
1510870414	24.0214	-0.44	8.59
1510870444	23.9769	-0.29	8.5
1510870474	23.888	-0.5	8.5
1510870504	23.7992	-0.23	8.53
1510870534	23.7103	-0.5	8.5
1510870564	23.5325	-0.44	8.53
1510870594	23.3992	-0.56	8.47
1510870624	23.3992	-0.71	8.47
1510870654	23.3992	-0.8	8.56
1510870684	23.3547	-0.56	8.53
1510870714	23.3992	-0.41	8.47
1510870745	23.3547	-0.59	8.5
1510870775	23.2658	-0.44	8.5
1510870805	23.3547	-0.5	8.44
1510870835	23.3547	-0.26	8.56
1510870865	23.4436	-0.59	8.53
1510870895	23.3992	-0.62	8.56
1510870925	23.4436	-0.59	8.53
1510870955	23.488	-0.53	8.53
1510870985	23.488	-0.65	8.53
1510871015	23.6214	-0.59	8.5
1510871045	23.6658	-0.47	8.59
1510871075	23.7103	-0.74	8.53
1510871105	23.8436	-0.41	8.71
1510871135	23.8436	-0.5	8.71
1510871165	23.9325	-0.47	8.65
1510871195	24.0214	-0.23	8.68
1510871225	24.0214	-0.59	8.68
1510871315	24.1547	-0.59	8.59
1510871345	24.2436	-0.74	8.65
1510871375	24.288	-0.35	8.74
1510871405	24.288	-0.32	8.71
1510871435	24.3769	-0.62	8.62
1510871465	24.4658	-0.62	8.71
1510871495	24.5103	-0.44	8.68
1510871525	24.5991	-0.44	8.71
1510871555	24.5991	-0.56	8.68
1510871585	24.5103	-0.38	8.68
1510871615	24.4214	-0.44	8.74
1510871645	24.4214	-0.59	8.65
1510871675	24.3769	-0.5	8.65
1510871706	24.288	-0.47	8.71
1510871736	24.1547	-0.62	8.68
1510871766	24.1547	-0.56	8.68
1510871796	24.0658	-0.44	8.68
1510871826	23.9325	-0.53	8.65
1510871856	23.7992	-0.56	8.71
1510871886	23.7547	-0.53	8.71
1510871916	23.7103	-0.35	8.77
1510871946	23.5769	-0.44	8.65
1510871976	23.4436	-0.62	8.65
1510872006	23.4436	-0.56	8.71
1510872036	23.3992	-0.62	8.68
1510872066	23.4436	-0.44	8.77
1510872096	23.3992	-0.65	8.71
1510872126	23.3992	-0.68	8.68
1510872156	23.488	-0.5	8.65
1510872186	23.488	-0.62	8.62
1510872216	23.5325	-0.56	8.71
1510872246	23.5769	-0.59	8.65
1510872276	23.5325	-0.59	8.71
1510872306	23.6214	-0.32	8.74
1510872336	23.6214	-0.74	8.68
1510872366	23.7547	-0.26	8.71
1510872396	23.7992	-0.38	8.65
1510872427	23.8436	-0.53	8.62
1510872457	23.888	-0.35	8.65
1510872487	23.9325	-0.56	8.68
1510872517	23.9769	-0.47	8.71
1510872547	24.1103	-0.44	8.71
1510872577	24.1103	-0.59	8.74
1510872607	24.1992	-0.44	8.68
1510872637	24.1992	-0.38	8.68
1510872667	24.3325	-0.53	8.68
1510872697	24.3769	-0.32	8.71
1510872727	24.4214	-0.59	8.68
1510872757	24.5547	-0.53	8.71
1510872787	24.5547	-0.77	8.8
1510872817	24.6436	-0.62	8.77
1510872847	24.5991	-0.62	8.8
1510872877	24.5991	-0.47	8.77
1510872907	24.5547	-0.5	8.74
1510872937	24.4658	-0.74	8.77
1510872967	24.4658	-0.47	8.74
1510872997	24.3325	-0.56	8.77
1510873027	24.3325	-0.65	8.74
1510873057	24.1992	-0.26	8.77
1510873087	24.1103	-0.68	8.83
1510873117	24.0214	-0.56	8.8
1510873148	23.8436	-0.56	8.68
1510873178	23.7992	-0.59	8.68
1510873208	23.7103	-0.47	8.71
1510873238	23.6214	-0.68	8.68
1510873268	23.5769	-0.74	8.68
1510873298	23.488	-0.59	8.65
1510873328	23.5325	-0.71	8.74
1510873358	23.488	-0.35	8.71
1510873388	23.4436	-0.5	8.77
1510873418	23.5325	-0.8	8.8
1510873448	23.488	-0.5	8.8
1510873478	23.5325	-0.53	8.77
1510873508	23.488	-0.56	8.83
1510873538	23.5325	-0.41	8.83
1510873568	23.6214	-0.53	8.83
1510873598	23.6214	-0.56	8.83
1510873628	23.7547	-0.62	8.83
1510873658	23.7103	-0.53	8.89
1510873688	23.7547	-0.41	8.89
1510873718	23.888	-0.59	8.86
1510873748	23.9325	-0.83	8.77
