1510772690	29.6213	24.94	23.98
1510772720	29.6658	25.48	24.1
1510772750	29.7102	25.3	24.28
1510772780	29.7546	25.18	24.04
1510772811	29.7102	25.39	24.25
1510772841	29.7102	25.06	24.19
1510772871	29.7102	25.09	24.19
1510772901	29.6658	25.09	24.19
1510772931	29.7546	25.57	24.16
1510772961	29.7546	25.33	24.19
1510772991	29.7991	25.54	24.25
1510773021	29.7102	25.27	24.16
1510773051	29.7991	25.27	24.16
1510773072	29.7991	25.12	24.07
1510773103	29.7546	25.18	24.19
1510773133	29.7546	25.42	24.22
1510773163	29.7546	25.51	24.1
1510773193	29.7546	25.33	24.28
1510773223	29.7991	25.24	24.34
1510773253	29.7546	25.36	24.28
1510773283	29.7546	25.18	24.34
1510773313	29.7546	25.36	24.25
1510773343	29.7546	25.69	24.22
1510773373	29.7991	25.09	24.31
1510773403	29.7546	25.24	24.22
1510773433	29.7991	25.39	24.31
1510773463	29.7991	25.09	24.25
1510773493	29.8435	25.63	24.34
1510773523	29.8435	25	24.34
1510773553	29.8435	25.12	24.31
1510773583	29.7991	25.3	24.37
1510773613	29.888	25.24	24.34
1510773643	29.888	25.45	24.28
1510773673	29.8435	25.36	24.19
1510773703	29.8435	25.48	24.25
1510773733	29.888	25.51	24.34
1510773763	29.8435	25.24	24.28
1510773793	29.8435	25.57	24.28
1510773824	29.888	25.45	24.34
1510773854	29.8435	25.15	24.34
1510773884	29.9324	25.33	24.43
1510773914	29.7991	25.3	24.37
1510773944	29.8435	25.57	24.37
1510773974	29.8435	25.12	24.31
1510774004	29.8435	25.36	24.22
1510774034	29.8435	25.51	24.22
1510774064	29.8435	25.33	24.34
1510774094	29.8435	25.27	24.1
1510774124	29.888	25.27	24.22
1510774154	29.8435	25.3	24.4
1510774184	29.8435	25.21	24.28
1510774214	29.888	25.39	24.22
1510774244	29.8435	25.42	24.37
1510774274	29.888	25.06	24.31
1510774304	29.7991	25.36	24.43
1510774334	29.8435	25.45	24.31
1510774364	29.888	25.6	24.46
1510774628	29.9769	25.21	24.25
1510774767	29.9769	25.27	24.25
1510774797	29.9769	25.6	24.49
1510774827	29.888	25.42	24.49
1510774857	29.9324	25.45	24.46
1510774887	29.9324	25.51	24.43
1510774917	29.888	25.75	24.46
1510774953	29.9769	25.48	24.4
1510774983	29.9324	25.54	24.46
1510775013	29.9324	25.27	24.49
1510775043	29.9769	25.42	24.49
1510775054	29.9324	25.15	24.37
1510775073	29.9324	25.93	24.58
1510775084	29.888	25.06	24.37
1510775103	29.888	25.39	24.52
1510775123	29.9769	25.27	24.37
1510775133	29.9324	25.3	24.46
1510775153	29.888	25.36	24.46
1510775163	29.9769	25.57	24.43
1510775183	29.9769	25.51	24.52
1510775193	30.0213	25.69	24.46
1510775213	29.888	25.3	24.55
1510775223	30.0213	25.03	24.31
1510775244	30.0213	25.57	24.46
1510775253	30.0213	25.48	24.46
1510775274	29.9324	25.21	24.49
1510775321	29.9324	25.45	24.37
1510775356	29.9324	25.66	24.43
1510775394	29.9769	25.57	24.37
1510775424	29.9769	25.54	24.46
1510775454	29.888	25.51	24.46
1510775500	29.9324	25.51	24.43
1510775554	30.0213	25.45	24.37
1510775585	29.9769	25.33	24.4
1510775615	29.9324	25.51	24.4
1510775773	30.0213	25.42	24.43
1510775803	29.9769	25.51	24.49
1510775861	30.0213	25.45	24.58
1510775891	29.9769	25.48	24.43
1510775921	30.0213	25.96	24.4
1510775951	29.9769	25.45	24.52
1510775981	30.0213	25.09	24.58
1510776011	29.9769	25.72	24.61
1510776041	29.9769	25.63	24.67
1510776071	29.9769	25.39	24.64
1510776101	29.9769	25.69	24.64
1510776131	30.0213	25.66	24.58
1510776161	29.888	25.57	24.61
1510776191	29.9324	25.48	24.58
1510776221	29.9324	25.39	24.58
1510776251	29.9324	25.66	24.61
1510776281	30.0213	25.51	24.64
1510776311	29.9769	25.54	24.61
1510776341	29.9324	25.72	24.64
1510776371	29.8435	25.39	24.64
1510776401	29.9324	25.21	24.52
1510776431	29.9324	25.63	24.55
1510776462	29.9324	25.48	24.64
1510776492	29.9324	25.39	24.61
1510776522	29.9324	25.36	24.46
1510776552	29.9324	25.69	24.46
1510776582	29.9324	25.48	24.55
1510776612	29.9324	25.24	24.52
1510776642	29.9324	25.6	24.58
1510776672	29.888	25.72	24.61
1510776702	29.888	25.24	24.55
1510776732	29.888	25.06	24.37
1510776762	29.888	25.15	24.37
1510776792	29.9324	25.21	24.46
1510776822	29.9769	25.36	24.46
1510776852	29.9324	25.39	24.49
1510776882	29.888	25.18	24.43
1510776912	29.9324	25.57	24.49
1510776942	29.9324	25.3	24.46
1510776972	29.9324	25.87	24.55
1510777002	29.9769	25.6	24.52
1510777032	29.9324	25.75	24.64
1510777062	29.888	25	24.64
1510777092	29.9324	25.24	24.49
1510777122	29.8435	25.51	24.58
1510777152	30.0213	25.33	24.22
1510777183	30.0213	25.93	24.82
1510777213	29.7991	25.63	24.76
1510777654	29.9769	25.72	24.64
1510777684	29.9769	25.72	24.73
1510777714	29.9769	25.75	24.73
1510777744	29.9769	25.81	24.7
1510777774	29.9769	25.81	24.7
1510777804	29.9769	25.72	24.73
1510777834	29.9769	25.66	24.7
1510777864	29.9769	25.42	24.61
1510777894	30.0213	25.84	24.7
1510777924	29.9769	25.45	24.73
1510777954	29.9769	25.69	24.73
1510777984	30.0213	25.75	24.76
1510778014	29.9769	25.51	24.73
1510778044	29.9769	25.24	24.7
1510778075	29.9769	25.36	24.64
1510778105	29.9769	25.48	24.76
1510778135	29.9769	25.66	24.73
1510778165	29.9769	25.33	24.67
1510778195	29.9324	25.69	24.67
1510778225	29.888	25.45	24.64
1510778255	29.9324	25.75	24.76
1510778285	29.9324	25.39	24.67
1510778315	29.9324	25.93	24.79
1510778345	29.9769	25.69	24.82
1510778375	29.9324	25.54	24.64
1510778405	29.9324	25.81	24.73
1510778435	29.9324	25.72	24.76
1510778465	30.0213	25.81	24.79
1510778495	30.0213	25.48	24.76
1510778525	30.0213	26.02	24.76
1510778555	29.9769	25.51	24.76
1510778585	30.0213	25.51	24.76
1510778615	30.0213	25.6	24.76
1510778645	30.0213	25.12	24.73
1510778675	29.9324	25.57	24.82
1510778705	29.9769	25.87	24.82
1510778735	30.0213	25.54	24.79
1510778766	29.9769	25.51	24.7
1510778812	30.0213	25.66	24.67
1510778842	29.9769	25.66	24.7
1510778872	29.9769	25.39	24.73
1510778902	29.9769	25.78	24.7
1510778932	30.0213	25.75	24.73
1510778962	29.9324	25.63	24.73
1510778992	30.0213	25.78	24.76
1510779022	30.0213	25.96	24.79
1510779052	29.9769	25.48	24.73
1510779082	30.0658	25.72	24.7
1510779112	30.0658	25.93	24.76
1510779219	30.0213	25.9	24.67
1510779249	30.0213	25.9	24.82
1510779279	30.0213	25.81	24.79
1510779309	30.0213	25.9	24.91
1510779339	30.0213	26.05	24.82
1510779369	30.0213	25.69	24.76
1510779399	30.1102	25.63	24.7
1510779429	30.0213	25.42	24.76
1510779460	30.0213	25.81	24.73
1510779496	30.0213	25.27	24.58
1510779527	30.0658	25.66	24.76
1510779557	30.0213	25.69	24.79
1510779587	30.0213	25.66	24.76
1510779617	30.0658	25.99	24.79
1510779647	30.0213	25.51	24.85
1510779677	30.0213	25.51	24.82
1510779707	30.0213	25.99	24.85
1510779737	30.0658	25.66	24.67
1510779877	30.0213	25.57	24.79
1510779907	30.0658	26.11	24.79
1510779937	30.1546	25.66	24.7
1510779979	30.0213	25.42	24.7
1510780009	30.0658	25.72	24.76
1510780039	30.1102	25.51	24.73
1510780069	30.1546	26.08	24.88
1510780099	30.1546	25.84	24.76
1510780129	30.1102	25.81	24.88
1510780159	30.1102	25.63	24.79
1510780189	30.1102	26.02	24.76
1510780219	30.1102	25.87	24.82
1510780249	30.1102	25.9	24.76
1510780279	30.1546	25.87	24.85
1510780310	30.0213	25.69	24.88
1510780340	30.1102	25.6	24.79
1510780370	30.0658	26.14	24.79
1510780400	30.1102	25.93	24.76
1510780430	30.1102	25.75	24.73
1510780460	30.0213	25.78	24.82
1510780490	30.0658	25.87	24.94
1510780520	30.0658	25.63	24.91
1510780550	30.1102	26.05	24.97
1510780580	30.0213	25.63	24.85
1510780610	30.0658	25.51	24.91
1510780640	30.0658	25.69	24.85
1510780670	30.1102	25.69	24.88
1510780700	30.1102	25.87	24.85
1510781155	30.1546	25.6	24.76
1510781185	30.1546	25.6	24.94
1510781215	30.1102	25.96	24.91
1510781245	30.1102	25.93	24.88
1510781327	30.1546	25.72	24.79
1510781352	30.0213	26.05	24.76
1510781376	30.0658	25.84	24.7
1510781466	30.1102	25.48	24.46
1510781514	30.1546	25.54	24.82
1510781544	30.1102	25.78	25.03
1510781590	30.1991	25.63	24.97
1510782521	30.1546	25.93	24.85
1510782551	30.0658	25.9	24.88
1510782581	30.1102	25.75	24.85
1510782611	30.1991	26.02	24.91
1510782641	30.0658	25.84	24.91
1510782671	30.1546	25.75	24.85
1510782956	30.1102	25.72	24.88
1510782986	30.1546	25.63	24.94
1510783016	30.1102	26.23	24.94
1510783046	30.0658	25.81	24.91
1510783076	30.0213	25.78	24.91
1510784038	30.2435	25.63	24.88
1510784068	30.1102	25.96	25
1510784098	30.1102	26.26	25
1510784128	30.1991	25.78	25
1510784158	30.1546	25.93	25
1510784188	30.1102	25.78	25
1510784218	30.1102	25.96	24.94
1510784248	30.1102	25.99	25
1510784278	30.1546	26.14	24.94
1510784309	30.1546	25.99	25
1510784339	30.1546	26.14	25.06
1510784369	30.2435	26.14	24.94
1510784399	30.1991	25.81	24.97
1510784429	30.1991	26.02	25
1510784459	30.2435	26.02	24.94
1510784489	30.1546	26.14	25
1510784519	30.1546	26.32	25
1510784549	30.1991	25.6	25.12
1510784579	30.1991	26.11	25
1510784609	30.1546	25.84	25
1510784639	30.1546	25.87	25.03
1510784669	30.1991	25.96	25.12
1510784699	30.1546	26.02	25.06
1510784729	30.1546	25.99	25
1510784759	30.1546	26.08	24.91
1510784789	30.1102	26.05	25.03
1510784819	30.1546	26.44	25
1510784849	30.1102	26.05	25
1510784879	30.1102	25.81	25
1510784909	30.1102	26.14	25.03
1510784939	30.0658	26.14	25.06
1510784969	30.1546	26.17	24.94
1510785000	30.0213	26.11	25
1510785030	30.0658	25.87	24.97
1510785060	30.0213	25.87	24.97
1510785090	30.1546	26.2	25.09
1510785120	30.1102	26.11	25.03
1510785150	30.1102	25.69	25.03
1510785180	30.1102	25.81	25.03
1510785210	30.1102	26.23	25.03
1510785240	30.0658	26.29	25
1510785270	30.1102	25.78	25.03
1510785300	30.0658	26.02	25
1510785330	30.0213	25.99	25.03
1510785360	30.0658	26.02	24.97
1510785390	30.0658	25.63	25
1510785420	30.0213	25.87	25
1510785450	30.1102	26.35	25
1510785480	30.1102	25.84	25.03
1510785510	30.1102	26.05	25.09
1510785540	30.0658	26.23	24.97
1510785570	30.0213	26.08	25
1510785600	30.0658	26.11	25
1510785630	30.0213	26.53	25.03
1510785660	29.9769	26.02	24.91
1510785690	30.0213	26.05	25.06
1510785721	29.9769	26.26	25
1510785751	29.9769	25.9	25.03
1510785781	29.9324	26.29	25.06
1510785811	30.0213	25.9	25.03
1510785841	30.0213	25.99	25.03
1510785871	30.0213	26.41	25
1510785901	30.0213	25.99	25.06
1510785931	29.9769	26.32	25.03
1510785961	29.9769	26.05	25
1510785991	29.9769	26.14	25.06
1510786021	29.9769	26.23	25
1510786051	29.9769	26.29	25.03
1510786081	29.9324	25.93	25.03
1510786111	29.9324	26.11	25
1510786141	29.888	25.84	24.97
1510786171	29.9769	26.02	24.91
1510786201	29.9769	25.72	25
1510786231	29.9769	26.05	24.91
1510786261	29.9769	26.11	24.97
1510786291	29.888	26.26	25.06
1510786321	29.9769	26.14	25.03
1510786351	29.888	26.14	25.03
1510786381	29.9324	26.2	25.03
1510786411	29.9769	26.08	25
1510786442	29.9324	25.72	25
1510786472	29.9324	26.23	25.03
1510786502	30.0213	26.05	25
1510786532	29.9324	25.66	25.06
1510786562	29.9324	26.14	24.94
1510786592	29.9324	26.17	25
1510786622	29.9324	26.41	25.06
1510786652	29.9769	25.96	25
1510786682	29.9769	26.29	25
1510786712	30.0213	26.14	25.03
1510786742	29.9324	26.14	25.03
1510786772	29.9769	26.11	25
1510786802	29.9769	26.05	25.03
1510786832	30.0658	26.29	25.03
1510786862	30.0658	26.44	25
1510786892	30.0213	25.99	25.18
1510786922	29.9769	26.38	25.12
1510786952	30.0658	26.08	25
1510786982	30.0658	26.41	24.97
1510787012	30.0658	26.44	25.06
1510787042	30.0213	26.08	25
1510787072	30.0213	26.47	25.06
1510787102	30.1102	26.41	25.21
1510787133	30.0658	26.29	25.21
1510787163	30.0658	26.23	25.12
1510787193	30.0658	26.02	25.15
1510787223	30.0213	25.84	25.21
1510787253	30.0213	26.23	25.18
1510787283	29.9769	26.29	25.06
1510787313	29.9324	26.14	25.24
1510787343	29.9324	25.99	25.15
1510787373	29.9324	25.9	25.15
1510787403	29.9324	26.02	25.21
1510787433	29.9769	26.26	25.12
1510787463	29.9769	26.2	25.12
1510787493	29.9769	25.78	25.12
1510787523	30.0213	26.08	25.15
1510787553	29.9769	25.78	25.03
1510787583	30.0213	26.32	25.15
1510787613	29.9769	26.17	25.18
1510787643	29.9769	26.32	25.15
1510787673	29.9324	26.23	25.18
1510787703	29.9324	26.17	25.15
1510787733	29.9769	26.38	25.15
1510787763	29.9769	26.26	25.15
1510787793	29.9769	26.32	25.24
1510787823	29.888	26.56	25.15
1510787854	29.9324	26.08	25
1510787884	29.9769	26.11	25.18
1510787914	29.9769	25.96	25.15
1510787944	29.9324	26.2	25.21
1510787974	29.888	25.99	25.09
1510788004	29.888	26.47	25.15
1510788034	29.9769	26.2	25.18
1510788064	29.888	26.38	25.15
1510788094	29.9324	26.62	25.21
1510788124	29.9324	26.38	25.15
1510788154	29.888	26.32	25.12
1510788184	29.9769	26.05	25.15
1510788214	29.888	26.02	25.15
1510788244	29.888	25.96	25.12
1510788274	29.9769	26.2	25.15
1510788304	30.0213	26.29	25.15
1510788334	29.9324	26.11	25.18
1510788364	29.9769	26.29	25.09
1510788394	29.9769	26.2	25.21
1510788424	29.9769	26.23	25.15
1510788454	29.9769	26.17	25.18
1510788484	29.9769	26.56	25.15
1510788514	29.9769	26.23	25.12
1510788545	29.9324	26.44	25.15
1510788575	29.9769	25.99	25.15
1510788605	30.0213	26.65	25.18
1510788635	29.9769	26.44	25.12
1510788665	29.9769	26.05	25.15
1510788695	29.9769	25.84	25.24
1510788725	29.9324	26.2	25.18
1510788755	29.9324	26.38	25.18
1510788785	30.0213	26.53	25.12
1510788815	29.9769	26.29	25.21
1510788845	29.9324	26.38	25.24
1510788875	29.9769	26.2	25.18
1510788905	29.9769	26.32	25.18
1510788935	30.0213	26.53	25.12
1510788965	30.0213	25.9	25.09
1510788995	29.9769	25.81	25.27
1510789025	29.9324	26.14	25.18
1510789055	30.0213	26.32	25.15
1510789085	30.0213	26.17	25.21
1510789115	30.0213	26.38	25.18
1510789145	30.0213	26.17	25.15
1510789175	29.9769	26.5	25.15
1510789205	29.9769	26.2	25.15
1510789235	29.9769	26.41	25.06
1510789266	29.9769	26.17	25.03
1510789296	30.0213	25.99	25.06
1510789326	30.0213	26.35	25.18
1510789356	30.0213	26.29	25.21
1510789386	29.9769	26.26	25.15
1510789416	29.9769	26.29	25.18
1510789446	30.0213	26.11	24.91
1510789476	30.0213	26.26	25.18
1510789506	30.0213	26.56	25.21
1510789536	30.0658	26.2	25.15
1510789566	30.0213	26.17	25.18
1510789596	30.0213	25.87	25.12
1510789626	29.9769	26.35	25.18
1510789656	29.9769	26.17	25.15
1510789686	30.0213	25.96	25.21
1510789716	29.9769	26.29	25.24
1510789746	30.0658	26.56	25.27
1510789776	30.0213	26.29	25.18
1510789806	30.0213	26.26	25.18
1510789836	30.0658	26.29	25.15
1510789866	30.0213	26.44	25.3
1510789896	30.1102	26.14	25.24
1510789926	29.9769	26.17	25.21
1510789957	29.9769	26.08	25.12
1510789987	29.9769	26.29	25.24
1510790017	30.0658	26.23	25.27
1510790047	30.0213	26.32	25.24
1510790077	30.0213	26.32	25.33
1510790107	30.0658	26.02	25.15
1510790137	30.0658	26.26	25.15
1510790167	30.0658	26.44	25.24
1510790197	30.0658	26.17	25.3
1510790227	30.0213	26.32	25.24
1510790257	30.0213	26.29	25.3
1510790287	30.0658	26.62	25.18
1510790317	30.0658	26.17	25.18
1510790347	30.0658	26.26	25.21
1510790377	30.0213	26.23	25.09
1510790407	30.0658	26.41	25.21
1510790437	30.1102	26.29	25.06
1510790467	30.0658	26.11	25.18
1510790497	30.0658	26.35	25.21
1510790527	30.0658	26.35	25.21
1510790557	30.1102	26.32	25.21
1510790587	30.0658	26.23	25.18
1510790617	30.0213	26.44	25.24
1510790647	30.1546	26.26	25.21
1510790678	30.1102	25.9	25.18
1510790708	30.0658	26.44	25.27
1510790738	30.0658	26.41	25.12
1510790768	30.1102	26.38	25.27
1510790798	30.0658	26.32	25.21
1510790828	30.1102	26.11	25.15
1510790858	30.0658	26.5	25.24
1510790888	30.0213	26.47	25.24
1510790918	30.0658	26.23	25.21
1510790948	30.0658	26.44	25.18
1510790978	30.0658	26.47	25.18
1510791008	30.0658	26.35	25.24
1510791038	29.9769	26.47	25.18
1510791068	30.0213	26.35	25.24
1510791098	30.0658	26.14	25.21
1510791128	30.0213	26.35	25.18
1510791158	30.0213	26.71	25.24
1510791188	30.0213	26.89	25.33
1510791218	30.0213	26.65	25.18
1510845923	25.5769	27.4	25.54
1510845954	25.3991	27.37	25.54
1510845984	25.2658	27.43	25.63
1510846014	25.1769	27.52	25.54
1510846044	25.1325	27.61	25.6
1510846074	25.0436	27.34	25.48
1510846104	24.8658	27.16	25.36
1510846134	24.8214	27.58	25.42
1510846164	24.688	27.46	25.39
1510846206	24.5991	27.4	25.45
1510846310	24.1992	27.16	25.33
1510846340	24.1992	27.25	25.36
1510846370	24.1103	27.43	25.42
1510846400	24.0214	27.37	25.36
1510846430	23.9769	27.49	25.39
1510846460	23.8436	27.55	25.39
1510846490	23.7992	27.61	25.3
1510846520	23.6658	27.37	25.3
1510846550	23.6658	27.28	25.03
1510846572	23.6658	27.19	25.18
1510846602	23.5325	27.34	25.24
1510846632	23.488	27.28	25.3
1510846662	23.4436	27.22	25.18
1510846692	23.3992	27.31	25.21
1510846722	23.1769	27.58	25.3
1510846752	23.1769	27.37	25.27
1510846782	23.0436	27.82	25.24
1510846812	23.0436	27.49	25.12
1510846842	22.9992	27.58	25.15
1510846894	22.8658	26.92	25.03
1510846924	22.9103	27.16	24.97
1510846954	22.7325	27.31	25.03
1510846984	22.688	27.31	25.12
1510847015	22.5992	27.13	25.12
1510847045	22.6436	27.01	25.03
1510847075	22.5547	27.37	25
1510847105	22.4658	27.43	24.94
1510847135	22.5103	27.49	25
1510847165	22.3769	27.34	25
1510847195	22.3769	27.28	24.97
1510847225	22.2436	27.4	24.88
1510847255	22.2436	27.46	25
1510847285	22.2436	27.07	24.97
1510847315	22.1992	27.34	24.97
1510847345	22.1547	27.46	24.94
1510847375	22.1103	27.28	24.79
1510847405	22.1103	27.07	24.82
1510847435	22.1103	27.46	24.73
1510847465	22.0658	27.34	24.76
1510847495	21.8881	27.67	24.91
1510847525	21.8881	27.28	24.79
1510847555	21.8436	27.01	24.73
1510847585	21.7103	27.28	24.64
1510847615	21.6658	27.37	24.76
1510847645	21.6214	27.52	24.79
1510847675	21.6214	27.04	24.67
1510847705	21.577	27.31	24.64
1510847736	21.4436	27.37	24.61
1510847766	21.4881	27.07	24.67
1510847796	21.4436	27.22	24.67
1510847826	21.3992	27.46	24.64
1510847856	21.4881	27.31	24.64
1510847886	21.4881	26.95	24.61
1510847916	21.5325	27.43	24.52
1510847946	21.6214	26.89	24.49
1510847976	21.7547	27.43	24.52
1510848006	21.8436	26.95	24.52
1510848036	21.8881	27.13	24.46
1510848066	21.9325	27.28	24.55
1510848096	22.0658	26.98	24.4
1510848126	22.1992	27.46	24.37
1510848156	22.2881	27.16	24.37
1510848186	22.3769	27.22	24.34
1510848216	22.4658	27.19	24.34
1510848246	22.5992	27.16	24.28
1510848276	22.688	27.13	24.34
1510848306	22.8214	27.25	24.37
1510848336	22.9103	27.4	24.34
1510848366	22.9103	26.98	24.4
1510848396	23.0436	27.13	24.31
1510848426	23.2214	27.01	24.34
1510848457	23.2658	27.25	24.22
1510848487	23.4436	26.77	24.16
1510848517	23.4436	27.04	24.37
1510848547	23.2658	27.55	24.25
1510848577	23.488	27.67	24.46
1510850824	22.688	26.5	23.38
1510850854	22.5547	26.89	23.38
1510850884	22.5547	26.77	23.35
1510850914	22.5103	27.19	23.41
1510850992	22.2881	26.56	23.38
1510851022	22.2881	26.68	23.17
1510851351	21.6658	26.47	23.11
1510851381	21.6658	26.68	23.17
1510851411	21.6214	26.62	23.17
1510851441	21.5325	26.56	23.17
1510851471	21.577	26.62	23.05
1510851501	21.5325	26.53	23.02
1510851531	21.577	26.62	23.08
1510851561	21.577	26.32	23.02
1510851591	21.577	26.65	23.05
1510851621	21.7103	26.44	22.99
1510851651	21.7992	26.53	22.96
1510851681	21.8881	26.68	22.93
1510851711	21.9769	26.47	22.96
1510851741	21.9769	26.2	22.99
1510851771	22.1103	26.83	23.05
1510851801	22.1992	26.41	22.99
1510851831	22.2881	26.56	23.11
1510851861	22.3325	26.74	23.17
1510851891	22.3769	26.53	22.99
1510851921	22.5992	26.77	23.17
1510851951	22.6436	26.29	22.87
1510851981	22.7769	26.53	22.87
1510852011	22.9103	26.11	22.9
1510852042	22.9103	26.35	22.96
1510852072	23.0436	26.17	22.63
1510852102	22.9992	26.11	22.54
1510852132	22.9992	26.23	22.84
1510852162	22.9547	26.29	23.02
1510852192	23.0436	26.29	22.84
1510852222	22.9547	26.14	22.93
1510852252	22.9103	26.62	22.99
1510852282	22.8658	26.32	22.93
1510852312	22.8214	26.44	22.87
1510852342	22.8214	26.44	22.84
1510852372	22.7769	26.17	22.75
1510852402	22.688	26.05	22.84
1510852432	22.6436	26.29	22.78
1510852462	22.5103	26.32	22.87
1510852492	22.4658	26.41	22.78
1510852522	22.5103	26.14	22.75
1510852552	22.3769	26.41	22.84
1510852582	22.2436	26.35	22.81
1510852612	22.2436	26.08	22.57
1510852642	22.1992	26.2	22.75
1510852672	22.1103	26.32	22.69
1510852702	22.1103	26.11	22.57
1510852732	22.0214	25.93	22.48
1510852762	21.9769	26.02	22.57
1510852793	21.9325	25.48	22.21
1510852823	21.8436	26.35	22.69
1510852853	21.7547	25.87	22.3
1510852883	21.6658	26.17	22.39
1510852913	21.6658	26.14	22.6
1510852943	21.6214	26.05	22.57
1510852973	21.577	26.29	22.6
1510853003	21.4881	26.32	22.69
1510853033	21.3992	26.23	22.6
1510853063	21.3992	25.9	22.57
1510853093	21.3547	26.29	22.54
1510853123	21.1325	26.14	22.6
1510853153	21.1325	26.26	22.51
1510853183	21.1325	26.02	22.57
1510853213	21.0436	25.99	22.54
1510853243	20.9547	26.35	22.42
1510853273	20.9103	25.75	22.39
1510853303	20.8659	26.29	22.54
1510853333	20.777	26.2	22.6
1510853363	20.777	26.38	22.54
1510853393	20.777	26.41	22.57
1510853423	20.6881	26.29	22.51
1510853453	20.5992	25.96	22.42
1510853483	20.5547	26.29	22.45
1510853513	20.4214	25.84	22.39
1510853544	20.5103	25.87	22.27
1510853574	20.377	26.14	22.36
1510853604	20.2881	26.14	22.48
1510853634	20.377	26.05	22.36
1510853664	20.2436	26.05	22.3
1510853694	20.3325	25.51	22.18
1510853724	20.3325	25.66	22.06
1510853754	20.4659	26.65	22.48
1510853784	20.4659	25.54	21.82
1510853814	20.4659	26.59	22.48
1510853844	20.6881	26.5	22.39
1510853914	20.8214	25.87	22.18
1510853944	20.9547	25.75	22.06
1510853974	20.9547	25.75	22.21
1510854004	21.0881	26.08	22.36
1510854034	21.1325	25.63	21.85
1510854064	21.3547	25.78	22.12
1510854094	21.4436	25.93	22.39
1510854124	21.577	26.02	22.36
1510854154	21.6658	26.05	22.24
1510854184	21.7992	26.2	22.39
1510854214	21.8881	26.17	22.15
1510854245	22.0214	25.93	22.06
1510854275	22.1103	25.84	22.24
1510854305	22.2436	26.02	22.12
1510854335	22.3769	26.14	22.18
1510854365	22.4214	25.63	22.03
1510854395	22.5992	25.99	22.18
1510854425	22.7769	26.05	22.18
1510854455	22.7769	25.81	22.09
1510854485	22.8214	25.99	22.18
1510854515	22.8214	26.26	22.33
1510854545	22.8214	26.2	22.24
1510854575	22.9103	26.02	22.21
1510854605	22.8658	25.9	22.09
1510854635	22.7769	25.93	22.18
1510854665	22.7325	26.17	22.24
1510854695	22.688	25.81	21.97
1510854725	22.6436	26.08	22.15
1510854755	22.5547	25.63	21.85
1510854785	22.4658	25.66	21.79
1510854815	22.4658	25.72	21.91
1510854845	22.4214	25.63	22.12
1510854875	22.4214	25.75	22.18
1510854905	22.3325	25.54	21.76
1510854935	22.1992	25.45	21.91
1510854965	22.1547	25.63	22
1510854996	22.1547	25.78	22.18
1510855026	21.9769	25.51	21.94
1510855056	21.9769	26.08	22.06
1510855086	21.8436	26.05	22.12
1510855116	21.7547	25.57	22.15
1510855146	21.6658	26.08	22.06
1510855176	21.577	25.9	22
1510855206	21.4881	25.51	21.97
1510855236	21.5325	25.81	21.88
1510855266	21.4881	25.75	21.91
1510855296	21.3547	25.93	21.82
1510855326	21.3103	25.75	22.12
1510855356	21.177	25.48	21.76
1510855386	21.177	25.57	22
1510855416	21.1325	25.78	21.91
1510855446	21.1325	25.93	22.03
1510855476	21.0881	25.81	22.06
1510855506	20.9992	26.05	22.09
1510855536	20.9547	26.05	22.09
1510855566	20.9103	25.51	22.09
1510855596	20.8659	25.96	21.88
1510855626	20.9992	25.75	21.94
1510855656	20.9547	25.66	22.06
1510855686	20.9547	25.66	22.03
1510855717	20.7325	25.81	21.82
1510855747	20.777	25.54	22.12
1510855777	20.7325	25.9	22
1510855807	20.6881	25.75	22.09
1510855837	20.6436	25.57	21.97
1510855867	20.5547	25.27	21.79
1510855897	20.5103	25.09	21.85
1510855927	20.4659	25.15	21.85
1510855957	20.377	24.58	21.85
1510855987	20.377	24.13	21.79
1510856017	20.377	23.77	21.82
1510856047	20.2881	23.02	21.85
1510856077	20.1992	22.51	21.91
1510856107	20.1547	21.07	21.73
1510856137	20.1547	20.26	21.52
1510856167	20.1103	19.27	21.79
1510856197	20.1103	18.1	21.76
1510856227	19.977	16.54	21.64
1510856257	20.0214	14.98	21.34
1510856287	19.9325	13.72	21.55
1510856317	19.9325	12.25	21.52
1510856347	19.8436	10.42	21.52
1510856377	19.8436	8.5	21.37
1510856407	19.7547	6.79	21.4
1510856437	19.7103	5.98	21.28
1510856468	19.7547	5.71	21.31
1510856498	19.577	4.72	21.22
1510856528	19.6659	3.07	21.16
1510858016	21.5325	-0.74	15.37
1510858046	21.4436	-0.59	15.37
1510858076	21.4436	-0.89	15.34
1510858107	21.4436	-0.8	15.16
1510858137	21.2658	-0.89	15.13
1510858167	21.3103	-0.62	15.19
1510858197	21.177	-0.86	15.01
1510858227	21.1325	-0.53	15.04
1510858257	21.0881	-0.35	14.92
1510858287	21.1325	-0.65	14.8
1510858317	20.9992	-0.77	14.74
1510858347	20.9992	-0.62	14.62
1510858377	20.9547	-0.35	14.68
1510860745	22.4214	-0.47	10.84
1510860776	22.5547	0.01	10.87
1510860806	22.5992	-0.44	10.81
1510860836	22.7325	-0.35	10.87
1510860866	22.7769	-0.29	10.81
1510860896	22.9103	-0.41	10.72
1510860926	22.8214	-0.59	10.66
1510860956	22.7769	-0.74	10.69
1510860986	22.7325	-0.41	10.66
1510861016	22.7325	-0.62	10.63
1510861046	22.688	-0.5	10.63
1510861076	22.5992	-0.44	10.72
1510861106	22.5992	-0.53	10.6
1510861136	22.5103	-0.41	10.51
1510861166	22.4658	-0.71	10.51
1510861196	22.2881	-0.44	10.51
1510861226	22.3325	-0.62	10.54
1510861256	22.1992	-0.38	10.48
1510861286	22.1992	-0.68	10.3
1510861316	22.1103	-0.8	10.39
1510861346	21.9769	-0.41	10.39
1510861376	21.9325	-0.44	10.33
1510861406	21.7992	-0.38	10.3
1510861436	21.8436	-0.53	10.27
1510861466	21.6214	-0.35	10.21
1510861497	21.4881	-0.71	10.12
1510861527	21.4436	-0.62	10.24
1510861557	21.3992	-0.62	10.12
1510861587	21.3547	-0.53	10.18
1510861617	21.3992	-0.5	10.15
1510861647	21.2214	-0.59	10.03
1510861677	21.1325	-0.65	10
1510861707	21.0881	-0.71	10.03
1510861737	21.0436	-0.53	9.97
1510861767	20.9992	-0.74	9.91
1510861797	20.9103	-0.56	10
1510861827	20.8659	-0.68	9.94
1510861857	20.6881	-0.89	9.91
1510861887	20.6881	-0.59	9.91
1510861917	20.5992	-0.56	9.82
1510861947	20.6436	-0.56	9.94
1510861977	20.5992	-0.59	9.85
1510862007	20.4659	-0.71	9.88
1510862037	20.4214	-0.41	9.85
1510862067	20.4214	-0.71	9.79
1510862097	20.3325	-0.47	9.76
1510862127	20.2881	-0.44	9.64
1510862157	20.2881	-0.47	9.64
1510862187	20.1547	-0.62	9.64
1510862217	20.1992	-0.47	9.73
1510862248	20.1992	-0.47	9.7
1510862278	20.1547	-0.74	9.67
1510862308	20.0214	-0.44	9.58
1510862338	20.1103	-0.71	9.64
1510862368	20.0214	-0.59	9.52
1510862398	19.977	-0.38	9.64
1510862428	19.8881	-0.65	9.52
1510862458	19.8881	-0.5	9.43
1510862488	19.8436	-0.68	9.55
1510862518	19.7992	-0.35	9.52
1510862548	19.7992	-0.74	9.43
1510862578	19.7992	-0.83	9.4
1510862608	19.8436	-0.44	9.52
1510862638	19.8436	-0.29	9.52
1510862668	19.9325	-0.68	9.43
1510862698	19.977	-0.44	9.55
1510862728	20.1103	-0.62	9.52
1510862758	20.1992	-0.38	9.37
1510862788	20.3325	-0.44	9.31
1510862818	20.3325	-0.47	9.34
1510862848	20.4214	-0.59	9.46
1510862878	20.5547	-0.44	9.31
1510862908	20.6436	-0.44	9.28
1510862938	20.7325	-0.5	9.22
1510862968	20.8214	-0.5	9.34
1510862999	20.9547	-0.47	9.37
1510863029	21.0881	-0.59	9.1
1510863059	21.1325	-0.68	9.1
1510863089	21.2658	-0.44	9.22
1510863119	21.3992	-0.56	9.25
1510863149	21.5325	-0.74	9.1
1510863179	21.6214	-0.62	9.13
1510863209	21.7103	-0.5	9.19
1510863242	21.8436	-0.86	9.01
1510863272	21.9769	-0.44	9.19
1510863302	22.1103	-0.5	9.25
1510863372	22.2881	-0.59	9.16
1510863402	22.3769	-0.47	9.22
1510863432	22.4658	-0.5	9.13
1510863462	22.5992	-0.2	9.19
1510863492	22.688	-0.5	9.22
1510863522	22.7325	-0.62	9.19
1510863552	22.7325	-0.5	9.1
1510863582	22.8214	-0.35	9.1
1510863612	22.7769	-0.56	9.19
1510863642	22.8658	-0.38	9.28
1510863672	22.7325	-0.53	9.19
1510863702	22.8214	-0.47	9.1
1510863732	22.6436	-0.68	9.16
1510863762	22.6436	-0.53	9.16
1510863793	22.5103	-0.41	9.22
1510863823	22.4658	-0.44	9.16
1510863853	22.3769	-0.56	9.04
1510863883	22.3769	-0.56	9.1
1510863913	22.2881	-0.83	9.01
1510863943	22.2436	-0.47	8.92
1510863973	22.1547	-0.65	8.98
1510864003	22.1547	-0.71	8.95
1510864033	21.9769	-0.47	9.04
1510864063	21.9325	-0.56	9.07
1510864093	21.7992	-0.59	9.1
1510864123	21.7103	-0.44	8.89
1510864153	21.6214	-0.8	9.04
1510864183	21.4881	-0.53	8.98
1510864213	21.4436	-0.26	8.89
1510864243	21.3547	-0.2	9.01
1510864273	21.3992	-0.74	9.01
1510864303	21.2214	-0.44	8.89
1510864333	21.1325	-0.53	8.86
1510864363	21.1325	-0.65	8.86
1510864393	20.9992	-0.29	8.89
1510864423	20.9547	-0.56	8.89
1510864453	20.8214	-0.56	8.77
1510864483	20.777	-0.44	8.8
1510864514	20.8214	-0.59	8.77
1510864544	20.6881	-0.5	8.8
1510864574	20.6436	-0.38	8.65
1510864604	20.5547	-0.56	8.74
1510864634	20.5103	-0.38	8.77
1510864664	20.5547	-0.5	8.74
1510864694	20.377	-0.41	8.65
1510864724	20.377	-0.35	8.62
1510864754	20.3325	-0.65	8.65
1510864784	20.2881	-0.47	8.56
1510864814	20.3325	-0.41	8.62
1510864844	20.377	-0.68	8.59
1510864874	20.4214	-0.5	8.59
1510864904	20.4214	-0.5	8.62
1510864934	20.5547	-0.38	8.53
1510864964	20.5547	-0.74	8.62
1510864994	20.6881	-0.53	8.62
1510865024	20.8214	-0.32	8.56
1510865054	20.8214	-0.65	8.65
1510865084	20.9547	-0.83	8.62
1510865114	21.0881	-0.68	8.65
1510865144	21.177	-0.35	8.44
1510865174	21.2658	-0.53	8.44
1510865204	21.3547	-0.32	8.53
1510865234	21.4436	-0.89	8.44
1510865265	21.6214	-0.5	8.53
1510865295	21.6214	-0.71	8.47
1510865325	21.7992	-0.29	8.5
1510865355	21.9325	-0.77	8.44
1510865385	22.0214	-0.56	8.47
1510865415	22.1103	-0.89	8.5
1510865451	22.1992	-0.56	8.47
1510865481	22.1547	-0.29	8.56
1510865511	22.4214	-0.71	8.44
1510865541	22.5547	-0.56	8.53
1510865571	22.5992	-0.32	8.47
1510865601	22.7769	-0.2	8.5
1510865631	22.8214	-0.74	8.5
1510865661	22.9103	-0.44	8.53
1510865691	22.9547	-0.53	8.47
1510865721	23.0881	-0.41	8.59
1510865751	23.0881	-0.59	8.53
1510865781	23.2214	-0.5	8.53
1510865811	23.3547	-0.35	8.53
1510865841	23.3992	-0.62	8.5
1510865871	23.488	-0.68	8.47
1510865901	23.6658	-0.5	8.47
1510865931	23.7103	-0.29	8.44
1510865961	23.7992	-0.47	8.53
1510865992	23.8436	-0.65	8.44
1510866022	23.888	-0.71	8.35
1510866052	23.9325	-0.8	8.26
1510866082	23.8436	-0.5	8.44
1510866112	23.888	-0.65	8.56
1510866142	23.8436	-0.5	8.47
1510866172	23.7547	-0.17	8.5
1510866202	23.6214	-0.59	8.44
1510866232	23.5769	-0.41	8.5
1510866262	23.5325	-0.29	8.41
1510866292	23.4436	-0.32	8.53
1510866322	23.3103	-0.32	8.38
1510866352	23.2214	-0.26	8.5
1510866382	23.0881	-0.38	8.47
1510866412	23.0436	-0.47	8.5
1510866443	22.9547	-0.8	8.47
1510866526	22.8214	-0.59	8.38
1510866556	22.688	-0.5	8.5
1510866586	22.688	-0.44	8.5
1510866616	22.688	-0.8	8.5
1510866646	22.688	-0.44	8.5
1510866676	22.688	-0.44	8.62
1510866706	22.688	-0.47	8.59
1510866736	22.7769	-0.41	8.47
1510866766	22.8658	-0.59	8.47
1510866796	22.8214	-0.5	8.47
1510866826	22.8658	-0.56	8.53
1510866856	22.8214	-0.38	8.56
1510866887	22.8214	-0.23	8.5
1510866917	22.9547	-0.53	8.56
1510866947	22.9992	-0.17	8.59
1510866977	23.0436	-0.44	8.47
1510867007	23.0881	-0.53	8.5
1510867037	23.1325	-0.17	8.53
1510867067	23.1769	-0.65	8.56
1510867097	23.2214	-0.44	8.5
1510867127	23.3103	-0.44	8.53
1510867157	23.3992	-0.41	8.47
1510867187	23.3992	-0.71	8.29
1510867217	23.488	-0.62	8.5
1510867247	23.5325	-0.38	8.5
1510867277	23.6658	-0.32	8.5
1510867307	23.6658	-0.35	8.47
1510867337	23.7547	-0.35	8.44
1510867367	23.7103	-0.23	8.5
1510867397	23.7992	-0.44	8.53
1510867427	23.7992	-0.77	8.44
1510867457	23.7103	-0.44	8.47
1510867487	23.7992	-0.62	8.47
1510867517	23.6658	-0.65	8.5
1510867547	23.6214	-0.47	8.5
1510867577	23.488	-0.29	8.47
1510867607	23.3992	-0.56	8.5
1510867638	23.3103	-0.32	8.44
1510867668	23.3103	-0.29	8.5
1510867698	23.1325	-0.41	8.56
1510867728	22.9992	-0.44	8.5
1510867758	22.9103	-0.32	8.5
1510867788	22.8658	-0.38	8.5
1510867818	22.7325	-0.77	8.47
1510867848	22.8214	-0.41	8.56
1510867878	22.7769	-0.44	8.47
1510867908	22.7325	-0.59	8.44
1510867961	22.7769	-0.35	8.47
1510867991	22.8214	-0.2	8.53
1510868021	22.9103	-0.44	8.5
1510868051	22.8214	-0.47	8.56
1510868081	22.9103	-0.44	8.5
1510868111	22.9547	-0.41	8.44
1510868141	23.0436	-0.59	8.41
1510868171	23.0881	-0.83	8.38
1510868201	23.0881	-0.32	8.44
1510868231	23.1325	-0.35	8.41
1510868261	23.2658	-0.86	8.02
1510868291	23.2214	-0.65	8.2
1510868321	23.3547	-0.47	8.47
1510868351	23.3547	-0.77	8.29
1510868381	23.3992	-0.23	8.53
1510868411	23.5325	-0.62	8.32
1510868442	23.5769	-0.2	8.35
1510868467	23.6214	-0.35	8.29
1510868497	23.6658	-0.44	8.38
1510868527	23.6658	-0.53	8.29
1510868551	23.7103	-0.44	8.38
1510868582	23.9325	-1.07	8.14
1510868612	23.9769	-0.2	8.5
1510868642	24.0214	-0.71	8.32
1510868672	24.0214	-0.38	8.5
1510868702	24.0214	-0.74	8.38
1510868732	24.0658	-0.47	8.53
1510868762	24.1547	-0.47	8.53
1510868792	24.1992	-0.41	8.38
1510868822	24.2436	-0.53	8.41
1510868852	24.3325	-0.71	8.29
1510868882	24.2436	-0.35	8.53
1510868912	24.1547	-0.35	8.59
1510868942	24.1992	-0.65	8.47
1510868972	24.0658	-0.44	8.38
1510869002	24.1547	-0.59	8.29
1510869032	23.9769	-0.47	8.53
1510869062	23.9325	-0.62	8.5
1510869092	23.888	-0.71	8.47
1510869122	23.6658	-0.77	8.5
1510869152	23.5769	-0.68	8.56
1510869182	23.4436	-0.56	8.47
1510869212	23.3992	-0.44	8.41
1510869242	23.3103	-0.29	8.5
1510869273	23.3547	-0.41	8.56
1510869303	23.3547	-0.74	8.38
1510869333	23.3103	-0.56	8.56
1510869363	23.2658	-0.59	8.56
1510869393	23.2658	-0.62	8.59
1510869423	23.3547	-0.53	8.53
1510869453	23.3547	-0.71	8.53
1510869483	23.3103	-0.62	8.53
1510869513	23.3103	-0.53	8.56
1510869543	23.4436	-0.44	8.44
1510869573	23.3992	-0.29	8.5
1510869603	23.5769	-0.62	8.56
1510869633	23.5769	-0.35	8.59
1510869663	23.5769	-0.44	8.56
1510869693	23.6658	-0.35	8.53
1510869723	23.8436	-0.44	8.53
1510869753	23.7992	-0.41	8.62
1510869783	23.8436	-0.32	8.59
1510869813	23.9325	-0.35	8.56
1510869843	23.9769	-0.47	8.56
1510869873	24.0214	-0.53	8.62
1510869903	24.1547	-0.56	8.38
1510869933	24.1547	-0.53	8.5
1510869963	24.2436	-0.32	8.56
1510869993	24.3325	-0.59	8.56
1510870024	24.4214	-0.62	8.44
1510870054	24.4658	-0.32	8.5
1510870084	24.5547	-0.44	8.53
1510870114	24.5103	-0.41	8.47
1510870144	24.5991	-0.44	8.5
1510870174	24.6436	-0.41	8.56
1510870204	24.5547	-0.59	8.5
1510870234	24.5547	-0.41	8.56
1510870264	24.4214	-0.23	8.47
1510870294	24.4658	-0.65	8.5
1510870324	24.3769	-0.56	8.5
1510870354	24.2436	-0.44	8.53
1510870384	24.1547	-0.32	8.56
1510870414	24.0214	-0.44	8.59
1510870444	23.9769	-0.29	8.5
1510870474	23.888	-0.5	8.5
1510870504	23.7992	-0.23	8.53
1510870534	23.7103	-0.5	8.5
1510870564	23.5325	-0.44	8.53
1510870594	23.3992	-0.56	8.47
1510870624	23.3992	-0.71	8.47
1510870654	23.3992	-0.8	8.56
1510870684	23.3547	-0.56	8.53
1510870714	23.3992	-0.41	8.47
1510870745	23.3547	-0.59	8.5
1510870775	23.2658	-0.44	8.5
1510870805	23.3547	-0.5	8.44
1510870835	23.3547	-0.26	8.56
1510870865	23.4436	-0.59	8.53
1510870895	23.3992	-0.62	8.56
1510870925	23.4436	-0.59	8.53
1510870955	23.488	-0.53	8.53
1510870985	23.488	-0.65	8.53
1510871015	23.6214	-0.59	8.5
1510871045	23.6658	-0.47	8.59
1510871075	23.7103	-0.74	8.53
1510871105	23.8436	-0.41	8.71
1510871135	23.8436	-0.5	8.71
1510871165	23.9325	-0.47	8.65
1510871195	24.0214	-0.23	8.68
1510871225	24.0214	-0.59	8.68
1510871315	24.1547	-0.59	8.59
1510871345	24.2436	-0.74	8.65
1510871375	24.288	-0.35	8.74
1510871405	24.288	-0.32	8.71
1510871435	24.3769	-0.62	8.62
1510871465	24.4658	-0.62	8.71
1510871495	24.5103	-0.44	8.68
1510871525	24.5991	-0.44	8.71
1510871555	24.5991	-0.56	8.68
1510871585	24.5103	-0.38	8.68
1510871615	24.4214	-0.44	8.74
1510871645	24.4214	-0.59	8.65
1510871675	24.3769	-0.5	8.65
1510871706	24.288	-0.47	8.71
1510871736	24.1547	-0.62	8.68
1510871766	24.1547	-0.56	8.68
1510871796	24.0658	-0.44	8.68
1510871826	23.9325	-0.53	8.65
1510871856	23.7992	-0.56	8.71
1510871886	23.7547	-0.53	8.71
1510871916	23.7103	-0.35	8.77
1510871946	23.5769	-0.44	8.65
1510871976	23.4436	-0.62	8.65
1510872006	23.4436	-0.56	8.71
1510872036	23.3992	-0.62	8.68
1510872066	23.4436	-0.44	8.77
1510872096	23.3992	-0.65	8.71
1510872126	23.3992	-0.68	8.68
1510872156	23.488	-0.5	8.65
1510872186	23.488	-0.62	8.62
1510872216	23.5325	-0.56	8.71
1510872246	23.5769	-0.59	8.65
1510872276	23.5325	-0.59	8.71
1510872306	23.6214	-0.32	8.74
1510872336	23.6214	-0.74	8.68
1510872366	23.7547	-0.26	8.71
1510872396	23.7992	-0.38	8.65
1510872427	23.8436	-0.53	8.62
1510872457	23.888	-0.35	8.65
1510872487	23.9325	-0.56	8.68
1510872517	23.9769	-0.47	8.71
1510872547	24.1103	-0.44	8.71
1510872577	24.1103	-0.59	8.74
1510872607	24.1992	-0.44	8.68
1510872637	24.1992	-0.38	8.68
1510872667	24.3325	-0.53	8.68
1510872697	24.3769	-0.32	8.71
1510872727	24.4214	-0.59	8.68
1510872757	24.5547	-0.53	8.71
1510872787	24.5547	-0.77	8.8
1510872817	24.6436	-0.62	8.77
1510872847	24.5991	-0.62	8.8
1510872877	24.5991	-0.47	8.77
1510872907	24.5547	-0.5	8.74
1510872937	24.4658	-0.74	8.77
1510872967	24.4658	-0.47	8.74
1510872997	24.3325	-0.56	8.77
1510873027	24.3325	-0.65	8.74
1510873057	24.1992	-0.26	8.77
1510873087	24.1103	-0.68	8.83
1510873117	24.0214	-0.56	8.8
1510873148	23.8436	-0.56	8.68
1510873178	23.7992	-0.59	8.68
1510873208	23.7103	-0.47	8.71
1510873238	23.6214	-0.68	8.68
1510873268	23.5769	-0.74	8.68
1510873298	23.488	-0.59	8.65
1510873328	23.5325	-0.71	8.74
1510873358	23.488	-0.35	8.71
1510873388	23.4436	-0.5	8.77
1510873418	23.5325	-0.8	8.8
1510873448	23.488	-0.5	8.8
1510873478	23.5325	-0.53	8.77
1510873508	23.488	-0.56	8.83
1510873538	23.5325	-0.41	8.83
1510873568	23.6214	-0.53	8.83
1510873598	23.6214	-0.56	8.83
1510873628	23.7547	-0.62	8.83
1510873658	23.7103	-0.53	8.89
1510873688	23.7547	-0.41	8.89
1510873718	23.888	-0.59	8.86
1510873748	23.9325	-0.83	8.77
1510873778	23.888	-0.38	8.83
1510873808	24.0214	-0.5	8.83
1510873838	24.1103	-0.53	8.8
1510873868	24.1547	-0.44	8.83
1510873899	24.1547	-0.47	8.8
1510873929	24.1992	-0.26	8.86
1510873959	24.3325	-0.26	8.74
1510873989	24.3769	-0.56	8.86
1510874019	24.4214	-0.62	8.83
1510874049	24.4658	-0.53	8.8
1510874079	24.6436	-0.38	8.86
1510874109	24.6436	-0.53	8.8
1510874139	24.7769	-0.29	8.83
1510874169	24.7769	-0.38	8.8
1510874199	24.8658	-0.56	8.86
1510874229	24.8658	-0.65	8.8
1510874259	24.9102	-0.32	8.8
1510874289	24.8214	-0.56	8.95
1510874319	24.7325	-0.32	8.83
1510874349	24.7325	-0.44	8.77
1510874379	24.6436	-0.68	8.77
1510874409	24.5991	-0.44	8.74
1510874439	24.4214	-0.32	8.77
1510874469	24.4658	-0.5	8.83
1510874499	24.288	-0.44	8.83
1510874529	24.1992	-0.38	8.86
1510874559	24.1103	-0.8	8.86
1510874589	24.1103	-0.29	8.8
1510874620	23.9769	-0.41	8.8
1510874650	23.888	-0.32	8.83
1510874680	23.7547	-0.92	8.74
1510874710	23.5769	-0.44	8.8
1510874740	23.3992	-0.29	8.8
1510874770	23.3992	-0.47	8.83
1510874800	23.3103	-0.47	8.8
1510874830	23.2214	-0.56	8.77
1510874860	23.1769	-0.74	8.83
1510874890	23.1325	-0.5	8.83
1510874920	23.1325	-0.59	8.8
1510874950	23.1325	-0.5	8.83
1510874980	23.2214	-0.65	8.74
1510875010	23.1769	-0.29	8.86
1510875040	23.1769	-0.59	8.8
1510875070	23.3103	-0.44	8.83
1510875100	23.3547	-0.44	8.8
1510875130	23.3992	-0.56	8.74
1510875160	23.4436	-0.59	8.8
1510875190	23.4436	-0.53	8.77
1510875220	23.4436	-0.74	8.83
1510875250	23.5325	-0.47	8.77
1510875280	23.5769	-0.29	8.8
1510875310	23.6658	-0.62	8.77
1510875341	23.7103	-0.44	8.8
1510875371	23.7992	-0.71	8.83
1510875401	23.8436	-0.47	8.83
1510875431	23.888	-0.32	8.77
1510875461	23.9769	-0.65	8.8
1510875491	24.0214	-0.44	8.77
1510875521	24.0214	-0.35	8.86
1510875551	24.1547	-0.14	8.86
1510875581	24.1992	-0.26	8.92
1510875611	24.288	-0.5	8.98
1510875641	24.3325	-0.17	8.83
1510875671	24.3769	-0.29	8.95
1510875701	24.4658	-0.11	8.92
1510875731	24.5103	-0.38	8.95
1510875761	24.5991	-0.68	8.77
1510875791	24.5991	0.13	8.77
1510881554	24.1547	-1.28	9.22
1510881584	24.1547	-2.12	9.22
1510881614	24.1992	-3.08	9.31
1510881644	24.288	-4.61	9.31
1510881674	24.3769	-6.8	9.31
1510881704	24.3769	-8.27	9.28
1510881734	24.3769	-10.16	9.19
1510881764	24.4214	-12.89	9.19
1510881794	24.5103	-15.62	9.19
1510881824	24.5991	-18.92	9.19
1510881854	24.688	-19.82	9.16
1510881884	24.688	-20.12	9.1
1510881914	24.7325	-20.78	9.1
1510881945	24.8658	-23.21	8.92
1510881975	24.8658	-25.16	8.86
1510882005	24.9102	-26.27	8.77
1510882035	24.9991	-26.45	8.77
1510882065	25.088	-26.21	8.68
1510882095	25.088	-26.48	8.62
1510882125	25.1769	-26.39	8.35
1510882155	25.1325	-26.42	8.23
1510882185	25.1769	-26.72	8.2
1510882215	25.3547	-26.81	8.02
1510882245	25.3991	-26.03	7.96
1510882275	25.3991	-26	7.84
1510882305	25.4436	-26	7.66
1510882335	25.488	-25.82	7.45
1510882365	25.5325	-25.49	7.39
1510882395	25.488	-25.25	7.18
1510882425	25.5325	-25.55	6.91
1510882455	25.488	-25.49	6.76
1510882485	25.488	-25.58	6.64
1510882515	25.3547	-25.58	6.43
1510882585	25.2214	-25.52	5.89
1510882615	25.1325	-25.37	5.83
1510882646	24.9547	-25.25	5.62
1510882676	24.7325	-25.16	5.35
1510882706	24.7769	-25.28	5.14
1510882736	24.5991	-25.52	5.08
1510882766	24.5103	-25.37	4.9
1510882796	24.4214	-25.34	4.78
1510882826	24.2436	-24.95	4.57
1510882856	24.2436	-25.28	4.39
1510882886	24.0214	-25.31	4.21
1510882916	23.9769	-24.92	4.09
1510882946	23.888	-25.01	3.97
1510882976	23.7547	-25.25	3.79
1510883006	23.7547	-25.58	3.58
1510883036	23.7992	-25.13	3.43
1510883066	23.7547	-24.89	3.37
1510883096	23.8436	-24.83	3.1
1510883126	23.7547	-24.41	3.1
1510883156	23.7103	-24.77	2.86
1510883186	23.7547	-24.53	2.83
1510883216	23.7547	-24.26	2.62
1510883246	23.7992	-24.74	2.32
1510883276	23.888	-24.62	2.29
1510883306	23.888	-24.62	2.14
1510883336	23.9325	-24.41	2.11
1510883367	24.0214	-24.5	1.99
1510883397	24.0214	-24.2	1.87
1510883427	24.1547	-24.26	1.75
1510883457	24.2436	-24.11	1.66
1510883487	24.288	-24.26	1.57
1510883517	24.288	-24.38	1.36
1510883547	24.3769	-23.87	1.39
1510883577	24.4658	-24.2	1.24
1510883607	24.5103	-24.11	1.21
1510883637	24.5991	-24.2	1.12
1510883667	24.5547	-23.57	0.94
1510883697	24.688	-23.93	0.88
1510883727	24.688	-23.9	0.73
1510883757	24.8214	-23.57	0.67
1510883787	24.8658	-23.96	0.58
1510883817	24.9991	-23.57	0.52
1510883847	25.088	-23.66	0.43
1510883877	25.088	-23.54	0.46
1510883907	25.088	-23.66	0.28
1510883937	25.088	-23.63	0.25
1510883967	25.2214	-23.75	0.1
1510883997	25.2214	-23.45	0.22
1510884027	25.3102	-23.9	0.07
1510884057	25.2214	-24.02	0.07
1510884088	25.2658	-23.6	0.01
1510884118	25.1325	-23.75	-0.05
1510884148	25.1325	-24.14	-0.14
1510884178	24.9991	-24.29	-0.2
1510884208	24.9547	-23.93	-0.26
1510884238	24.8658	-23.87	-0.38
1510884268	24.7325	-23.72	-0.44
1510884298	24.6436	-23.96	-0.47
1510884328	24.5991	-24.5	-0.5
1510884358	24.4658	-24.02	-0.65
1510884388	24.3769	-23.87	-0.65
1510884418	24.288	-24.62	-0.65
1510884448	24.1103	-24.23	-0.68
1510884478	24.0214	-24.29	-0.8
1510884508	23.8436	-24.5	-0.89
1510884538	23.7547	-24.47	-0.89
1510884568	23.6658	-24.32	-0.89
1510884598	23.5769	-24.47	-0.89
1510884628	23.5769	-24.44	-1.01
1510884658	23.3547	-24.44	-0.92
1510884688	23.3992	-24.53	-0.92
1510884718	23.3103	-24.89	-1.07
1510884748	23.3103	-24.71	-1.04
1510884778	23.3547	-24.65	-1.1
1510884808	23.3547	-24.77	-1.16
1510884839	23.3547	-24.62	-1.1
1510884869	23.3103	-24.65	-1.25
1510884899	23.3992	-25.04	-1.19
1510884929	23.3992	-24.83	-1.22
1510884959	23.5769	-25.28	-1.37
1510884989	23.5769	-24.59	-1.34
1510885019	23.6214	-24.77	-1.34
1510885049	23.6658	-25.16	-1.34
1510885079	23.7547	-25.01	-1.4
1510885109	23.8436	-24.98	-1.43
1510885139	23.9325	-25.1	-1.4
1510885169	23.9325	-25.13	-1.55
1510885199	24.0214	-24.77	-1.52
1510885229	24.0214	-24.83	-1.58
1510885259	24.1103	-24.74	-1.61
1510885289	24.1992	-24.77	-1.67
1510885319	24.2436	-25.07	-1.64
1510885349	24.288	-24.86	-1.64
1510885379	24.3769	-24.62	-1.79
1510885409	24.4214	-24.8	-1.73
1510885439	24.4658	-24.89	-1.73
1510885469	24.5991	-25.16	-1.79
1510885499	24.6436	-25.01	-1.79
1510885529	24.688	-24.71	-1.82
1510885560	24.688	-24.83	-1.82
1510885590	24.8214	-25.07	-1.82
1510885620	24.8658	-24.68	-1.85
1510885650	24.9102	-24.74	-1.97
1510885680	24.9547	-24.83	-1.91
1510885710	24.9991	-24.53	-1.88
1510885740	24.9547	-24.8	-2
1510885770	25.0436	-24.44	-1.91
1510885800	25.088	-24.65	-2
1510885830	25.1769	-24.62	-2.06
1510885860	25.2658	-25.19	-2.06
1510885890	25.3102	-25.07	-2.06
1510885920	25.3547	-24.56	-2.06
1510885950	25.3102	-24.56	-2.03
1510885980	25.488	-24.56	-2.09
1510886010	25.3991	-24.47	-2.18
1510886040	25.488	-24.98	-2.12
1510886070	25.5325	-24.95	-2.21
1510886100	25.5769	-24.95	-2.15
1510886130	25.5325	-24.65	-2.18
1510886160	25.5769	-24.59	-2.15
1510886190	25.7102	-24.8	-2.18
1510886220	25.7102	-24.41	-2.18
1510886250	25.6214	-24.23	-2.03
1510886281	25.7991	-24.23	-2.24
1510886311	25.6658	-25.7	-2.24
1510926579	25.9325	-18.68	0.07
1510926609	25.7547	-19.04	0.1
1510926639	25.7102	-18.98	0.1
1510926669	25.5325	-19.31	0.01
1510926699	25.4436	-18.92	0.04
1510926729	25.3102	-19.28	-0.05
1510926759	25.088	-19.07	-0.02
1510926789	24.9991	-19.19	0.01
1510926819	24.8658	-18.62	0.04
1510926849	24.688	-19.01	-0.02
1510926879	24.688	-18.86	-0.02
1510926909	24.5991	-19.01	-0.02
1510926939	24.5547	-18.68	-0.02
1510926969	24.3769	-19.07	-0.02
1510926999	24.4658	-19.01	0.01
1510927030	24.4658	-19.13	-0.02
1510927060	24.3325	-19.04	0.04
1510927090	24.4214	-19.07	0.01
1510927120	24.3325	-18.95	-0.05
1510927150	24.3325	-18.89	-0.08
1510927180	24.288	-18.83	-0.08
1510927210	24.3325	-19.31	-0.2
1510927240	24.3325	-19.16	-0.11
1510927270	24.3325	-19.1	-0.2
1510927300	24.3325	-19.73	-0.17
1510927330	24.288	-19.16	-0.14
1510927360	24.2436	-19.16	-0.11
1510927390	24.288	-19.31	-0.08
1510927420	24.288	-18.95	-0.14
1510927450	24.2436	-18.68	-0.11
1510927480	24.3325	-18.65	-0.14
1510927510	24.3769	-19.19	-0.11
1510927540	24.288	-19.13	-0.08
1510927570	24.4658	-19.16	-0.08
1510927600	24.4658	-19.19	-0.14
1510927630	24.4658	-18.95	-0.08
1510927660	24.5991	-18.95	-0.14
1510927690	24.5991	-19.13	-0.14
1510927720	24.5991	-19.13	-0.14
1510927751	24.688	-19.1	-0.17
1510927781	24.5991	-19.25	-0.17
1510927811	24.6436	-19.43	-0.14
1510927841	24.6436	-19.19	-0.2
1510927871	24.5991	-19.25	-0.11
1510927901	24.688	-18.92	-0.11
1510927931	24.7325	-19.13	-0.14
1510927961	24.7769	-19.19	-0.14
1510927991	24.8214	-18.77	-0.11
1510928021	24.7769	-19.19	-0.17
1510928051	24.8214	-18.95	-0.14
1510928081	24.8214	-19.28	-0.08
1510928111	24.9102	-19.34	-0.17
1510928141	24.8658	-19.46	-0.14
1510928171	24.8658	-19.13	-0.17
1510928201	24.8658	-19.07	-0.11
1510928231	24.7769	-19.19	-0.17
1510928261	24.7325	-19.88	-0.11
1510928291	24.7325	-19.4	-0.23
1510928321	24.8214	-19.19	-0.17
1510928351	24.7769	-19.19	-0.11
1510928381	24.7769	-19.79	-0.11
1510928411	24.7769	-19.49	-0.17
1510928441	24.7769	-19.34	-0.14
1510928472	24.688	-19.16	-0.17
1510928502	24.688	-18.92	-0.08
1510928532	24.6436	-19.16	-0.11
1510928562	24.688	-18.95	-0.14
1510928592	24.688	-19.61	-0.2
1510928622	24.6436	-19.28	-0.23
1510928652	24.5991	-19.43	-0.17
1510928682	24.6436	-19.4	-0.2
1510928712	24.5547	-19.49	-0.2
1510928742	24.5991	-19.31	-0.17
1510928772	24.5103	-19.31	-0.2
1510928802	24.4214	-19.52	-0.23
1510928832	24.5103	-19.55	-0.14
1510928862	24.5103	-19.61	-0.2
1510928892	24.5103	-19.16	-0.17
1510928922	24.5547	-19.34	-0.17
1510928952	24.5991	-19.82	-0.23
1510928982	24.5547	-19.64	-0.17
1510929012	24.6436	-19.61	-0.14
1510929042	24.5991	-19.85	-0.2
1510929072	24.5547	-19.64	-0.17
1510929102	24.5547	-19.37	-0.41
1510929132	24.6436	-19.97	-0.38
1510929162	24.5547	-20.09	-0.35
1510929192	24.6436	-20.39	-0.38
1510929223	24.5103	-20.09	-0.35
1510929253	24.5991	-20.39	-0.41
1510929283	24.5547	-20.36	-0.41
1510929313	24.5991	-20.63	-0.44
1510929343	24.5991	-20.69	-0.35
1510929373	24.5991	-20.63	-0.44
1510929403	24.5547	-20.9	-0.41
1510929433	24.4214	-21.02	-0.35
1510929463	24.4214	-21.11	-0.38
1510929493	24.4658	-21.08	-0.44
1510929523	24.3769	-21.47	-0.47
1510929553	24.2436	-21.32	-0.44
1510929583	24.0658	-21.71	-0.41
1510929613	23.9769	-21.59	-0.5
1510929643	23.9325	-21.92	-0.56
1510929673	23.7992	-22.25	-0.47
1510929703	23.7547	-21.89	-0.65
1510929733	23.6658	-22.19	-0.59
1510929763	23.5325	-22.55	-0.65
1510929793	23.4436	-22.88	-0.62
1510929823	23.3992	-22.76	-0.65
1510929853	23.3547	-22.97	-0.62
1510929883	23.3103	-23.39	-0.65
1510929913	23.4436	-23.39	-0.68
1510929944	23.3103	-23.36	-0.65
1510929974	23.3547	-23.75	-0.8
1510930004	23.3103	-23.54	-0.77
1510930034	23.3992	-23.66	-0.77
1510930064	23.4436	-24.11	-0.86
1510930094	23.488	-24.05	-0.89
1510930124	23.4436	-24.44	-0.92
1510930154	23.488	-24.02	-0.83
1510930184	23.5769	-24.2	-1.01
1510930214	23.6214	-24.92	-0.95
1510930244	23.6658	-24.53	-0.95
1510930274	23.7103	-24.86	-1.1
1510930304	23.7547	-25.1	-1.04
1510930334	23.7547	-25.46	-1.1
1510930364	23.7992	-25.4	-1.19
1510930394	23.7992	-25.55	-1.16
1510930424	23.888	-25.76	-1.13
1510930454	23.8436	-26.12	-1.22
1510930484	23.9325	-26.36	-1.13
1510930514	23.9769	-27.17	-1.37
1510930544	23.9769	-27.41	-1.34
1510930574	23.9769	-29.33	-1.46
1510930604	24.0658	-30.5	-1.49
1510930634	24.1103	-32.36	-1.61
1510930664	24.1547	-35.93	-1.58
1510930695	24.1547	-41.96	-1.64
1510930725	24.0658	-43.49	-1.67
1510930755	24.1547	-43.64	-1.76
1510930785	24.1103	-43.64	-1.85
1510930815	24.1547	-45.38	-1.88
1510930845	24.1103	-51.8	-2
1510930875	24.1547	-53.57	-2.12
1510930905	24.1547	-53.63	-2.27
1510930935	24.2436	-53.3	-2.33
1510930965	24.2436	-53.54	-2.45
1510931154	1050.1	-52.31	-3.59
1510931184	24.5103	-52.25	-3.74
1510931214	24.5991	-52.13	-3.92
1510931244	24.6436	-51.44	-4.22
1510931845	23.7547	-49.37	-8.15
1510931875	23.7992	-49.7	-8.27
1510931905	23.6658	-49.55	-8.39
1510931935	23.7547	-49.58	-8.48
1510931965	23.7547	-48.95	-8.81
1510931995	23.7547	-49.1	-8.84
1510932025	23.7547	-49.28	-8.99
1510932055	23.7992	-48.77	-9.17
1510932085	23.7992	-48.98	-9.26
1510932115	23.7992	-48.71	-9.29
1510932145	23.888	-48.74	-9.44
1510932175	23.9325	-48.56	-9.65
1510932205	23.9325	-48.41	-9.8
1510932235	23.9325	-47.87	-9.92
1510932265	24.0214	-47.99	-10.04
1510932295	24.0214	-47.72	-10.07
1510932325	24.1103	-47.39	-10.22
1510932355	24.2436	-47.96	-10.28
1510932385	24.288	-47.57	-10.4
1510932415	24.3325	-47.6	-10.61
1510932445	24.3325	-47.06	-10.61
1510932475	24.4214	-47.3	-10.67
1510932505	24.5547	-46.55	-10.76
1510932536	24.5103	-46.43	-10.76
1510932566	24.5991	-46.31	-10.91
1510932596	24.6436	-46.73	-11
1510932626	24.688	-46.28	-11.09
1510932656	24.6436	-45.77	-11.24
1510932686	24.6436	-45.86	-11.21
1510932716	24.7769	-45.92	-11.3
1510932746	24.8214	-45.59	-11.3
1510932776	24.8214	-45.74	-11.39
1510932806	24.8658	-45.74	-11.42
1510932836	24.8658	-45.47	-11.45
1510932866	24.9102	-45.11	-11.45
1510932896	24.9102	-45.68	-11.57
1510932926	24.9102	-45.5	-11.51
1510932956	24.9991	-45.74	-11.69
1510932986	24.9991	-46.19	-11.69
1510933016	24.9991	-46.01	-11.72
1510933086	24.9991	-45.86	-11.84
1510933116	25.0436	-46.46	-11.84
1510933146	25.1325	-46.28	-11.81
1510933176	25.1325	-46.49	-11.81
1510933206	25.1325	-47.03	-11.96
1510933237	25.1769	-47.24	-11.96
1510933267	25.2214	-47.6	-11.96
1510933297	25.088	-47.51	-11.96
1510933327	25.0436	-47.36	-12.08
1510933357	24.9991	-47.66	-12.02
1510933387	24.8658	-47.66	-12.05
1510933417	24.7325	-47.75	-12.26
1510933447	24.6436	-48.47	-12.2
1510933477	24.5103	-48.5	-12.2
1510933507	24.4658	-48.35	-12.41
1510933537	24.3325	-48.62	-12.23
1510933567	24.1547	-48.53	-12.17
1510933597	24.0658	-48.74	-12.41
1510933627	23.888	-48.44	-12.44
1510933657	23.7992	-48.62	-12.35
1510933687	23.7103	-48.47	-12.47
1510933717	23.6214	-48.59	-12.44
1510933747	23.5325	-48.41	-12.47
1510933777	23.488	-48.38	-12.62
1510933807	23.488	-48.47	-12.53
1510933837	23.488	-48.62	-12.56
1510933867	23.3103	-48.77	-12.8
1510933897	23.3992	-48.32	-12.77
1510933927	23.3547	-48.83	-12.62
1510933958	23.3547	-48.29	-12.77
1510933988	23.4436	-48.38	-12.86
1510934018	23.4436	-48.05	-12.83
1510934048	23.3992	-48.38	-12.83
1510934078	23.5769	-47.78	-12.95
1510934108	23.5769	-48.05	-13.01
1510934138	23.6658	-48.14	-13.04
1510934168	23.5325	-48.14	-13.01
1510934198	23.6658	-47.63	-13.1
1510934228	23.6658	-48.2	-13.07
1510934258	23.7103	-48.05	-13.1
1510934288	23.6214	-47.84	-13.07
1510934318	23.7992	-47.75	-13.07
1510934348	23.7547	-47.51	-13.16
1510934378	23.7992	-47.45	-13.1
1510934408	23.888	-47.54	-13.1
1510934438	24.0214	-47.39	-13.16
1510934468	24.0214	-47.39	-13.13
1510934498	24.0214	-47.42	-13.13
1510934528	24.0658	-47.66	-13.16
1510934558	24.1103	-47.09	-13.25
1510934588	24.1992	-47.39	-13.22
1510934618	24.288	-47.57	-13.31
1510934648	24.3769	-47.63	-13.25
1510934679	24.4214	-47.27	-13.28
1510934709	24.4658	-47.39	-13.31
1510934739	24.5547	-46.94	-13.25
1510934769	24.5991	-47.18	-13.34
1510934799	24.5547	-47.33	-13.28
1510934829	24.7325	-46.76	-13.34
1510934859	24.7769	-47.15	-13.31
1510934889	24.7769	-47.33	-13.28
1510934919	24.8214	-47.18	-13.28
1510934949	24.8214	-47.27	-13.28
1510934979	24.8658	-47.45	-13.31
1510935009	24.9547	-47.18	-13.31
1510935039	24.9102	-47.27	-13.31
1510935069	24.9547	-47.33	-13.31
1510935099	24.9547	-47.18	-13.28
1510935129	24.8214	-47.36	-13.31
1510935159	24.688	-47.42	-13.28
1510935189	24.5103	-46.94	-13.31
1510935219	24.5991	-47.63	-13.25
1510935249	24.4658	-47.09	-13.25
1510935279	24.3325	-47.12	-13.31
1510935309	24.1992	-47.48	-13.31
1510935339	24.1547	-47.36	-13.28
1510935369	23.9769	-47.45	-13.31
1510935400	23.9325	-47.09	-13.31
1510935430	23.7992	-47.3	-13.25
1510935460	23.7992	-47.15	-13.22
