5.61049e-006
0.550	8.48579e-009
0.650	9.05182e-009
0.750	8.53904e-009
0.850	7.35765e-009
0.950	9.9741e-009
1.050	1.62398e-008
1.150	1.90697e-008
1.250	1.44169e-008
1.350	5.19833e-009
1.450	8.00444e-009
1.550	1.57805e-008
1.650	3.56937e-008
1.750	5.48773e-008
1.850	7.65027e-008
1.950	8.65309e-008
2.050	8.76169e-008
2.150	6.52875e-008
2.250	1.89268e-008
2.350	1.11745e-009
2.450	0
2.550	0
2.650	0
2.750	0
2.850	0
2.950	0
3.050	0
3.150	0
3.250	0
3.350	0
3.450	0
3.550	0
3.650	0
3.750	0
3.850	0
3.950	0
4.050	0
4.150	0
4.250	0
4.350	0
4.450	0
4.550	0
4.650	0
4.750	0
4.850	0
4.950	0
5.050	0
5.150	0
5.250	0
5.350	0
5.450	0
5.550	0
5.650	0
5.750	0
5.850	0
5.950	0
6.050	0
6.150	0
6.250	0
6.350	0
6.450	0
6.550	0
6.650	0
6.750	0
6.850	0
6.950	0
7.050	0
7.150	0
7.250	0
7.350	0
7.450	0
7.550	0
7.650	0
7.750	0
7.850	0
7.950	0
8.050	0
8.150	0
8.250	0
8.350	0
8.450	0
8.550	0
8.650	0
8.750	0
8.850	0
8.950	0
9.050	0
9.150	0
9.250	0
9.350	0
9.450	0
9.550	0
9.650	0
9.750	0
9.850	0
9.950	0
10.050	0
10.150	0
10.250	0
10.350	0
10.450	0
10.550	0
10.650	0
10.750	0
10.850	0
10.950	0
11.050	0
11.150	0
11.250	0
11.350	0
11.450	5.39687e-010
11.550	1.99121e-009
11.650	1.03373e-008
11.750	1.63e-008
11.850	1.85775e-008
11.950	1.87568e-008
12.050	1.5309e-008
12.150	1.19925e-008
12.250	1.43704e-009
12.350	1.69882e-011
12.450	0
12.550	0
12.650	5.51138e-010
12.750	1.05087e-009
12.850	1.26109e-009
12.950	1.39462e-009
13.050	1.2114e-009
13.150	1.24274e-009
13.250	9.1868e-010
13.350	2.12122e-009
13.450	5.30068e-009
13.550	1.65539e-008
13.650	6.29253e-008
13.750	1.03575e-007
13.850	1.1298e-007
13.950	1.14939e-007
14.050	9.39753e-008
14.150	7.65663e-008
14.250	1.18954e-008
14.350	2.2934e-009
14.450	3.43467e-010
14.550	5.37728e-010
14.650	3.48076e-009
14.750	5.18526e-009
14.850	5.86314e-009
14.950	5.91078e-009
15.050	4.96507e-009
15.150	4.68233e-009
15.250	1.26051e-009
15.350	1.29264e-009
15.450	3.90206e-009
15.550	1.18846e-008
15.650	4.96943e-008
15.750	6.85656e-008
15.850	7.57421e-008
15.950	7.65394e-008
16.050	6.28173e-008
16.150	5.30927e-008
16.250	6.80109e-009
16.350	2.52888e-009
16.450	3.66714e-009
16.550	1.40939e-008
16.650	6.01707e-008
16.750	8.39555e-008
16.850	8.85082e-008
16.950	9.10665e-008
17.050	7.27507e-008
17.150	6.41896e-008
17.250	1.00238e-008
17.350	6.19617e-009
17.450	1.24581e-008
17.550	4.38542e-008
17.650	1.87355e-007
17.750	2.71502e-007
17.850	2.87419e-007
17.950	2.96179e-007
18.050	2.37922e-007
18.150	2.17246e-007
18.250	2.73072e-008
18.350	6.19268e-009
18.450	0
18.550	0
18.650	6.29828e-010
18.750	1.01982e-009
18.850	1.13151e-009
18.950	1.15425e-009
19.050	8.47011e-010
19.150	8.06886e-010
19.250	0
19.350	0
19.450	9.85397e-011
19.550	1.07528e-009
19.650	3.97852e-009
19.750	4.78883e-009
19.850	4.82763e-009
19.950	5.07798e-009
20.050	3.96256e-009
20.150	3.27663e-009
20.250	0
20.350	0
20.450	0
20.550	0
20.650	0
20.750	0
20.850	0
20.950	0
21.050	0
21.150	0
21.250	0
21.350	0
21.450	0
21.550	6.75299e-011
21.650	7.69238e-010
21.750	1.16205e-009
21.850	1.04738e-009
21.950	1.10292e-009
22.050	7.66028e-010
22.150	6.5371e-010
22.250	0
22.350	0
22.450	0
22.550	0
22.650	0
22.750	0
22.850	0
22.950	0
23.050	0
23.150	0
23.250	0
23.350	0
23.450	0
23.550	0
23.650	6.46772e-011
23.750	1.27619e-010
23.850	1.36274e-010
23.950	1.55963e-010
24.050	8.80541e-011
24.150	7.06607e-011
24.250	0
24.350	0
24.450	0
24.550	9.11807e-011
24.650	8.54914e-010
24.750	1.18051e-009
24.850	1.22993e-009
24.950	1.28921e-009
25.050	1.00197e-009
25.150	9.94317e-010
25.250	2.787e-011
25.350	1.53406e-010
25.450	3.8619e-010
25.550	2.78938e-009
25.650	6.0624e-009
25.750	7.71723e-009
25.850	8.0696e-009
25.950	8.68456e-009
26.050	7.19388e-009
26.150	7.12797e-009
26.250	1.71238e-009
26.350	1.32569e-009
26.450	1.75499e-009
26.550	4.2853e-009
26.650	1.01534e-008
26.750	1.30965e-008
26.850	1.3842e-008
26.950	1.51518e-008
27.050	1.45848e-008
27.150	1.82584e-008
27.250	1.63534e-008
27.350	4.09168e-008
27.450	1.32852e-007
27.550	4.72889e-007
27.650	1.22591e-006
27.750	1.45553e-006
27.850	1.55729e-006
27.950	1.62288e-006
28.050	1.33438e-006
28.150	1.3139e-006
28.250	1.40765e-007
28.350	2.9565e-008
28.450	4.07437e-009
28.550	9.59571e-009
28.650	1.88322e-008
28.750	2.21571e-008
28.850	2.29423e-008
28.950	2.43448e-008
29.050	1.94964e-008
29.150	1.91573e-008
29.250	2.18268e-009
29.350	6.93798e-010
29.450	1.39546e-009
29.550	7.21834e-009
29.650	1.40105e-008
29.750	1.64853e-008
29.850	1.67101e-008
29.950	1.79371e-008
30.050	1.40207e-008
30.150	1.34792e-008
30.250	1.36467e-009
30.350	3.29548e-010
30.450	5.34534e-013
30.550	8.41892e-011
30.650	1.84809e-010
30.750	3.59504e-010
30.850	3.1953e-010
30.950	5.41208e-010
31.050	9.51367e-010
31.150	2.09388e-009
31.250	4.20665e-009
31.350	1.46778e-008
31.450	3.52518e-008
31.550	1.83543e-007
31.650	2.63739e-007
31.750	3.1603e-007
31.850	3.11003e-007
31.950	3.36223e-007
32.050	2.62201e-007
32.150	2.45743e-007
32.250	1.68699e-008
32.350	5.02068e-009
32.450	6.28075e-011
32.550	9.46996e-011
32.650	1.65494e-010
32.750	1.47238e-010
32.850	8.22219e-011
32.950	9.31527e-011
33.050	1.06253e-010
33.150	1.11235e-010
33.250	0
33.350	0
33.450	0
33.550	4.59373e-010
33.650	9.46742e-010
33.750	1.13135e-009
33.850	1.14559e-009
33.950	1.19058e-009
34.050	8.3629e-010
34.150	8.13784e-010
34.250	0
34.350	0
34.450	0
34.550	0
34.650	0
34.750	0
34.850	0
34.950	0
35.050	0
35.150	0
35.250	0
35.350	0
35.450	0
35.550	1.11292e-011
35.650	6.24608e-011
35.750	7.43902e-011
35.850	2.80791e-012
35.950	8.10711e-011
36.050	8.66395e-011
36.150	1.34805e-011
36.250	0
36.350	0
36.450	0
36.550	0
36.650	2.09729e-010
36.750	2.80108e-010
36.850	3.31526e-010
36.950	3.37229e-010
37.050	1.9923e-010
37.150	1.89724e-010
37.250	0
37.350	0
37.450	0
37.550	3.59775e-010
37.650	6.2378e-010
37.750	7.49546e-010
37.850	8.18661e-010
37.950	8.87968e-010
38.050	7.65078e-010
38.150	6.82598e-010
38.250	0
38.350	0
38.450	3.75095e-010
38.550	1.85442e-009
38.650	3.0624e-009
38.750	3.52892e-009
38.850	3.63696e-009
38.950	3.92433e-009
39.050	3.48293e-009
39.150	3.68721e-009
39.250	1.8048e-009
39.350	4.6082e-009
39.450	1.38993e-008
39.550	3.33667e-008
39.650	3.69095e-008
39.750	4.29368e-008
39.850	4.0966e-008
39.950	4.35334e-008
40.050	3.50097e-008
40.150	2.77903e-008
40.250	1.81639e-009
40.350	4.65743e-010
40.450	6.09314e-010
40.550	2.56265e-009
40.650	4.29289e-009
40.750	4.76932e-009
40.850	5.37129e-009
40.950	5.1935e-009
41.050	4.89512e-009
41.150	4.60052e-009
41.250	1.53309e-009
41.350	0
41.450	2.70882e-010
41.550	1.38329e-009
41.650	2.24984e-009
41.750	2.32034e-009
41.850	2.57655e-009
41.950	2.625e-009
42.050	2.46206e-009
42.150	2.29911e-009
42.250	7.95562e-010
42.350	1.56881e-010
42.450	7.1064e-010
42.550	2.20577e-009
42.650	3.35568e-009
42.750	3.64751e-009
42.850	3.95857e-009
42.950	3.97066e-009
43.050	3.84731e-009
43.150	4.57283e-009
43.250	4.29314e-009
43.350	1.51179e-008
43.450	4.35364e-008
43.550	1.17101e-007
43.650	1.33254e-007
43.750	1.50216e-007
43.850	1.48133e-007
43.950	1.57986e-007
44.050	1.21592e-007
44.150	1.1866e-007
44.250	1.22765e-008
44.350	1.95378e-009
44.450	6.07631e-010
44.550	1.56826e-009
44.650	1.78417e-009
44.750	1.99778e-009
44.850	2.05005e-009
44.950	2.13989e-009
45.050	1.69518e-009
45.150	1.65387e-009
45.250	2.60484e-011
45.350	0
45.450	0
45.550	2.08665e-010
45.650	3.0825e-010
45.750	4.59306e-010
45.850	4.45211e-010
45.950	4.97791e-010
46.050	2.34068e-010
46.150	1.94856e-010
46.250	0
46.350	0
46.450	0
46.550	0
46.650	0
46.750	0
46.850	0
46.950	0
47.050	0
47.150	0
47.250	0
47.350	0
47.450	0
47.550	0
47.650	2.31443e-012
47.750	0
47.850	0
47.950	1.02237e-011
48.050	1.06219e-011
48.150	0
48.250	0
48.350	0
48.450	0
48.550	0
48.650	0
48.750	0
48.850	0
48.950	0
49.050	0
49.150	0
49.250	0
49.350	0
49.450	0
49.550	1.42587e-010
49.650	1.04951e-010
49.750	2.29197e-010
49.850	3.04663e-010
49.950	3.39774e-010
50.050	1.7455e-010
50.150	2.04388e-010
50.250	0
50.350	0
50.450	0
50.550	1.10446e-010
50.650	2.69992e-010
50.750	2.71555e-010
50.850	3.01549e-010
50.950	2.96286e-010
51.050	2.37959e-010
51.150	2.82638e-010
51.250	0
51.350	0
51.450	0
51.550	0
51.650	1.49418e-010
51.750	2.31262e-010
51.850	2.29634e-010
51.950	1.71569e-010
52.050	6.00343e-011
52.150	1.60106e-010
52.250	0
52.350	0
52.450	0
52.550	9.09757e-011
52.650	2.5019e-010
52.750	3.31151e-010
52.850	3.80507e-010
52.950	3.15569e-010
53.050	3.52161e-010
53.150	2.43449e-010
53.250	0
53.350	0
53.450	0
53.550	6.18338e-011
53.650	2.31958e-010
53.750	2.42591e-010
53.850	1.87197e-010
53.950	1.58509e-010
54.050	2.71252e-010
54.150	1.68014e-010
54.250	7.12874e-012
54.350	0
54.450	0
54.550	4.19395e-010
54.650	8.18764e-010
54.750	8.75335e-010
54.850	9.72537e-010
54.950	8.80821e-010
55.050	9.4336e-010
55.150	7.21665e-010
55.250	3.32915e-010
55.350	0
55.450	0
55.550	3.0456e-010
55.650	5.13571e-010
55.750	5.86604e-010
55.850	6.85983e-010
55.950	6.5846e-010
56.050	6.85795e-010
56.150	4.90912e-010
56.250	2.76703e-010
56.350	0
56.450	0
56.550	7.35513e-011
56.650	1.51752e-010
56.750	5.82699e-011
56.850	9.09222e-011
56.950	1.16955e-010
57.050	2.04486e-010
57.150	1.16137e-010
57.250	0
57.350	0
57.450	0
57.550	0
57.650	1.55858e-010
57.750	1.43161e-010
57.850	1.31949e-010
57.950	2.9513e-011
58.050	8.48495e-011
58.150	0
58.250	0
58.350	0
58.450	0
58.550	0
58.650	0
58.750	0
58.850	0
58.950	0
59.050	0
59.150	0
59.250	0
59.350	0
59.450	0
59.550	0
59.650	0
59.750	0
59.850	0
59.950	0
60.050	0
60.150	0
60.250	0
60.350	0
60.450	0
60.550	0
60.650	0
60.750	0
60.850	0
60.950	0
61.050	0
61.150	0
61.250	0
61.350	0
61.450	0
61.550	0
61.650	0
61.750	0
61.850	0
61.950	0
62.050	0
62.150	0
62.250	0
62.350	0
62.450	0
62.550	0
62.650	0
62.750	0
62.850	0
62.950	0
63.050	0
63.150	0
63.250	0
63.350	0
63.450	0
63.550	7.96491e-011
63.650	4.94557e-011
63.750	1.05263e-010
63.850	1.06902e-010
63.950	1.55558e-010
64.050	0
64.150	0
64.250	0
64.350	0
64.450	0
64.550	0
64.650	0
64.750	0
64.850	0
64.950	0
65.050	0
65.150	0
65.250	0
65.350	0
65.450	0
65.550	0
65.650	0
65.750	0
65.850	0
65.950	0
66.050	0
66.150	0
66.250	0
66.350	0
66.450	0
66.550	6.10242e-011
66.650	9.89387e-011
66.750	1.25282e-010
66.850	1.75835e-010
66.950	1.84127e-010
67.050	1.53588e-010
67.150	3.59019e-012
67.250	0
67.350	0
67.450	0
67.550	0
67.650	0
67.750	0
67.850	0
67.950	0
68.050	0
68.150	0
68.250	0
68.350	0
68.450	0
68.550	0
68.650	0
68.750	0
68.850	0
68.950	1.06342e-011
69.050	1.63975e-011
69.150	0
69.250	0
69.350	0
69.450	0
69.550	0
69.650	1.26106e-011
69.750	7.22669e-011
69.850	7.43308e-011
69.950	8.22492e-011
70.050	3.88124e-011
70.150	0
70.250	0
70.350	0
70.450	0
70.550	0
70.650	0
70.750	0
70.850	0
70.950	0
71.050	0
71.150	0
71.250	0
71.350	0
71.450	0
71.550	0
71.650	0
71.750	0
71.850	0
71.950	0
72.050	0
72.150	0
72.250	0
72.350	0
72.450	0
72.550	0
72.650	0
72.750	0
72.850	0
72.950	0
73.050	0
73.150	0
73.250	0
73.350	0
73.450	0
73.550	0
73.650	0
73.750	0
73.850	0
73.950	0
74.050	0
74.150	0
74.250	0
74.350	0
74.450	0
74.550	0
74.650	0
74.750	0
74.850	0
74.950	0
75.050	0
75.150	0
75.250	0
75.350	0
75.450	0
75.550	0
75.650	0
75.750	0
75.850	0
75.950	0
76.050	0
76.150	0
76.250	0
76.350	0
76.450	0
76.550	0
76.650	0
76.750	1.31696e-012
76.850	4.5758e-012
76.950	0
77.050	0
77.150	0
77.250	0
77.350	0
77.450	0
77.550	5.58678e-011
77.650	1.67204e-010
77.750	1.54753e-010
77.850	1.62328e-010
77.950	1.6152e-010
78.050	1.98479e-010
78.150	1.05671e-010
78.250	6.1292e-011
78.350	0
78.450	0
78.550	0
78.650	0
78.750	0
78.850	0
78.950	0
79.050	0
79.150	0
79.250	0
79.350	0
79.450	0
79.550	0
79.650	0
79.750	0
79.850	0
79.950	0
80.050	0
80.150	0
80.250	0
80.350	0
80.450	0
80.550	0
80.650	0
80.750	0
80.850	0
80.950	0
81.050	0
81.150	0
81.250	0
81.350	0
81.450	0
81.550	0
81.650	0
81.750	0
81.850	0
81.950	0
82.050	0
82.150	0
82.250	0
82.350	0
82.450	0
82.550	0
82.650	0
82.750	0
82.850	0
82.950	0
83.050	0
83.150	0
83.250	0
83.350	0
83.450	0
83.550	0
83.650	0
83.750	0
83.850	0
83.950	0
84.050	0
84.150	0
84.250	0
84.350	0
84.450	0
84.550	0
84.650	0
84.750	0
84.850	0
84.950	0
85.050	0
85.150	0
85.250	0
85.350	0
85.450	0
85.550	0
85.650	0
85.750	0
85.850	0
85.950	0
86.050	0
86.150	0
86.250	0
86.350	0
86.450	0
86.550	0
86.650	0
86.750	0
86.850	0
86.950	0
87.050	0
87.150	0
87.250	0
87.350	0
87.450	0
87.550	0
87.650	0
87.750	0
87.850	0
87.950	0
88.050	0
88.150	0
88.250	0
88.350	0
88.450	0
88.550	0
88.650	0
88.750	0
88.850	0
88.950	0
89.050	0
89.150	0
89.250	0
89.350	0
89.450	0
89.550	0
89.650	0
89.750	0
89.850	0
89.950	0
90.050	0
90.150	0
90.250	0
90.350	0
90.450	0
90.550	0
90.650	0
90.750	0
90.850	0
90.950	0
91.050	0
91.150	0
91.250	0
91.350	0
91.450	0
91.550	0
91.650	0
91.750	0
91.850	0
91.950	0
92.050	0
92.150	0
92.250	0
92.350	0
92.450	0
92.550	0
92.650	0
92.750	0
92.850	0
92.950	0
93.050	0
93.150	0
93.250	0
93.350	0
93.450	0
93.550	0
93.650	0
93.750	0
93.850	0
93.950	0
94.050	0
94.150	0
94.250	0
94.350	0
94.450	0
94.550	0
94.650	0
94.750	0
94.850	0
94.950	0
95.050	0
95.150	0
95.250	0
95.350	0
95.450	0
95.550	0
95.650	0
95.750	0
95.850	0
95.950	0
96.050	0
96.150	0
96.250	0
96.350	0
96.450	0
96.550	0
96.650	0
96.750	0
96.850	0
96.950	0
97.050	0
97.150	0
97.250	0
97.350	0
97.450	0
97.550	0
97.650	0
97.750	0
97.850	0
97.950	0
98.050	0
98.150	0
98.250	0
98.350	0
98.450	0
98.550	0
98.650	0
98.750	0
98.850	0
98.950	0
99.050	0
99.150	0
99.250	0
99.350	0
99.450	0
99.550	0
99.650	0
99.750	0
99.850	0
99.950	0
100.050	0
100.150	0
100.250	0
100.350	0
100.450	0
100.550	0
100.650	0
100.750	0
100.850	0
100.950	0
101.050	0
101.150	0
101.250	0
101.350	0
101.450	0
101.550	0
101.650	0
101.750	0
101.850	0
101.950	0
102.050	0
102.150	0
102.250	0
102.350	0
102.450	0
102.550	0
102.650	0
102.750	0
102.850	0
102.950	0
103.050	0
103.150	0
103.250	0
103.350	0
103.450	0
103.550	0
103.650	0
103.750	0
103.850	0
103.950	0
104.050	0
104.150	0
104.250	0
104.350	0
104.450	0
104.550	0
104.650	0
104.750	0
104.850	0
104.950	0
105.050	0
105.150	0
105.250	0
105.350	0
105.450	0
105.550	0
105.650	0
105.750	0
105.850	0
105.950	0
106.050	0
106.150	0
106.250	0
106.350	0
106.450	0
106.550	0
106.650	0
106.750	0
106.850	0
106.950	0
107.050	0
107.150	0
107.250	0
107.350	0
107.450	0
107.550	0
107.650	0
107.750	0
107.850	0
107.950	0
108.050	0
108.150	0
108.250	0
108.350	0
108.450	0
108.550	0
108.650	0
108.750	0
108.850	0
108.950	0
109.050	0
109.150	0
109.250	0
109.350	0
109.450	0
109.550	0
109.650	0
109.750	0
109.850	0
109.950	0
110.050	0
110.150	0
110.250	0
110.350	0
110.450	0
110.550	0
110.650	0
110.750	0
110.850	0
110.950	0
111.050	0
111.150	0
111.250	0
111.350	0
111.450	0
111.550	0
111.650	0
111.750	0
111.850	0
111.950	0
112.050	0
112.150	0
112.250	0
112.350	0
112.450	0
112.550	0
112.650	0
112.750	0
112.850	0
112.950	0
113.050	0
113.150	0
113.250	0
113.350	0
113.450	0
113.550	0
113.650	0
113.750	0
113.850	0
113.950	0
114.050	0
114.150	0
114.250	0
114.350	0
114.450	0
114.550	0
114.650	0
114.750	0
114.850	0
114.950	0
115.050	0
115.150	0
115.250	0
115.350	0
115.450	0
115.550	0
115.650	0
115.750	0
115.850	0
115.950	0
116.050	0
116.150	0
116.250	0
116.350	0
116.450	0
116.550	0
116.650	0
116.750	0
116.850	0
116.950	0
117.050	0
117.150	0
117.250	0
117.350	0
117.450	0
117.550	0
117.650	0
117.750	0
117.850	0
117.950	0
118.050	0
118.150	0
118.250	0
118.350	0
118.450	0
118.550	0
118.650	0
118.750	0
118.850	0
118.950	0
119.050	0
119.150	0
119.250	0
119.350	0
119.450	0
119.550	0
119.650	0
119.750	0
119.850	0
119.950	0
120.050	0
120.150	0
120.250	0
120.350	0
120.450	0
120.550	0
120.650	0
120.750	0
120.850	0
120.950	0
121.050	0
121.150	0
121.250	0
121.350	0
121.450	0
121.550	0
121.650	0
121.750	0
121.850	0
121.950	0
122.050	0
122.150	0
122.250	0
122.350	0
122.450	0
122.550	0
122.650	0
122.750	0
122.850	0
122.950	0
123.050	0
123.150	0
123.250	0
123.350	0
123.450	0
123.550	0
123.650	0
123.750	0
123.850	0
123.950	0
124.050	0
124.150	0
124.250	0
124.350	0
124.450	0
124.550	0
124.650	0
124.750	0
124.850	0
124.950	0
125.050	0
125.150	0
125.250	0
125.350	0
125.450	0
125.550	0
125.650	0
125.750	0
125.850	0
125.950	0
126.050	0
126.150	0
126.250	0
126.350	0
126.450	0
126.550	0
126.650	0
126.750	0
126.850	0
126.950	0
127.050	0
127.150	0
127.250	0
127.350	0
127.450	0
127.550	0
127.650	0
127.750	0
127.850	0
127.950	0
128.050	0
128.150	0
128.250	0
128.350	0
128.450	0
128.550	0
128.650	0
128.750	0
128.850	0
128.950	0
129.050	0
129.150	0
129.250	0
129.350	0
129.450	0
129.550	0
129.650	0
129.750	0
129.850	0
129.950	0
130.050	0
130.150	0
130.250	0
130.350	0
130.450	0
130.550	0
130.650	0
130.750	0
130.850	0
130.950	0
131.050	0
131.150	0
131.250	0
131.350	0
131.450	0
131.550	0
131.650	0
131.750	0
131.850	0
131.950	0
132.050	0
132.150	0
132.250	0
132.350	0
132.450	0
132.550	0
132.650	0
132.750	0
132.850	0
132.950	0
133.050	0
133.150	0
133.250	0
133.350	0
133.450	0
133.550	0
133.650	0
133.750	0
133.850	0
133.950	0
134.050	0
134.150	0
134.250	0
134.350	0
134.450	0
134.550	0
134.650	0
134.750	0
134.850	0
134.950	0
135.050	0
135.150	0
135.250	0
135.350	0
135.450	0
135.550	0
135.650	0
135.750	0
135.850	0
135.950	0
136.050	0
136.150	0
136.250	0
136.350	0
136.450	0
136.550	0
136.650	0
136.750	0
136.850	0
136.950	0
137.050	0
137.150	0
137.250	0
137.350	0
137.450	0
137.550	0
137.650	0
137.750	0
137.850	0
137.950	0
138.050	0
138.150	0
138.250	0
138.350	0
138.450	0
138.550	0
138.650	0
138.750	0
138.850	0
138.950	0
139.050	0
139.150	0
139.250	0
139.350	0
139.450	0
139.550	0
139.650	0
139.750	0
139.850	0
139.950	0
140.050	0
140.150	0
140.250	0
140.350	0
140.450	0
140.550	0
140.650	0
140.750	0
140.850	0
140.950	0
141.050	0
141.150	0
141.250	0
141.350	0
141.450	0
141.550	0
141.650	0
141.750	0
141.850	0
141.950	0
142.050	0
142.150	0
142.250	0
142.350	0
142.450	0
142.550	0
142.650	0
142.750	0
142.850	0
142.950	0
143.050	0
143.150	0
143.250	0
143.350	0
143.450	0
143.550	0
143.650	0
143.750	0
143.850	0
143.950	0
144.050	0
144.150	0
144.250	0
144.350	0
144.450	0
144.550	0
144.650	0
144.750	0
144.850	0
144.950	0
145.050	0
145.150	0
145.250	0
145.350	0
145.450	0
145.550	0
145.650	0
145.750	0
145.850	0
145.950	0
146.050	0
146.150	0
146.250	0
146.350	0
146.450	0
146.550	0
146.650	0
146.750	0
146.850	0
146.950	0
147.050	0
147.150	0
147.250	0
147.350	0
147.450	0
147.550	0
147.650	0
147.750	0
147.850	0
147.950	0
148.050	0
148.150	0
148.250	0
148.350	0
148.450	0
148.550	0
148.650	0
148.750	0
148.850	0
148.950	0
149.050	0
149.150	0
149.250	0
149.350	0
149.450	0
149.550	0
149.650	0
149.750	0
149.850	0
149.950	0
150.050	0
150.150	0
150.250	0
150.350	0
150.450	0
150.550	0
150.650	0
150.750	0
150.850	0
150.950	0
151.050	0
151.150	0
151.250	0
151.350	0
151.450	0
151.550	0
151.650	0
151.750	0
151.850	0
151.950	0
152.050	0
152.150	0
152.250	0
152.350	0
152.450	0
152.550	0
152.650	0
152.750	0
152.850	0
152.950	0
153.050	0
153.150	0
153.250	0
153.350	0
153.450	0
153.550	0
153.650	0
153.750	0
153.850	0
153.950	0
154.050	0
154.150	0
154.250	0
154.350	0
154.450	0
154.550	0
154.650	0
154.750	0
154.850	0
154.950	0
155.050	0
155.150	0
155.250	0
155.350	0
155.450	0
155.550	0
155.650	0
155.750	0
155.850	0
155.950	0
156.050	0
156.150	0
156.250	0
156.350	0
156.450	0
156.550	0
156.650	0
156.750	0
156.850	0
156.950	0
157.050	0
157.150	0
157.250	0
157.350	0
157.450	0
157.550	0
157.650	0
157.750	0
157.850	0
157.950	0
158.050	0
158.150	0
158.250	0
158.350	0
158.450	0
158.550	0
158.650	0
158.750	0
158.850	0
158.950	0
159.050	0
159.150	0
159.250	0
159.350	0
159.450	0
159.550	0
159.650	0
159.750	0
159.850	0
159.950	0
160.050	0
160.150	0
160.250	0
160.350	0
160.450	0
160.550	0
160.650	0
160.750	0
160.850	0
160.950	0
161.050	0
161.150	0
161.250	0
161.350	0
161.450	0
161.550	0
161.650	0
161.750	0
161.850	0
161.950	0
162.050	0
162.150	0
162.250	0
162.350	0
162.450	0
162.550	0
162.650	0
162.750	0
162.850	0
162.950	0
163.050	0
163.150	0
163.250	0
163.350	0
163.450	0
163.550	0
163.650	0
163.750	0
163.850	0
163.950	0
164.050	0
164.150	0
164.250	0
164.350	0
164.450	0
164.550	0
164.650	0
164.750	0
164.850	0
164.950	0
165.050	0
165.150	0
165.250	0
165.350	0
165.450	0
165.550	0
165.650	0
165.750	0
165.850	0
165.950	0
166.050	0
166.150	0
166.250	0
166.350	0
166.450	0
166.550	0
166.650	0
166.750	0
166.850	0
166.950	0
167.050	0
167.150	0
167.250	0
167.350	0
167.450	0
167.550	0
167.650	0
167.750	0
167.850	0
167.950	0
168.050	0
168.150	0
168.250	0
168.350	0
168.450	0
168.550	0
168.650	0
168.750	0
168.850	0
168.950	0
169.050	0
169.150	0
169.250	0
169.350	0
169.450	0
169.550	0
169.650	0
169.750	0
169.850	0
169.950	0
170.050	0
170.150	0
170.250	0
170.350	0
170.450	0
170.550	0
170.650	0
170.750	0
170.850	0
170.950	0
171.050	0
171.150	0
171.250	0
171.350	0
171.450	0
171.550	0
171.650	0
171.750	0
171.850	0
171.950	0
172.050	0
172.150	0
172.250	0
172.350	0
172.450	0
172.550	0
172.650	0
172.750	0
172.850	0
172.950	0
173.050	0
173.150	0
173.250	0
173.350	0
173.450	0
173.550	0
173.650	0
173.750	0
173.850	0
173.950	0
174.050	0
174.150	0
174.250	0
174.350	0
174.450	0
174.550	0
174.650	0
174.750	0
174.850	0
174.950	0
175.050	0
175.150	0
175.250	0
175.350	0
175.450	0
175.550	0
175.650	0
175.750	0
175.850	0
175.950	0
176.050	0
176.150	0
176.250	0
176.350	0
176.450	0
176.550	0
176.650	0
176.750	0
176.850	0
176.950	0
177.050	0
177.150	0
177.250	0
177.350	0
177.450	0
177.550	0
177.650	0
177.750	0
177.850	0
177.950	0
178.050	0
178.150	0
178.250	0
178.350	0
178.450	0
178.550	0
178.650	0
178.750	0
178.850	0
178.950	0
179.050	0
179.150	0
179.250	0
179.350	0
179.450	0
179.550	0
179.650	0
179.750	0
179.850	0
179.950	0
180.050	0
180.150	0
180.250	0
180.350	0
180.450	0
180.550	0
180.650	0
180.750	0
180.850	0
180.950	0
181.050	0
181.150	0
181.250	0
181.350	0
181.450	0
181.550	0
181.650	0
181.750	0
181.850	0
181.950	0
182.050	0
182.150	0
182.250	0
182.350	0
182.450	0
182.550	0
182.650	0
182.750	0
182.850	0
182.950	0
183.050	0
183.150	0
183.250	0
183.350	0
183.450	0
183.550	0
183.650	0
183.750	0
183.850	0
183.950	0
184.050	0
184.150	0
184.250	0
184.350	0
184.450	0
184.550	0
184.650	0
184.750	0
184.850	0
184.950	0
185.050	0
185.150	0
185.250	0
185.350	0
185.450	0
185.550	0
185.650	0
185.750	0
185.850	0
185.950	0
186.050	0
186.150	0
186.250	0
186.350	0
186.450	0
186.550	0
186.650	0
186.750	0
186.850	0
186.950	0
187.050	0
187.150	0
187.250	0
187.350	0
187.450	0
187.550	0
187.650	0
187.750	0
187.850	0
187.950	0
188.050	0
188.150	0
188.250	0
188.350	0
188.450	0
188.550	0
188.650	0
188.750	0
188.850	0
188.950	0
189.050	0
189.150	0
189.250	0
189.350	0
189.450	0
189.550	0
189.650	0
189.750	0
189.850	0
189.950	0
190.050	0
190.150	0
190.250	0
190.350	0
190.450	0
190.550	0
190.650	0
190.750	0
190.850	0
190.950	0
191.050	0
191.150	0
191.250	0
191.350	0
191.450	0
191.550	0
191.650	0
191.750	0
191.850	0
191.950	0
192.050	0
192.150	0
192.250	0
192.350	0
192.450	0
192.550	0
192.650	0
192.750	0
192.850	0
192.950	0
193.050	0
193.150	0
193.250	0
193.350	0
193.450	0
193.550	0
193.650	0
193.750	0
193.850	0
193.950	0
194.050	0
194.150	0
194.250	0
194.350	0
194.450	0
194.550	0
194.650	0
194.750	0
194.850	0
194.950	0
195.050	0
195.150	0
195.250	0
195.350	0
195.450	0
195.550	0
195.650	0
195.750	0
195.850	0
195.950	0
196.050	0
196.150	0
196.250	0
196.350	0
196.450	0
196.550	0
196.650	0
196.750	0
196.850	0
196.950	0
197.050	0
197.150	0
197.250	0
197.350	0
197.450	0
197.550	0
197.650	0
197.750	0
197.850	0
197.950	0
198.050	0
198.150	0
198.250	0
198.350	0
198.450	0
198.550	0
198.650	0
198.750	0
198.850	0
198.950	0
199.050	0
199.150	0
199.250	0
199.350	0
199.450	0
199.550	0
199.650	0
199.750	0
199.850	0
199.950	0
200.050	0
200.150	0
200.250	0
200.350	0
200.450	0
200.550	0
200.650	0
200.750	0
200.850	0
200.950	0
201.050	0
201.150	0
201.250	0
201.350	0
201.450	0
201.550	0
201.650	0
201.750	0
201.850	0
201.950	0
202.050	0
202.150	0
202.250	0
202.350	0
202.450	0
202.550	0
202.650	0
202.750	0
202.850	0
202.950	0
203.050	0
203.150	0
203.250	0
203.350	0
203.450	0
203.550	0
203.650	0
203.750	0
203.850	0
203.950	0
204.050	0
204.150	0
204.250	0
204.350	0
204.450	0
204.550	0
204.650	0
204.750	0
204.850	0
204.950	0
205.050	0
205.150	0
205.250	0
205.350	0
205.450	0
205.550	0
205.650	0
205.750	0
205.850	0
205.950	0
206.050	0
206.150	0
206.250	0
206.350	0
206.450	0
206.550	0
206.650	0
206.750	0
206.850	0
206.950	0
207.050	0
207.150	0
207.250	0
207.350	0
207.450	0
207.550	0
207.650	0
207.750	0
207.850	0
207.950	0
208.050	0
208.150	0
208.250	0
208.350	0
208.450	0
208.550	0
208.650	0
208.750	0
208.850	0
208.950	0
209.050	0
209.150	0
209.250	0
209.350	0
209.450	0
209.550	0
209.650	0
209.750	0
209.850	0
209.950	0
210.050	0
210.150	0
210.250	0
210.350	0
210.450	0
