5.99478e-006
subset 1		1	1.12116e-007
subset 1		2	1.13939e-007
subset 1		3	7.32757e-008
subset 1		4	3.80566e-008
subset 1		5	2.19224e-008
subset 1		6	1.37293e-008
subset 1		7	9.0723e-009
subset 1		8	6.45486e-009
subset 1		9	4.72502e-009
subset 1		1	10	3.77426e-009
subset 1		11	3.15407e-009
subset 1		12	2.5069e-009
subset 1		13	2.00772e-009
subset 1		14	1.5055e-009
subset 1		15	8.78093e-010
subset 1		16	5.21735e-010
subset 1		17	4.71069e-010
subset 1		18	5.45565e-010
subset 1		19	6.59424e-010
subset 1		20	8.68773e-010
subset 1		21	9.19215e-010
subset 1		22	1.07357e-009
subset 1		23	1.22016e-009
subset 1		24	1.33255e-009
subset 1		25	1.46655e-009
subset 1		26	1.59501e-009
subset 1		27	1.63029e-009
subset 1		28	1.63441e-009
subset 1		29	1.6051e-009
subset 1		2	30	1.46431e-009
subset 1		31	1.30046e-009
subset 1		32	1.07557e-009
subset 1		33	9.56133e-010
subset 1		34	6.95352e-010
subset 1		35	3.50508e-010
subset 1		36	4.36809e-011
subset 1		37	0
subset 1		38	1.98313e-012
subset 1		39	9.34518e-012
subset 1		40	5.0091e-012
subset 1		41	1.83203e-011
subset 1		42	0
subset 1		43	0
subset 1		44	1.89171e-011
subset 1		45	0
subset 1		46	0
subset 1		47	2.99129e-011
subset 1		48	3.32918e-011
subset 1		49	0
subset 1		3	50	3.68571e-012
subset 1		51	8.32506e-012
subset 1		52	7.74373e-012
subset 1		53	1.80589e-011
subset 1		54	9.71836e-012
subset 1		55	0
subset 1		56	4.37766e-012
subset 1		57	0
subset 1		58	0
subset 1		59	1.38167e-011
subset 1		60	0
subset 1		61	0
subset 1		62	0
subset 1		63	0
subset 1		64	1.35189e-011
subset 1		65	1.06174e-011
subset 1		66	0
subset 1		67	4.84092e-012
subset 1		68	0
subset 1		69	2.01928e-011
subset 1		4	70	0
subset 1		71	5.40359e-012
subset 1		72	0
subset 1		73	0
subset 1		74	1.95403e-011
subset 1		75	5.10185e-012
subset 1		76	0
subset 1		77	1.10033e-011
subset 1		78	0
subset 1		79	0
subset 1		80	8.49704e-012
subset 1		81	1.21457e-012
subset 1		82	1.37192e-011
subset 1		83	1.34837e-011
subset 1		84	0
subset 1		85	0
subset 1		86	0
subset 1		87	1.53165e-011
subset 1		88	1.11113e-011
subset 1		89	1.40456e-011
subset 1		5	90	0
subset 1		91	1.23703e-011
subset 1		92	0
subset 1		93	4.78926e-012
subset 1		94	4.90795e-013
subset 1		95	2.64986e-011
subset 1		96	2.02392e-011
subset 1		97	6.21569e-012
subset 1		98	1.44417e-011
subset 1		99	8.8243e-014
subset 1		100	5.99153e-012
subset 1		101	1.03194e-011
subset 1		102	2.05383e-011
subset 1		103	3.67504e-012
subset 1		104	9.64755e-012
subset 1		105	2.59202e-011
subset 1		106	0
subset 1		107	2.35351e-011
subset 1		108	2.02154e-011
subset 1		109	0
subset 1		6	110	3.16399e-012
subset 1		111	1.15697e-012
subset 1		112	1.25066e-011
subset 1		113	1.72739e-011
subset 1		114	1.68498e-011
subset 1		115	0
subset 1		116	8.45115e-012
subset 1		117	9.38188e-012
subset 1		118	5.25841e-012
subset 1		119	0
subset 1		120	0
subset 1		121	1.18435e-011
subset 1		122	2.33311e-011
subset 1		123	1.00842e-011
subset 1		124	0
subset 1		125	0
subset 1		126	0
subset 1		127	2.3006e-011
subset 1		128	7.77355e-012
subset 1		129	0
subset 1		7	130	0
subset 1		131	3.23622e-012
subset 1		132	0
subset 1		133	0
subset 1		134	0
subset 1		135	1.45183e-011
subset 1		136	2.04793e-011
subset 1		137	1.83457e-011
subset 1		138	4.74639e-014
subset 1		139	0
subset 1		140	4.25299e-012
subset 1		141	3.20093e-012
subset 1		142	0
subset 1		143	1.53264e-011
subset 1		144	1.5926e-011
subset 1		145	1.82785e-012
subset 1		146	1.18035e-011
subset 1		147	0
subset 1		148	0
subset 1		149	3.11403e-011
subset 1		8	150	0
subset 1		151	0
subset 1		152	0
subset 1		153	1.38829e-012
subset 1		154	5.6122e-012
subset 1		155	2.76651e-011
subset 1		156	8.85189e-012
subset 1		157	0
subset 1		158	2.26906e-011
subset 1		159	0
subset 1		160	0
subset 1		161	6.28357e-012
subset 1		162	0
subset 1		163	1.65985e-011
subset 1		164	1.96624e-011
subset 1		165	0
subset 1		166	0
subset 1		167	1.13303e-011
subset 1		168	0
subset 1		169	0
subset 1		9	170	1.28339e-011
subset 1		171	5.01985e-013
subset 1		172	0
subset 1		173	1.58113e-011
subset 1		174	1.48892e-011
subset 1		175	0
subset 1		176	3.42109e-011
subset 1		177	1.97937e-011
subset 1		178	0
subset 1		179	0
subset 1		180	0
subset 1		181	1.80727e-011
subset 1		182	0
subset 1		183	1.36389e-011
subset 1		184	0
subset 1		185	3.97411e-011
subset 1		186	2.36787e-012
subset 1		187	2.28443e-012
subset 1		188	6.8687e-012
subset 1		189	0
subset 1		10	190	1.09394e-011
subset 1		191	2.04076e-011
subset 1		192	5.67936e-012
subset 1		193	8.97071e-012
subset 1		194	2.79861e-011
subset 1		195	0
subset 1		196	0
subset 1		197	1.12139e-011
subset 1		198	0
subset 1		199	0
subset 1		200	1.28535e-011
subset 1		201	3.08245e-012
subset 1		202	0
subset 1		203	2.16053e-011
subset 1		204	0
subset 1		205	1.3822e-011
subset 1		206	2.39756e-011
subset 1		207	4.92394e-012
subset 1		208	0
subset 1		209	1.17105e-011
subset 1		11	210	2.78242e-011
subset 1		211	0
subset 1		212	2.22112e-012
subset 1		213	0
subset 1		214	2.38541e-012
subset 1		215	1.57433e-011
subset 1		216	4.87744e-012
subset 1		217	9.93912e-013
subset 1		218	7.43437e-012
subset 1		219	0
subset 1		220	0
subset 1		221	3.24212e-011
subset 1		222	9.98433e-011
subset 1		223	9.12845e-011
subset 1		224	1.32312e-010
subset 1		225	1.26588e-010
subset 1		226	1.41454e-010
subset 1		227	1.66453e-010
subset 1		228	1.53674e-010
subset 1		229	1.51973e-010
subset 1		12	230	1.54647e-010
subset 1		231	1.19867e-010
subset 1		232	1.19466e-010
subset 1		233	1.03607e-010
subset 1		234	5.7302e-011
subset 1		235	2.2056e-011
subset 1		236	1.50337e-011
subset 1		237	2.24844e-011
subset 1		238	0
subset 1		239	6.57432e-012
subset 1		240	1.43351e-011
subset 1		241	4.63744e-012
subset 1		242	2.65441e-011
subset 1		243	1.59398e-011
subset 1		244	2.30484e-011
subset 1		245	2.75214e-011
subset 1		246	3.87589e-011
subset 1		247	2.79059e-011
subset 1		248	4.46534e-011
subset 1		249	4.16601e-011
subset 1		13	250	3.60698e-011
subset 1		251	3.83782e-011
subset 1		252	1.88337e-011
subset 1		253	2.92541e-011
subset 1		254	3.9999e-011
subset 1		255	3.0897e-011
subset 1		256	1.36294e-011
subset 1		257	6.62113e-011
subset 1		258	7.64722e-011
subset 1		259	8.49663e-011
subset 1		260	1.92494e-010
subset 1		261	5.0014e-010
subset 1		262	9.60629e-010
subset 1		263	1.63004e-009
subset 1		264	2.08542e-009
subset 1		265	2.39438e-009
subset 1		266	2.67393e-009
subset 1		267	2.79214e-009
subset 1		268	2.77762e-009
subset 1		269	2.71177e-009
subset 1		14	270	2.50903e-009
subset 1		271	2.22369e-009
subset 1		272	2.16074e-009
subset 1		273	1.72743e-009
subset 1		274	1.12655e-009
subset 1		275	1.90604e-010
subset 1		276	6.08358e-011
subset 1		277	2.74047e-011
subset 1		278	2.79425e-011
subset 1		279	3.0074e-011
subset 1		280	0
subset 1		281	1.66344e-011
subset 1		282	3.39188e-011
subset 1		283	5.59935e-011
subset 1		284	1.05443e-010
subset 1		285	1.20162e-010
subset 1		286	1.07992e-010
subset 1		287	1.35969e-010
subset 1		288	1.19625e-010
subset 1		289	1.14519e-010
subset 1		15	290	1.30862e-010
subset 1		291	1.09243e-010
subset 1		292	7.20572e-011
subset 1		293	1.0772e-010
subset 1		294	5.63679e-011
subset 1		295	1.29125e-011
subset 1		296	4.16277e-011
subset 1		297	2.53081e-011
subset 1		298	2.36976e-011
subset 1		299	6.85457e-011
subset 1		300	8.22862e-011
subset 1		301	2.14896e-010
subset 1		302	5.53875e-010
subset 1		303	8.43481e-010
subset 1		304	1.02622e-009
subset 1		305	1.1724e-009
subset 1		306	1.26937e-009
subset 1		307	1.31158e-009
subset 1		308	1.32568e-009
subset 1		309	1.27557e-009
subset 1		16	310	1.17996e-009
subset 1		311	1.09735e-009
subset 1		312	9.64013e-010
subset 1		313	7.65209e-010
subset 1		314	4.77761e-010
subset 1		315	1.00605e-010
subset 1		316	4.25855e-011
subset 1		317	2.96082e-011
subset 1		318	2.65898e-011
subset 1		319	1.80933e-011
subset 1		320	6.66748e-011
subset 1		321	1.47057e-010
subset 1		322	4.14084e-010
subset 1		323	6.89905e-010
subset 1		324	8.50168e-010
subset 1		325	9.58929e-010
subset 1		326	1.0704e-009
subset 1		327	1.09602e-009
subset 1		328	1.07205e-009
subset 1		329	1.02513e-009
subset 1		17	330	9.99555e-010
subset 1		331	8.57366e-010
subset 1		332	7.37139e-010
subset 1		333	6.45944e-010
subset 1		334	4.14601e-010
subset 1		335	8.79049e-011
subset 1		336	2.85184e-011
subset 1		337	1.60108e-011
subset 1		338	6.65931e-011
subset 1		339	7.24243e-011
subset 1		340	1.50085e-010
subset 1		341	3.81945e-010
subset 1		342	1.00639e-009
subset 1		343	1.89661e-009
subset 1		344	2.46102e-009
subset 1		345	2.60474e-009
subset 1		346	2.81345e-009
subset 1		347	3.06739e-009
subset 1		348	3.01988e-009
subset 1		349	2.85042e-009
subset 1		18	350	2.84882e-009
subset 1		351	2.47397e-009
subset 1		352	2.04321e-009
subset 1		353	1.98667e-009
subset 1		354	1.21315e-009
subset 1		355	2.49099e-010
subset 1		356	4.24143e-011
subset 1		357	1.433e-011
subset 1		358	0
subset 1		359	0
subset 1		360	1.21146e-011
subset 1		361	0
subset 1		362	2.12512e-011
subset 1		363	1.65263e-011
subset 1		364	0
subset 1		365	4.55594e-011
subset 1		366	8.06073e-012
subset 1		367	2.17951e-011
subset 1		368	9.49476e-012
subset 1		369	1.54733e-011
subset 1		19	370	1.73073e-011
subset 1		371	1.94006e-011
subset 1		372	2.25517e-012
subset 1		373	2.85158e-012
subset 1		374	7.78198e-013
subset 1		375	7.91131e-012
subset 1		376	0
subset 1		377	2.08532e-011
subset 1		378	2.81531e-012
subset 1		379	0
subset 1		380	2.01239e-011
subset 1		381	0
subset 1		382	0
subset 1		383	2.99677e-011
subset 1		384	2.78461e-011
subset 1		385	3.21245e-011
subset 1		386	5.66502e-011
subset 1		387	1.06738e-011
subset 1		388	1.59133e-011
subset 1		389	3.15197e-011
subset 1		20	390	2.86516e-011
subset 1		391	2.00473e-011
subset 1		392	4.04841e-011
subset 1		393	3.33116e-011
subset 1		394	0
subset 1		395	1.0703e-011
subset 1		396	0
subset 1		397	0
subset 1		398	1.27658e-011
subset 1		399	0
subset 1		400	0
subset 1		401	0
subset 1		402	0
subset 1		403	0
subset 1		404	1.17176e-011
subset 1		405	0
subset 1		406	8.12192e-012
subset 1		407	0
subset 1		408	0
subset 1		409	0
subset 1		21	410	0
subset 1		411	2.10272e-011
subset 1		412	7.88305e-012
subset 1		413	2.6896e-011
subset 1		414	1.39125e-011
subset 1		415	0
subset 1		416	0
subset 1		417	1.35717e-011
subset 1		418	0
subset 1		419	1.7347e-011
subset 1		420	2.76107e-011
subset 1		421	0
subset 1		422	0
subset 1		423	1.85737e-011
subset 1		424	8.13738e-012
subset 1		425	0
subset 1		426	3.28905e-012
subset 1		427	0
subset 1		428	1.18823e-012
subset 1		429	9.98003e-012
subset 1		22	430	0
subset 1		431	2.8134e-011
subset 1		432	0
subset 1		433	0
subset 1		434	3.22286e-011
subset 1		435	5.44139e-012
subset 1		436	0
subset 1		437	2.50273e-011
subset 1		438	9.31371e-012
subset 1		439	0
subset 1		440	1.9298e-012
subset 1		441	2.86924e-011
subset 1		442	0
subset 1		443	0
subset 1		444	4.53884e-012
subset 1		445	0
subset 1		446	1.79347e-011
subset 1		447	0
subset 1		448	8.16839e-013
subset 1		449	0
subset 1		23	450	1.40097e-011
subset 1		451	0
subset 1		452	3.45334e-011
subset 1		453	6.8603e-012
subset 1		454	8.96679e-012
subset 1		455	0
subset 1		456	0
subset 1		457	1.6622e-012
subset 1		458	0
subset 1		459	4.10744e-012
subset 1		460	1.42113e-012
subset 1		461	6.06429e-012
subset 1		462	2.41913e-012
subset 1		463	9.21597e-012
subset 1		464	2.52066e-011
subset 1		465	0
subset 1		466	5.10828e-012
subset 1		467	1.78639e-011
subset 1		468	0
subset 1		469	0
subset 1		24	470	2.07658e-011
subset 1		471	0
subset 1		472	0
subset 1		473	2.13451e-011
subset 1		474	6.73777e-013
subset 1		475	0
subset 1		476	3.30813e-011
subset 1		477	0
subset 1		478	0
subset 1		479	1.67087e-011
subset 1		480	1.15473e-011
subset 1		481	3.44975e-012
subset 1		482	4.13917e-011
subset 1		483	1.88937e-011
subset 1		484	2.22974e-011
subset 1		485	3.88575e-011
subset 1		486	0
subset 1		487	1.29199e-011
subset 1		488	5.05777e-011
subset 1		489	2.34102e-011
subset 1		25	490	2.95123e-011
subset 1		491	3.47613e-011
subset 1		492	1.13195e-011
subset 1		493	1.28002e-011
subset 1		494	2.20876e-011
subset 1		495	1.13393e-011
subset 1		496	8.71598e-012
subset 1		497	1.02059e-011
subset 1		498	1.63988e-012
subset 1		499	9.56325e-012
subset 1		500	2.2626e-011
subset 1		501	2.67315e-011
subset 1		502	3.59116e-011
subset 1		503	5.65618e-011
subset 1		504	7.00059e-011
subset 1		505	1.0339e-010
subset 1		506	1.19157e-010
subset 1		507	1.14616e-010
subset 1		508	9.31354e-011
subset 1		509	1.06397e-010
subset 1		26	510	1.20012e-010
subset 1		511	9.43199e-011
subset 1		512	8.9706e-011
subset 1		513	5.73806e-011
subset 1		514	7.42645e-011
subset 1		515	3.32525e-011
subset 1		516	1.45797e-011
subset 1		517	0
subset 1		518	3.60221e-011
subset 1		519	2.21389e-011
subset 1		520	1.47712e-011
subset 1		521	3.94785e-011
subset 1		522	5.97651e-011
subset 1		523	7.2648e-011
subset 1		524	1.08662e-010
subset 1		525	1.04944e-010
subset 1		526	1.0868e-010
subset 1		527	1.57066e-010
subset 1		528	1.27721e-010
subset 1		529	1.36018e-010
subset 1		27	530	1.90492e-010
subset 1		531	1.46006e-010
subset 1		532	1.58695e-010
subset 1		533	1.72188e-010
subset 1		534	1.28797e-010
subset 1		535	1.29344e-010
subset 1		536	1.56609e-010
subset 1		537	2.14049e-010
subset 1		538	3.2327e-010
subset 1		539	4.95731e-010
subset 1		540	7.65059e-010
subset 1		541	1.50822e-009
subset 1		542	3.75543e-009
subset 1		543	6.37665e-009
subset 1		544	8.61111e-009
subset 1		545	9.9415e-009
subset 1		546	1.07675e-008
subset 1		547	1.18288e-008
subset 1		548	1.21002e-008
subset 1		549	1.12601e-008
subset 1		28	550	1.12833e-008
subset 1		551	1.05054e-008
subset 1		552	8.4199e-009
subset 1		553	8.55399e-009
subset 1		554	5.70869e-009
subset 1		555	1.34492e-009
subset 1		556	9.99504e-011
subset 1		557	3.25035e-011
subset 1		558	3.13487e-011
subset 1		559	1.52855e-011
subset 1		560	4.63884e-011
subset 1		561	2.5461e-011
subset 1		562	6.21558e-011
subset 1		563	1.13498e-010
subset 1		564	1.33893e-010
subset 1		565	1.3566e-010
subset 1		566	1.8289e-010
subset 1		567	1.80498e-010
subset 1		568	1.83503e-010
subset 1		569	1.8479e-010
subset 1		29	570	1.7779e-010
subset 1		571	1.34153e-010
subset 1		572	1.40275e-010
subset 1		573	1.29814e-010
subset 1		574	7.3507e-011
subset 1		575	1.51291e-011
subset 1		576	9.35648e-012
subset 1		577	7.01017e-012
subset 1		578	3.01918e-011
subset 1		579	2.4962e-011
subset 1		580	3.24293e-011
subset 1		581	7.5241e-011
subset 1		582	1.80311e-010
subset 1		583	2.78015e-010
subset 1		584	3.79569e-010
subset 1		585	4.20127e-010
subset 1		586	4.42285e-010
subset 1		587	5.00578e-010
subset 1		588	4.8291e-010
subset 1		589	4.7198e-010
subset 1		30	590	4.66818e-010
subset 1		591	4.59073e-010
subset 1		592	3.69986e-010
subset 1		593	3.7433e-010
subset 1		594	2.40314e-010
subset 1		595	3.70422e-011
subset 1		596	8.50448e-012
subset 1		597	5.19837e-012
subset 1		598	0
subset 1		599	3.39159e-011
subset 1		600	1.13508e-011
subset 1		601	4.60494e-013
subset 1		602	5.8052e-012
subset 1		603	5.49001e-011
subset 1		604	4.26e-011
subset 1		605	7.49529e-011
subset 1		606	6.34894e-011
subset 1		607	5.5704e-011
subset 1		608	9.30863e-011
subset 1		609	5.48899e-011
subset 1		31	610	7.04061e-011
subset 1		611	7.21933e-011
subset 1		612	5.11876e-011
subset 1		613	6.98617e-011
subset 1		614	7.32645e-011
subset 1		615	4.46602e-011
subset 1		616	2.08965e-011
subset 1		617	5.59611e-011
subset 1		618	8.43411e-011
subset 1		619	8.71624e-011
subset 1		620	1.84296e-010
subset 1		621	3.84135e-010
subset 1		622	8.22564e-010
subset 1		623	1.08634e-009
subset 1		624	1.45645e-009
subset 1		625	1.63784e-009
subset 1		626	1.78616e-009
subset 1		627	1.97623e-009
subset 1		628	1.96636e-009
subset 1		629	1.89468e-009
subset 1		32	630	1.92473e-009
subset 1		631	1.69859e-009
subset 1		632	1.40494e-009
subset 1		633	1.37482e-009
subset 1		634	9.03266e-010
subset 1		635	1.1396e-010
subset 1		636	0
subset 1		637	1.20309e-011
subset 1		638	2.12275e-011
subset 1		639	4.69769e-012
subset 1		640	0
subset 1		641	2.31002e-011
subset 1		642	2.23522e-011
subset 1		643	1.11068e-011
subset 1		644	1.54332e-011
subset 1		645	0
subset 1		646	9.69958e-012
subset 1		647	1.72231e-011
subset 1		648	1.14144e-011
subset 1		649	1.23006e-011
subset 1		33	650	0
subset 1		651	2.14215e-011
subset 1		652	0
subset 1		653	2.96958e-013
subset 1		654	3.11918e-012
subset 1		655	0
subset 1		656	2.70156e-011
subset 1		657	0
subset 1		658	0
subset 1		659	1.03854e-011
subset 1		660	2.41375e-011
subset 1		661	0
subset 1		662	2.29704e-011
subset 1		663	6.5564e-012
subset 1		664	0
subset 1		665	2.24848e-011
subset 1		666	1.08297e-011
subset 1		667	0
subset 1		668	2.13443e-011
subset 1		669	1.61252e-011
subset 1		34	670	0
subset 1		671	0
subset 1		672	5.81266e-012
subset 1		673	0
subset 1		674	1.33405e-011
subset 1		675	2.13466e-011
subset 1		676	0
subset 1		677	6.46055e-012
subset 1		678	0
subset 1		679	1.03655e-011
subset 1		680	1.50007e-011
subset 1		681	0
subset 1		682	4.22841e-012
subset 1		683	0
subset 1		684	2.22484e-011
subset 1		685	0
subset 1		686	1.61239e-011
subset 1		687	0
subset 1		688	0
subset 1		689	0
subset 1		35	690	6.25251e-012
subset 1		691	2.53612e-012
subset 1		692	1.82593e-011
subset 1		693	4.17898e-012
subset 1		694	0
subset 1		695	1.55944e-011
subset 1		696	0
subset 1		697	0
subset 1		698	0
subset 1		699	0
subset 1		700	2.34762e-011
subset 1		701	0
subset 1		702	0
subset 1		703	2.06798e-011
subset 1		704	2.93793e-011
subset 1		705	0
subset 1		706	0
subset 1		707	1.10375e-011
subset 1		708	1.49543e-011
subset 1		709	0
subset 1		36	710	0
subset 1		711	3.56233e-011
subset 1		712	8.32122e-012
subset 1		713	2.24605e-011
subset 1		714	8.1242e-012
subset 1		715	3.10894e-012
subset 1		716	1.13539e-011
subset 1		717	0
subset 1		718	0
subset 1		719	0
subset 1		720	0
subset 1		721	0
subset 1		722	1.45131e-011
subset 1		723	1.34846e-012
subset 1		724	1.10368e-011
subset 1		725	2.70735e-011
subset 1		726	1.65273e-011
subset 1		727	3.68814e-014
subset 1		728	7.82056e-012
subset 1		729	3.80954e-012
subset 1		37	730	4.38262e-012
subset 1		731	3.26576e-011
subset 1		732	0
subset 1		733	0
subset 1		734	0
subset 1		735	1.06281e-011
subset 1		736	0
subset 1		737	3.51404e-012
subset 1		738	0
subset 1		739	0
subset 1		740	2.49962e-011
subset 1		741	7.58412e-012
subset 1		742	0
subset 1		743	0
subset 1		744	2.54946e-011
subset 1		745	3.60893e-013
subset 1		746	1.44175e-011
subset 1		747	2.38431e-011
subset 1		748	2.9086e-012
subset 1		749	2.48941e-011
subset 1		38	750	0
subset 1		751	0
subset 1		752	1.73879e-011
subset 1		753	0
subset 1		754	0
subset 1		755	1.32113e-011
subset 1		756	1.16224e-011
subset 1		757	1.43262e-011
subset 1		758	1.27221e-011
subset 1		759	0
subset 1		760	0
subset 1		761	3.09982e-011
subset 1		762	1.16517e-011
subset 1		763	7.64392e-012
subset 1		764	3.50265e-011
subset 1		765	3.53634e-011
subset 1		766	2.59038e-011
subset 1		767	4.42864e-011
subset 1		768	1.81904e-011
subset 1		769	2.32913e-011
subset 1		39	770	4.08195e-011
subset 1		771	2.93967e-011
subset 1		772	1.67115e-011
subset 1		773	2.3892e-011
subset 1		774	3.67163e-011
subset 1		775	0
subset 1		776	5.73336e-012
subset 1		777	1.02325e-013
subset 1		778	0
subset 1		779	2.64371e-011
subset 1		780	2.44702e-011
subset 1		781	4.9773e-011
subset 1		782	1.12508e-010
subset 1		783	1.47493e-010
subset 1		784	1.73719e-010
subset 1		785	2.04364e-010
subset 1		786	2.01463e-010
subset 1		787	2.451e-010
subset 1		788	2.56237e-010
subset 1		789	2.32544e-010
subset 1		40	790	2.39997e-010
subset 1		791	2.1716e-010
subset 1		792	1.77665e-010
subset 1		793	1.41489e-010
subset 1		794	9.20963e-011
subset 1		795	2.21305e-011
subset 1		796	0
subset 1		797	1.29582e-012
subset 1		798	0
subset 1		799	0
subset 1		800	1.30582e-011
subset 1		801	0
subset 1		802	1.3802e-012
subset 1		803	1.45741e-011
subset 1		804	2.06004e-011
subset 1		805	2.7936e-011
subset 1		806	6.47854e-011
subset 1		807	2.41598e-011
subset 1		808	4.45354e-011
subset 1		809	6.63193e-011
subset 1		41	810	3.45709e-011
subset 1		811	3.06026e-011
subset 1		812	2.88465e-011
subset 1		813	2.87688e-011
subset 1		814	2.58215e-011
subset 1		815	3.8732e-011
subset 1		816	0
subset 1		817	0
subset 1		818	3.13881e-011
subset 1		819	3.37559e-012
subset 1		820	0
subset 1		821	1.48902e-012
subset 1		822	0
subset 1		823	3.34022e-012
subset 1		824	6.5777e-011
subset 1		825	2.98116e-011
subset 1		826	1.67739e-011
subset 1		827	3.71151e-011
subset 1		828	3.19056e-011
subset 1		829	2.77163e-011
subset 1		42	830	2.68786e-011
subset 1		831	2.60342e-011
subset 1		832	6.09514e-012
subset 1		833	4.713e-011
subset 1		834	1.91928e-011
subset 1		835	1.5236e-011
subset 1		836	4.64358e-012
subset 1		837	0
subset 1		838	0
subset 1		839	1.09078e-011
subset 1		840	5.24236e-012
subset 1		841	0
subset 1		842	0
subset 1		843	3.0809e-011
subset 1		844	3.00553e-011
subset 1		845	5.73755e-011
subset 1		846	3.42641e-011
subset 1		847	4.4357e-011
subset 1		848	5.44665e-011
subset 1		849	4.64654e-011
subset 1		43	850	5.16528e-011
subset 1		851	4.87263e-011
subset 1		852	5.17752e-011
subset 1		853	3.10321e-011
subset 1		854	6.75174e-011
subset 1		855	3.32444e-011
subset 1		856	0
subset 1		857	2.38943e-011
subset 1		858	1.59563e-011
subset 1		859	1.90438e-011
subset 1		860	5.09606e-011
subset 1		861	5.6274e-011
subset 1		862	1.00961e-010
subset 1		863	1.902e-010
subset 1		864	2.44638e-010
subset 1		865	2.53128e-010
subset 1		866	3.03798e-010
subset 1		867	3.01415e-010
subset 1		868	3.10176e-010
subset 1		869	3.03237e-010
subset 1		44	870	2.94178e-010
subset 1		871	3.05482e-010
subset 1		872	2.37681e-010
subset 1		873	2.52513e-010
subset 1		874	1.51653e-010
subset 1		875	7.54721e-011
subset 1		876	2.22683e-011
subset 1		877	2.11598e-011
subset 1		878	4.29782e-011
subset 1		879	0
subset 1		880	0
subset 1		881	2.45915e-011
subset 1		882	8.60829e-012
subset 1		883	0
subset 1		884	1.82237e-011
subset 1		885	2.02883e-011
subset 1		886	2.03552e-011
subset 1		887	1.80464e-011
subset 1		888	2.23924e-011
subset 1		889	9.27876e-012
subset 1		45	890	4.1068e-011
subset 1		891	2.95648e-011
subset 1		892	6.97071e-012
subset 1		893	2.16841e-011
subset 1		894	8.79802e-012
subset 1		895	8.18443e-012
subset 1		896	3.39232e-011
subset 1		897	2.19132e-011
subset 1		898	7.60467e-012
subset 1		899	1.82012e-012
subset 1		900	0
subset 1		901	3.78596e-012
subset 1		902	0
subset 1		903	5.84937e-012
subset 1		904	0
subset 1		905	1.36557e-011
subset 1		906	5.32385e-012
subset 1		907	1.3465e-011
subset 1		908	2.581e-011
subset 1		909	0
subset 1		46	910	0
subset 1		911	1.13344e-011
subset 1		912	0
subset 1		913	9.55855e-012
subset 1		914	0
subset 1		915	0
subset 1		916	2.50159e-012
subset 1		917	6.90659e-012
subset 1		918	8.73327e-012
subset 1		919	0
subset 1		920	0
subset 1		921	0
subset 1		922	0
subset 1		923	1.60813e-011
subset 1		924	0
subset 1		925	0
subset 1		926	0
subset 1		927	0
subset 1		928	5.18536e-012
subset 1		929	0
subset 1		47	930	0
subset 1		931	0
subset 1		932	2.20239e-012
subset 1		933	1.45369e-011
subset 1		934	0
subset 1		935	6.23985e-012
subset 1		936	0
subset 1		937	0
subset 1		938	7.51941e-013
subset 1		939	0
subset 1		940	0
subset 1		941	0
subset 1		942	0
subset 1		943	0
subset 1		944	2.31358e-012
subset 1		945	2.00609e-011
subset 1		946	0
subset 1		947	1.71704e-011
subset 1		948	7.04831e-012
subset 1		949	8.65523e-012
subset 1		48	950	3.02683e-012
subset 1		951	6.28964e-012
subset 1		952	0
subset 1		953	0
subset 1		954	0
subset 1		955	0
subset 1		956	1.62232e-012
subset 1		957	0
subset 1		958	0
subset 1		959	0
subset 1		960	2.85318e-012
subset 1		961	0
subset 1		962	0
subset 1		963	0
subset 1		964	0
subset 1		965	1.07132e-011
subset 1		966	7.35017e-012
subset 1		967	0
subset 1		968	7.60296e-012
subset 1		969	1.51309e-011
subset 1		49	970	0
subset 1		971	0
subset 1		972	9.87709e-013
subset 1		973	0
subset 1		974	1.51126e-012
subset 1		975	1.10189e-011
subset 1		976	0
subset 1		977	1.19203e-011
subset 1		978	0
subset 1		979	0
subset 1		980	1.14833e-011
subset 1		981	0
subset 1		982	0
subset 1		983	1.34151e-011
subset 1		984	1.04637e-011
subset 1		985	1.43645e-011
subset 1		986	1.60769e-011
subset 1		987	2.0706e-012
subset 1		988	0
subset 1		989	2.04498e-011
subset 1		50	990	0
subset 1		991	0
subset 1		992	8.40798e-012
subset 1		993	0
subset 1		994	0
subset 1		995	1.23215e-011
subset 1		996	4.99659e-012
subset 1		997	1.42442e-011
subset 1		998	0
subset 1		999	1.11846e-011
subset 1		1000	0
subset 1		1001	7.66293e-012
subset 1		1002	3.08209e-012
subset 1		1003	0
subset 1		1004	1.69749e-011
subset 1		1005	3.07197e-012
subset 1		1006	2.83469e-012
subset 1		1007	1.27346e-011
subset 1		1008	4.14069e-012
subset 1		1009	0
subset 1		51	1010	0
subset 1		1011	1.94489e-011
subset 1		1012	8.46799e-012
subset 1		1013	0
subset 1		1014	0
subset 1		1015	9.96175e-013
subset 1		1016	4.26932e-012
subset 1		1017	1.1974e-011
subset 1		1018	0
subset 1		1019	4.05325e-012
subset 1		1020	3.38083e-012
subset 1		1021	0
subset 1		1022	1.46343e-011
subset 1		1023	4.75827e-012
subset 1		1024	1.31536e-011
subset 1		1025	1.59345e-011
subset 1		1026	0
subset 1		1027	0
subset 1		1028	1.79533e-011
subset 1		1029	0
subset 1		52	1030	0
subset 1		1031	1.88527e-011
subset 1		1032	4.13382e-012
subset 1		1033	0
subset 1		1034	0
subset 1		1035	0
subset 1		1036	1.55253e-011
subset 1		1037	0
subset 1		1038	1.45445e-011
subset 1		1039	0
subset 1		1040	1.45023e-011
subset 1		1041	0
subset 1		1042	0
subset 1		1043	1.68649e-011
subset 1		1044	0
subset 1		1045	0
subset 1		1046	0
subset 1		1047	1.071e-011
subset 1		1048	0
subset 1		1049	2.06981e-011
subset 1		53	1050	9.91362e-012
subset 1		1051	0
subset 1		1052	0
subset 1		1053	9.34365e-012
subset 1		1054	0
subset 1		1055	0
subset 1		1056	6.38868e-012
subset 1		1057	0
subset 1		1058	3.25954e-011
subset 1		1059	0
subset 1		1060	0
subset 1		1061	2.73826e-012
subset 1		1062	1.52786e-011
subset 1		1063	0
subset 1		1064	0
subset 1		1065	0
subset 1		1066	0
subset 1		1067	0
subset 1		1068	0
subset 1		1069	0
subset 1		54	1070	1.14999e-011
subset 1		1071	0
subset 1		1072	0
subset 1		1073	1.7255e-011
subset 1		1074	0
subset 1		1075	1.31407e-012
subset 1		1076	3.55651e-011
subset 1		1077	0
subset 1		1078	0
subset 1		1079	7.55692e-013
subset 1		1080	1.04243e-011
subset 1		1081	0
subset 1		1082	1.15968e-011
subset 1		1083	0
subset 1		1084	0
subset 1		1085	8.8911e-012
subset 1		1086	2.54371e-011
subset 1		1087	0
subset 1		1088	1.3911e-011
subset 1		1089	0
subset 1		55	1090	2.65996e-011
subset 1		1091	3.73845e-011
subset 1		1092	1.16135e-012
subset 1		1093	0
subset 1		1094	0
subset 1		1095	8.07493e-013
subset 1		1096	0
subset 1		1097	2.1194e-011
subset 1		1098	0
subset 1		1099	0
subset 1		1100	1.13781e-011
subset 1		1101	0
subset 1		1102	0
subset 1		1103	5.0459e-012
subset 1		1104	2.33289e-011
subset 1		1105	0
subset 1		1106	0
subset 1		1107	1.11775e-011
subset 1		1108	1.9247e-011
subset 1		1109	1.45336e-011
subset 1		56	1110	2.9932e-012
subset 1		1111	0
subset 1		1112	0
subset 1		1113	0
subset 1		1114	0
subset 1		1115	4.26408e-011
subset 1		1116	5.66968e-013
subset 1		1117	0
subset 1		1118	0
subset 1		1119	0
subset 1		1120	0
subset 1		1121	3.08331e-011
subset 1		1122	0
subset 1		1123	0
subset 1		1124	2.89993e-012
subset 1		1125	5.04186e-013
subset 1		1126	0
subset 1		1127	5.24806e-012
subset 1		1128	0
subset 1		1129	0
subset 1		57	1130	5.9303e-012
subset 1		1131	0
subset 1		1132	0
subset 1		1133	3.77324e-012
subset 1		1134	0
subset 1		1135	1.30321e-012
subset 1		1136	1.20162e-011
subset 1		1137	0
subset 1		1138	0
subset 1		1139	7.88131e-013
subset 1		1140	0
subset 1		1141	1.47701e-011
subset 1		1142	3.16985e-012
subset 1		1143	0
subset 1		1144	0
subset 1		1145	0
subset 1		1146	4.62499e-012
subset 1		1147	0
subset 1		1148	6.51336e-012
subset 1		1149	1.46626e-011
subset 1		58	1150	0
subset 1		1151	1.02909e-011
subset 1		1152	0
subset 1		1153	0
subset 1		1154	2.13317e-011
subset 1		1155	0
subset 1		1156	0
subset 1		1157	0
subset 1		1158	0
subset 1		1159	5.31826e-012
subset 1		1160	6.04893e-012
subset 1		1161	0
subset 1		1162	2.65529e-012
subset 1		1163	0
subset 1		1164	1.93231e-011
subset 1		1165	0
subset 1		1166	2.13085e-011
subset 1		1167	0
subset 1		1168	5.44694e-012
subset 1		1169	1.51568e-011
subset 1		59	1170	0
subset 1		1171	0
subset 1		1172	0
subset 1		1173	0
subset 1		1174	0
subset 1		1175	0
subset 1		1176	9.18508e-012
subset 1		1177	0
subset 1		1178	6.39624e-012
subset 1		1179	0
subset 1		1180	0
subset 1		1181	3.02545e-011
subset 1		1182	1.34551e-011
subset 1		1183	0
subset 1		1184	7.05118e-012
subset 1		1185	0
subset 1		1186	0
subset 1		1187	1.16682e-011
subset 1		1188	0
subset 1		1189	0
subset 1		60	1190	1.25985e-011
subset 1		1191	0
subset 1		1192	0
subset 1		1193	6.2817e-012
subset 1		1194	9.72592e-012
subset 1		1195	0
subset 1		1196	0
subset 1		1197	0
subset 1		1198	0
subset 1		1199	0
subset 1		1200	0
subset 1		1201	0
subset 1		1202	4.30955e-012
subset 1		1203	0
subset 1		1204	0
subset 1		1205	2.20251e-011
subset 1		1206	2.53495e-011
subset 1		1207	0
subset 1		1208	1.16681e-011
subset 1		1209	6.61055e-012
subset 1		61	1210	0
subset 1		1211	1.87908e-011
subset 1		1212	0
subset 1		1213	4.55265e-012
subset 1		1214	1.75385e-011
subset 1		1215	3.51323e-012
subset 1		1216	0
subset 1		1217	1.42999e-011
subset 1		1218	0
subset 1		1219	1.14633e-011
subset 1		1220	3.09192e-011
subset 1		1221	7.71593e-012
subset 1		1222	1.61826e-011
subset 1		1223	3.17444e-011
subset 1		1224	5.43615e-011
subset 1		1225	4.62001e-011
subset 1		1226	8.40239e-011
subset 1		1227	7.4348e-011
subset 1		1228	5.57239e-011
subset 1		1229	7.1096e-011
subset 1		62	1230	7.0601e-011
subset 1		1231	5.9856e-011
subset 1		1232	5.09429e-011
subset 1		1233	8.26181e-011
subset 1		1234	5.24221e-011
subset 1		1235	3.75789e-011
subset 1		1236	3.87802e-011
subset 1		1237	8.93519e-012
subset 1		1238	2.80806e-011
subset 1		1239	3.83553e-011
subset 1		1240	4.87895e-011
subset 1		1241	4.94164e-011
subset 1		1242	4.94428e-011
subset 1		1243	7.36427e-011
subset 1		1244	1.02677e-010
subset 1		1245	8.22353e-011
subset 1		1246	1.03642e-010
subset 1		1247	1.20796e-010
subset 1		1248	1.12482e-010
subset 1		1249	1.04432e-010
subset 1		63	1250	1.3837e-010
subset 1		1251	1.27724e-010
subset 1		1252	1.35405e-010
subset 1		1253	1.89813e-010
subset 1		1254	1.59416e-010
subset 1		1255	1.54129e-010
subset 1		1256	1.82306e-010
subset 1		1257	1.90632e-010
subset 1		1258	2.12287e-010
subset 1		1259	2.89766e-010
subset 1		1260	3.52373e-010
subset 1		1261	4.89643e-010
subset 1		1262	7.50725e-010
subset 1		1263	9.465e-010
subset 1		1264	1.14047e-009
subset 1		1265	1.23759e-009
subset 1		1266	1.38174e-009
subset 1		1267	1.63363e-009
subset 1		1268	1.85295e-009
subset 1		1269	1.96642e-009
subset 1		64	1270	2.56602e-009
subset 1		1271	4.59344e-009
subset 1		1272	6.72217e-009
subset 1		1273	8.63055e-009
subset 1		1274	1.10598e-008
subset 1		1275	1.12454e-008
subset 1		1276	1.18384e-008
subset 1		1277	1.36442e-008
subset 1		1278	1.43576e-008
subset 1		1279	1.30639e-008
subset 1		1280	1.417e-008
subset 1		1281	1.4694e-008
subset 1		1282	1.166e-008
subset 1		1283	1.3602e-008
subset 1		1284	1.00791e-008
subset 1		1285	3.53041e-009
subset 1		1286	2.53777e-009
subset 1		1287	2.69375e-009
subset 1		1288	2.93014e-009
subset 1		1289	2.9118e-009
subset 1		65	1290	3.55958e-009
subset 1		1291	4.66724e-009
subset 1		1292	6.16415e-009
subset 1		1293	8.47314e-009
subset 1		1294	9.81213e-009
subset 1		1295	9.46176e-009
subset 1		1296	9.95441e-009
subset 1		1297	1.14158e-008
subset 1		1298	1.21224e-008
subset 1		1299	1.13533e-008
subset 1		1300	1.18384e-008
subset 1		1301	1.44107e-008
subset 1		1302	1.40372e-008
subset 1		1303	1.78461e-008
subset 1		1304	1.70395e-008
subset 1		1305	1.25609e-008
subset 1		1306	1.20442e-008
subset 1		1307	1.39307e-008
subset 1		1308	1.4453e-008
subset 1		1309	1.31809e-008
subset 1		66	1310	1.36302e-008
subset 1		1311	1.48048e-008
subset 1		1312	1.09035e-008
subset 1		1313	1.24134e-008
subset 1		1314	8.32529e-009
subset 1		1315	1.78341e-009
subset 1		1316	5.04759e-010
subset 1		1317	2.46982e-010
subset 1		1318	3.19259e-010
subset 1		1319	3.83661e-010
subset 1		1320	5.24342e-010
subset 1		1321	1.19147e-009
subset 1		1322	2.19073e-009
subset 1		1323	3.24142e-009
subset 1		1324	4.18719e-009
subset 1		1325	4.42838e-009
subset 1		1326	4.64198e-009
subset 1		1327	5.36676e-009
subset 1		1328	5.60733e-009
subset 1		1329	5.11284e-009
subset 1		67	1330	5.33336e-009
subset 1		1331	5.85096e-009
subset 1		1332	4.37037e-009
subset 1		1333	4.97916e-009
subset 1		1334	3.29789e-009
subset 1		1335	7.63123e-010
subset 1		1336	2.62847e-010
subset 1		1337	1.89882e-010
subset 1		1338	2.50741e-010
subset 1		1339	2.91987e-010
subset 1		1340	4.29071e-010
subset 1		1341	1.01724e-009
subset 1		1342	1.84137e-009
subset 1		1343	2.71898e-009
subset 1		1344	3.59359e-009
subset 1		1345	3.74677e-009
subset 1		1346	3.91653e-009
subset 1		1347	4.37228e-009
subset 1		1348	4.71002e-009
subset 1		1349	4.34916e-009
subset 1		68	1350	4.50094e-009
subset 1		1351	4.9187e-009
subset 1		1352	3.63952e-009
subset 1		1353	4.17002e-009
subset 1		1354	2.82778e-009
subset 1		1355	5.92287e-010
subset 1		1356	1.36451e-010
subset 1		1357	0
subset 1		1358	1.24126e-011
subset 1		1359	0
subset 1		1360	0
subset 1		1361	1.19311e-011
subset 1		1362	0
subset 1		1363	0
subset 1		1364	1.10536e-011
subset 1		1365	9.16239e-012
subset 1		1366	0
subset 1		1367	0
subset 1		1368	0
subset 1		1369	0
subset 1		69	1370	1.59101e-011
subset 1		1371	7.12591e-012
subset 1		1372	0
subset 1		1373	0
subset 1		1374	1.15922e-011
subset 1		1375	0
subset 1		1376	0
subset 1		1377	6.04254e-012
subset 1		1378	0
subset 1		1379	0
subset 1		1380	0
subset 1		1381	0
subset 1		1382	1.15106e-011
subset 1		1383	0
subset 1		1384	0
subset 1		1385	0
subset 1		1386	0
subset 1		1387	0
subset 1		1388	8.16236e-012
subset 1		1389	6.37072e-012
subset 1		70	1390	0
subset 1		1391	0
subset 1		1392	1.52584e-012
subset 1		1393	9.00464e-012
subset 1		1394	2.77273e-011
subset 1		1395	0
subset 1		1396	0
subset 1		1397	1.57848e-011
subset 1		1398	0
subset 1		1399	0
subset 1		1400	1.32432e-011
subset 1		1401	4.54773e-013
subset 1		1402	0
subset 1		1403	0
subset 1		1404	1.40699e-011
subset 1		1405	3.77238e-013
subset 1		1406	8.00406e-012
subset 1		1407	0
subset 1		1408	0
subset 1		1409	0
subset 1		71	1410	0
subset 1		1411	0
subset 1		1412	0
subset 1		1413	0
subset 1		1414	0
subset 1		1415	3.11044e-011
subset 1		1416	0
subset 1		1417	0
subset 1		1418	3.56884e-012
subset 1		1419	0
subset 1		1420	0
subset 1		1421	1.31311e-011
subset 1		1422	0
subset 1		1423	0
subset 1		1424	0
subset 1		1425	3.23136e-012
subset 1		1426	0
subset 1		1427	3.00529e-011
subset 1		1428	0
subset 1		1429	1.90775e-012
subset 1		72	1430	7.24248e-012
subset 1		1431	0
subset 1		1432	0
subset 1		1433	0
subset 1		1434	8.22391e-012
subset 1		1435	0
subset 1		1436	0
subset 1		1437	7.29598e-012
subset 1		1438	0
subset 1		1439	1.10478e-011
subset 1		1440	0
subset 1		1441	0
subset 1		1442	2.52205e-011
subset 1		1443	1.14936e-011
subset 1		1444	6.47499e-013
subset 1		1445	3.67892e-013
subset 1		1446	9.08393e-012
subset 1		1447	0
subset 1		1448	1.33518e-011
subset 1		1449	0
subset 1		73	1450	1.12226e-012
subset 1		1451	3.13452e-012
subset 1		1452	0
subset 1		1453	0
subset 1		1454	5.60616e-012
subset 1		1455	6.23298e-012
subset 1		1456	0
subset 1		1457	9.76683e-012
subset 1		1458	4.39874e-012
subset 1		1459	0
subset 1		1460	2.47038e-011
subset 1		1461	3.99654e-012
subset 1		1462	0
subset 1		1463	1.18351e-011
subset 1		1464	0
subset 1		1465	0
subset 1		1466	1.05904e-011
subset 1		1467	1.33385e-012
subset 1		1468	0
subset 1		1469	0
subset 1		74	1470	4.49807e-012
subset 1		1471	0
subset 1		1472	1.38866e-011
subset 1		1473	0
subset 1		1474	0
subset 1		1475	3.91163e-012
subset 1		1476	0
subset 1		1477	0
subset 1		1478	2.35456e-012
subset 1		1479	1.18889e-011
subset 1		1480	0
subset 1		1481	5.98694e-013
subset 1		1482	3.10481e-012
subset 1		1483	0
subset 1		1484	0
subset 1		1485	0
subset 1		1486	0
subset 1		1487	0
subset 1		1488	1.36537e-011
subset 1		1489	4.14478e-012
subset 1		75	1490	0
subset 1		1491	2.6283e-011
subset 1		1492	0
subset 1		1493	0
subset 1		1494	0
subset 1		1495	0
subset 1		1496	2.12978e-011
subset 1		1497	1.25782e-011
subset 1		1498	0
subset 1		1499	0
subset 1		1500	1.10742e-011
subset 1		1501	0
subset 1		1502	0
subset 1		1503	0
subset 1		1504	0
subset 1		1505	0
subset 1		1506	4.16349e-012
subset 1		1507	1.15305e-012
subset 1		1508	8.29622e-013
subset 1		1509	0
subset 1		76	1510	0
subset 1		1511	7.51377e-012
subset 1		1512	0
subset 1		1513	0
subset 1		1514	1.11116e-011
subset 1		1515	1.09054e-011
subset 1		1516	0
subset 1		1517	0
subset 1		1518	9.68653e-012
subset 1		1519	0
subset 1		1520	4.69691e-012
subset 1		1521	0
subset 1		1522	0
subset 1		1523	6.39742e-012
subset 1		1524	0
subset 1		1525	0
subset 1		1526	0
subset 1		1527	0
subset 1		1528	0
subset 1		1529	9.00206e-012
subset 1		77	1530	0
subset 1		1531	0
subset 1		1532	0
subset 1		1533	1.7332e-012
subset 1		1534	0
subset 1		1535	0
subset 1		1536	1.05875e-011
subset 1		1537	1.32852e-011
subset 1		1538	4.48673e-012
subset 1		1539	0
subset 1		1540	0
subset 1		1541	3.18345e-012
subset 1		1542	0
subset 1		1543	0
subset 1		1544	1.63569e-011
subset 1		1545	2.51217e-012
subset 1		1546	0
subset 1		1547	1.46261e-011
subset 1		1548	8.32032e-012
subset 1		1549	5.69378e-013
subset 1		78	1550	0
subset 1		1551	8.37315e-012
subset 1		1552	2.08862e-013
subset 1		1553	0
subset 1		1554	5.73596e-012
subset 1		1555	0
subset 1		1556	0
subset 1		1557	0
subset 1		1558	3.91052e-012
subset 1		1559	4.53828e-012
subset 1		1560	2.10329e-013
subset 1		1561	0
subset 1		1562	8.54672e-012
subset 1		1563	1.30849e-012
subset 1		1564	0
subset 1		1565	7.14611e-012
subset 1		1566	0
subset 1		1567	0
subset 1		1568	1.31717e-012
subset 1		1569	0
subset 1		79	1570	0
subset 1		1571	0
subset 1		1572	0
subset 1		1573	0
subset 1		1574	3.78375e-011
subset 1		1575	0
subset 1		1576	0
subset 1		1577	5.53211e-012
subset 1		1578	7.25925e-012
subset 1		1579	0
subset 1		1580	0
subset 1		1581	3.54956e-012
subset 1		1582	0
subset 1		1583	1.46954e-011
subset 1		1584	1.62574e-011
subset 1		1585	0
subset 1		1586	4.39645e-012
subset 1		1587	0
subset 1		1588	0
subset 1		1589	0
subset 1		80	1590	9.86217e-012
subset 1		1591	0
subset 1		1592	1.41298e-011
subset 1		1593	0
subset 1		1594	0
subset 1		1595	1.5153e-011
subset 1		1596	3.77873e-012
subset 1		1597	0
subset 1		1598	1.12804e-011
subset 1		1599	8.81864e-013
subset 1		1600	0
subset 1		1601	0
subset 1		1602	2.29195e-012
subset 1		1603	0
subset 1		1604	8.99965e-012
subset 1		1605	0
subset 1		1606	0
subset 1		1607	0
subset 1		1608	3.78223e-012
subset 1		1609	0
subset 1		81	1610	1.67387e-011
subset 1		1611	4.3518e-013
subset 1		1612	0
subset 1		1613	1.59363e-011
subset 1		1614	0
subset 1		1615	1.15779e-011
subset 1		1616	0
subset 1		1617	2.62491e-012
subset 1		1618	0
subset 1		1619	0
subset 1		1620	0
subset 1		1621	0
subset 1		1622	1.44331e-011
subset 1		1623	1.06099e-012
subset 1		1624	0
subset 1		1625	3.35923e-011
subset 1		1626	8.54259e-012
subset 1		1627	0
subset 1		1628	5.47622e-012
subset 1		1629	0
subset 1		82	1630	8.40928e-012
subset 1		1631	0
subset 1		1632	1.97428e-011
subset 1		1633	4.94676e-012
subset 1		1634	2.22481e-011
subset 1		1635	3.2489e-012
subset 1		1636	0
subset 1		1637	2.45274e-011
subset 1		1638	3.86597e-012
subset 1		1639	0
subset 1		1640	9.42375e-012
subset 1		1641	0
subset 1		1642	0
subset 1		1643	3.57945e-011
subset 1		1644	7.40696e-012
subset 1		1645	0
subset 1		1646	4.97002e-012
subset 1		1647	0
subset 1		1648	0
subset 1		1649	5.04209e-012
subset 1		83	1650	7.37274e-012
subset 1		1651	0
subset 1		1652	1.52213e-011
subset 1		1653	0
subset 1		1654	2.08835e-012
subset 1		1655	6.81784e-012
subset 1		1656	1.20165e-011
subset 1		1657	0
subset 1		1658	6.25127e-012
subset 1		1659	0
subset 1		1660	7.36384e-012
subset 1		1661	8.05324e-012
subset 1		1662	0
subset 1		1663	0
subset 1		1664	0
subset 1		1665	0
subset 1		1666	1.02221e-011
subset 1		1667	9.98208e-013
subset 1		1668	0
subset 1		1669	0
subset 1		84	1670	1.13399e-011
subset 1		1671	1.91382e-011
subset 1		1672	0
subset 1		1673	2.83349e-011
subset 1		1674	0
subset 1		1675	0
subset 1		1676	2.11399e-011
subset 1		1677	5.91046e-013
subset 1		1678	8.86233e-012
subset 1		1679	8.42531e-012
subset 1		1680	0
subset 1		1681	0
subset 1		1682	9.05495e-012
subset 1		1683	0
subset 1		1684	0
subset 1		1685	4.41003e-012
subset 1		1686	1.07279e-012
subset 1		1687	0
subset 1		1688	1.18397e-011
subset 1		1689	0
subset 1		85	1690	0
subset 1		1691	1.01054e-011
subset 1		1692	6.88381e-012
subset 1		1693	0
subset 1		1694	0
subset 1		1695	0
subset 1		1696	0
subset 1		1697	7.98548e-012
subset 1		1698	0
subset 1		1699	0
subset 1		1700	6.27388e-012
subset 1		1701	0
subset 1		1702	0
subset 1		1703	1.41658e-014
subset 1		1704	8.3019e-012
subset 1		1705	0
subset 1		1706	8.89854e-012
subset 1		1707	0
subset 1		1708	0
subset 1		1709	4.99925e-012
subset 1		86	1710	0
subset 1		1711	0
subset 1		1712	2.19238e-011
subset 1		1713	6.23675e-012
subset 1		1714	0
subset 1		1715	1.59989e-011
subset 1		1716	6.10918e-012
subset 1		1717	0
subset 1		1718	1.3799e-011
subset 1		1719	0
subset 1		1720	0
subset 1		1721	0
subset 1		1722	3.57178e-012
subset 1		1723	0
subset 1		1724	0
subset 1		1725	0
subset 1		1726	0
subset 1		1727	3.15328e-012
subset 1		1728	0
subset 1		1729	0
subset 1		87	1730	6.79972e-012
subset 1		1731	1.59287e-011
subset 1		1732	0
subset 1		1733	2.70632e-012
subset 1		1734	0
subset 1		1735	0
subset 1		1736	0
subset 1		1737	0
subset 1		1738	5.17165e-012
subset 1		1739	1.12916e-011
subset 1		1740	1.41922e-012
subset 1		1741	0
subset 1		1742	4.24658e-012
subset 1		1743	7.90605e-012
subset 1		1744	0
subset 1		1745	7.56572e-013
subset 1		1746	9.90371e-013
subset 1		1747	7.28785e-013
subset 1		1748	1.9445e-011
subset 1		1749	8.60263e-012
subset 1		88	1750	0
subset 1		1751	1.54116e-011
subset 1		1752	1.44091e-012
subset 1		1753	0
subset 1		1754	1.66976e-011
subset 1		1755	0
subset 1		1756	0
subset 1		1757	1.98809e-011
subset 1		1758	0
subset 1		1759	0
subset 1		1760	1.05001e-012
subset 1		1761	1.40638e-011
subset 1		1762	0
subset 1		1763	1.51523e-011
subset 1		1764	0
subset 1		1765	0
subset 1		1766	0
subset 1		1767	0
subset 1		1768	0
subset 1		1769	0
subset 1		89	1770	7.34531e-012
subset 1		1771	4.37275e-012
subset 1		1772	0
subset 1		1773	2.87947e-012
subset 1		1774	0
subset 1		1775	0
subset 1		1776	1.42195e-011
subset 1		1777	0
subset 1		1778	1.03256e-011
subset 1		1779	0
subset 1		1780	0
subset 1		1781	8.99703e-012
subset 1		1782	0
subset 1		1783	0
subset 1		1784	0
subset 1		1785	1.23846e-011
subset 1		1786	0
subset 1		1787	0
subset 1		1788	0
subset 1		1789	0
subset 1		90	1790	2.39805e-012
subset 1		1791	4.71116e-012
subset 1		1792	0
subset 1		1793	2.58737e-011
subset 1		1794	0
subset 1		1795	0
subset 1		1796	0
subset 1		1797	1.14345e-011
subset 1		1798	0
subset 1		1799	4.74932e-013
subset 1		1800	0
subset 1		1801	0
subset 1		1802	1.67356e-012
subset 1		1803	0
subset 1		1804	6.4445e-012
subset 1		1805	8.83844e-012
subset 1		1806	0
subset 1		1807	0
subset 1		1808	0
subset 1		1809	8.03338e-012
subset 1		91	1810	1.44884e-011
subset 1		1811	2.95491e-011
subset 1		1812	5.3359e-012
subset 1		1813	0
subset 1		1814	7.91429e-012
subset 1		1815	0
subset 1		1816	0
subset 1		1817	0
subset 1		1818	0
subset 1		1819	0
subset 1		1820	0
subset 1		1821	0
subset 1		1822	8.2483e-012
subset 1		1823	1.04564e-011
subset 1		1824	0
subset 1		1825	0
subset 1		1826	1.8561e-011
subset 1		1827	1.53364e-011
subset 1		1828	0
subset 1		1829	6.75043e-012
subset 1		92	1830	0
subset 1		1831	7.82753e-012
subset 1		1832	2.8428e-012
subset 1		1833	2.66992e-011
subset 1		1834	0
subset 1		1835	7.17442e-012
subset 1		1836	1.50274e-011
subset 1		1837	0
subset 1		1838	1.03422e-011
subset 1		1839	0
subset 1		1840	4.08233e-012
subset 1		1841	2.85638e-012
subset 1		1842	1.0857e-011
subset 1		1843	7.99281e-012
subset 1		1844	1.37814e-011
subset 1		1845	0
subset 1		1846	0
subset 1		1847	5.98143e-012
subset 1		1848	2.46915e-012
subset 1		1849	0
subset 1		93	1850	3.64026e-012
subset 1		1851	1.47148e-011
subset 1		1852	5.15143e-012
subset 1		1853	0
subset 1		1854	1.08499e-011
subset 1		1855	0
subset 1		1856	1.35982e-011
subset 1		1857	0
subset 1		1858	0
subset 1		1859	0
subset 1		1860	9.24556e-012
subset 1		1861	0
subset 1		1862	2.47735e-011
subset 1		1863	4.51797e-013
subset 1		1864	0
subset 1		1865	0
subset 1		1866	9.21727e-012
subset 1		1867	1.30673e-012
subset 1		1868	1.06273e-011
subset 1		1869	0
subset 1		94	1870	0
subset 1		1871	6.95569e-012
subset 1		1872	3.80478e-012
subset 1		1873	3.56932e-012
subset 1		1874	1.00982e-012
subset 1		1875	2.74896e-012
subset 1		1876	2.94108e-012
subset 1		1877	0
subset 1		1878	0
subset 1		1879	0
subset 1		1880	3.37348e-012
subset 1		1881	0
subset 1		1882	0
subset 1		1883	0
subset 1		1884	0
subset 1		1885	0
subset 1		1886	4.1917e-012
subset 1		1887	1.30172e-011
subset 1		1888	0
subset 1		1889	1.72138e-011
subset 1		95	1890	0
subset 1		1891	4.55255e-012
subset 1		1892	0
subset 1		1893	0
subset 1		1894	3.97569e-012
subset 1		1895	1.74734e-011
subset 1		1896	1.01966e-011
subset 1		1897	0
subset 1		1898	1.99241e-011
subset 1		1899	2.71726e-012
subset 1		1900	0
subset 1		1901	1.3139e-013
subset 1		1902	0
subset 1		1903	0
subset 1		1904	0
subset 1		1905	0
subset 1		1906	4.73499e-012
subset 1		1907	2.17929e-011
subset 1		1908	1.42466e-011
subset 1		1909	0
subset 1		96	1910	2.01097e-011
subset 1		1911	1.94041e-011
subset 1		1912	0
subset 1		1913	2.84924e-011
subset 1		1914	0
subset 1		1915	0
subset 1		1916	1.09668e-011
subset 1		1917	0
subset 1		1918	0
subset 1		1919	0
subset 1		1920	0
subset 1		1921	0
subset 1		1922	0
subset 1		1923	0
subset 1		1924	0
subset 1		1925	0
subset 1		1926	0
subset 1		1927	0
subset 1		1928	8.29777e-012
subset 1		1929	0
subset 1		97	1930	0
subset 1		1931	0
subset 1		1932	0
subset 1		1933	6.46787e-013
subset 1		1934	1.30918e-011
subset 1		1935	1.58368e-011
subset 1		1936	0
subset 1		1937	0
subset 1		1938	0
subset 1		1939	0
subset 1		1940	2.7101e-011
subset 1		1941	0
subset 1		1942	0
subset 1		1943	8.76843e-012
subset 1		1944	5.32297e-012
subset 1		1945	0
subset 1		1946	2.05427e-011
subset 1		1947	1.51067e-011
subset 1		1948	1.31621e-013
subset 1		1949	2.44032e-011
subset 1		98	1950	1.01557e-011
subset 1		1951	0
subset 1		1952	1.74854e-011
subset 1		1953	2.26613e-011
subset 1		1954	0
subset 1		1955	1.41683e-011
subset 1		1956	5.3543e-012
subset 1		1957	1.54883e-011
subset 1		1958	3.00187e-011
subset 1		1959	0
subset 1		1960	0
subset 1		1961	0
subset 1		1962	6.06456e-012
subset 1		1963	0
subset 1		1964	1.52981e-011
subset 1		1965	0
subset 1		1966	0
subset 1		1967	0
subset 1		1968	0
subset 1		1969	2.5641e-012
subset 1		99	1970	1.03003e-011
subset 1		1971	1.39073e-011
subset 1		1972	1.43999e-012
subset 1		1973	2.37989e-011
subset 1		1974	0
subset 1		1975	0
subset 1		1976	7.30663e-012
subset 1		1977	0
subset 1		1978	0
subset 1		1979	1.8054e-011
subset 1		1980	0
subset 1		1981	0
subset 1		1982	1.52149e-011
subset 1		1983	1.32309e-011
subset 1		1984	1.3885e-011
subset 1		1985	4.05937e-012
subset 1		1986	1.02676e-011
subset 1		1987	0
subset 1		1988	5.73793e-012
subset 1		1989	9.76525e-012
subset 1		100	1990	0
subset 1		1991	4.27139e-012
subset 1		1992	0
subset 1		1993	0
subset 1		1994	3.58205e-011
subset 1		1995	0
subset 1		1996	1.04127e-012
subset 1		1997	1.25478e-011
subset 1		1998	0
subset 1		1999	0
subset 1		2000	9.30365e-012
subset 1		2001	0
subset 1		2002	6.40896e-012
subset 1		2003	1.1019e-011
subset 1		2004	0
subset 1		2005	0
subset 1		2006	0
subset 1		2007	9.07144e-012
subset 1		2008	0
subset 1		2009	2.23398e-011
subset 1		101	2010	8.54609e-012
subset 1		2011	0
subset 1		2012	1.3712e-011
subset 1		2013	1.88472e-013
subset 1		2014	0
subset 1		2015	1.26171e-011
subset 1		2016	4.73763e-012
subset 1		2017	0
subset 1		2018	8.38939e-012
subset 1		2019	0
subset 1		2020	0
subset 1		2021	1.58677e-011
subset 1		2022	1.23781e-011
subset 1		2023	0
subset 1		2024	0
subset 1		2025	7.2705e-012
subset 1		2026	3.52119e-012
subset 1		2027	2.39428e-011
subset 1		2028	5.96733e-012
subset 1		2029	3.70356e-012
subset 1		102	2030	8.74098e-012
subset 1		2031	1.62634e-011
subset 1		2032	3.9553e-012
subset 1		2033	7.79539e-014
subset 1		2034	0
subset 1		2035	1.86718e-012
subset 1		2036	1.61028e-011
subset 1		2037	0
subset 1		2038	0
subset 1		2039	9.37108e-012
subset 1		2040	0
subset 1		2041	1.00795e-011
subset 1		2042	0
subset 1		2043	0
subset 1		2044	1.04164e-011
subset 1		2045	1.2777e-011
subset 1		2046	0
subset 1		2047	3.77542e-012
subset 1		2048	1.93269e-011
subset 1		2049	0
subset 1		103	2050	1.21294e-011
subset 1		2051	1.41008e-011
subset 1		2052	0
subset 1		2053	6.27407e-012
subset 1		2054	4.58367e-012
subset 1		2055	0
subset 1		2056	1.55698e-011
subset 1		2057	1.11065e-011
subset 1		2058	1.30082e-011
subset 1		2059	0
subset 1		2060	2.91278e-011
subset 1		2061	2.62989e-011
subset 1		2062	1.12467e-013
subset 1		2063	1.3113e-011
subset 1		2064	0
subset 1		2065	0
subset 1		2066	1.4963e-011
subset 1		2067	2.16393e-011
subset 1		2068	0
subset 1		2069	8.76728e-012
subset 1		104	2070	0
subset 1		2071	0
subset 1		2072	1.18959e-011
subset 1		2073	3.86433e-012
subset 1		2074	0
subset 1		2075	2.12949e-011
subset 1		2076	6.44289e-012
subset 1		2077	7.10187e-012
subset 1		2078	2.58128e-011
subset 1		2079	0
subset 1		2080	1.521e-011
subset 1		2081	1.8372e-011
subset 1		2082	0
subset 1		2083	0
subset 1		2084	1.27689e-011
subset 1		2085	5.33282e-012
subset 1		2086	5.53697e-012
subset 1		2087	3.581e-012
subset 1		2088	2.13944e-011
subset 1		2089	1.43551e-011
subset 1		105	2090	1.32786e-011
subset 1		2091	0
subset 1		2092	6.99997e-012
subset 1		2093	9.32794e-012
subset 1		2094	5.97322e-012
subset 1		2095	0
subset 1		2096	1.23694e-011
subset 1		2097	1.71155e-011
subset 1		2098	0
subset 1		2099	2.12875e-012
subset 1		2100	4.28989e-012
subset 1		2101	0
subset 1		2102	2.04118e-011
subset 1		2103	4.64909e-012
subset 1		2104	3.73575e-012
subset 1		2105	5.6587e-012
subset 1		2106	1.03458e-011
subset 1		2107	0
subset 1		2108	1.12299e-011
subset 1		2109	6.66587e-012
subset 1		106	2110	2.4619e-012
subset 1		2111	2.19547e-011
subset 1		2112	2.09726e-011
subset 1		2113	1.57683e-012
subset 1		2114	1.71915e-011
subset 1		2115	8.27763e-012
subset 1		2116	6.80783e-012
subset 1		2117	1.42092e-011
subset 1		2118	2.95762e-011
subset 1		2119	0
subset 1		2120	2.24441e-011
subset 1		2121	1.08744e-011
subset 1		2122	1.61826e-011
subset 1		2123	1.84981e-011
subset 1		2124	2.69939e-011
subset 1		2125	1.38299e-011
subset 1		2126	1.7658e-011
subset 1		2127	6.79071e-012
subset 1		2128	1.08025e-013
subset 1		2129	4.43916e-011
subset 1		107	2130	1.22831e-011
subset 1		2131	1.17971e-011
subset 1		2132	2.68055e-011
subset 1		2133	0
subset 1		2134	1.29287e-011
subset 1		2135	8.32525e-012
subset 1		2136	1.37241e-011
subset 1		2137	7.96691e-012
subset 1		2138	3.55124e-011
subset 1		2139	5.7837e-012
subset 1		2140	0
subset 1		2141	2.16432e-011
subset 1		2142	1.03921e-011
subset 1		2143	3.69688e-012
subset 1		2144	2.44544e-011
subset 1		2145	0
subset 1		2146	0
subset 1		2147	4.41995e-011
subset 1		2148	7.65945e-012
subset 1		2149	0
subset 1		108	2150	3.07136e-012
subset 1		2151	2.75641e-011
subset 1		2152	0
subset 1		2153	3.17765e-011
subset 1		2154	0
subset 1		2155	9.80731e-013
subset 1		2156	1.69845e-011
subset 1		2157	0
subset 1		2158	0
subset 1		2159	6.99198e-012
subset 1		2160	3.80578e-011
subset 1		2161	3.34808e-012
subset 1		2162	1.92254e-011
subset 1		2163	0
subset 1		2164	0
subset 1		2165	1.67794e-011
subset 1		2166	3.11705e-011
subset 1		2167	2.3696e-011
subset 1		2168	1.68324e-011
subset 1		2169	2.24715e-011
subset 1		109	2170	2.18926e-011
subset 1		2171	2.45606e-011
subset 1		2172	1.66852e-011
subset 1		2173	9.32681e-013
subset 1		2174	2.39552e-011
subset 1		2175	5.01671e-013
subset 1		2176	2.58423e-012
subset 1		2177	2.80194e-011
subset 1		2178	2.2356e-011
subset 1		2179	1.68622e-011
subset 1		2180	1.72245e-011
subset 1		2181	2.29521e-011
subset 1		2182	5.08752e-012
subset 1		2183	2.95154e-011
subset 1		2184	2.06805e-011
subset 1		2185	5.02949e-013
subset 1		2186	9.114e-012
subset 1		2187	1.78139e-012
subset 1		2188	2.19743e-011
subset 1		2189	1.79733e-011
subset 1		110	2190	0
subset 1		2191	9.8821e-012
subset 1		2192	1.71277e-011
subset 1		2193	1.54756e-011
subset 1		2194	2.52468e-011
subset 1		2195	1.20325e-011
subset 1		2196	5.7144e-012
subset 1		2197	0
subset 1		2198	2.62523e-011
subset 1		2199	0
subset 1		2200	0
subset 1		2201	2.4334e-011
subset 1		2202	0
subset 1		2203	0
subset 1		2204	1.26044e-011
subset 1		2205	2.0403e-011
subset 1		2206	0
subset 1		2207	1.64967e-011
subset 1		2208	1.1981e-012
subset 1		2209	1.50154e-011
subset 1		111	2210	1.12657e-011
subset 1		2211	1.30318e-011
subset 1		2212	0
subset 1		2213	2.3894e-011
subset 1		2214	1.43356e-013
subset 1		2215	1.2705e-011
subset 1		2216	1.35754e-011
subset 1		2217	1.18809e-011
subset 1		2218	1.26059e-012
subset 1		2219	3.79272e-011
subset 1		2220	0
subset 1		2221	0
subset 1		2222	1.2447e-011
subset 1		2223	8.21098e-012
subset 1		2224	0
subset 1		2225	5.32211e-012
subset 1		2226	1.5136e-011
subset 1		2227	0
subset 1		2228	6.81183e-012
subset 1		2229	0
subset 1		112	2230	3.91972e-012
subset 1		2231	1.58721e-011
subset 1		2232	8.27235e-012
subset 1		2233	1.72163e-012
subset 1		2234	2.29819e-012
subset 1		2235	1.22883e-011
subset 1		2236	0
subset 1		2237	6.37405e-012
subset 1		2238	1.28201e-011
subset 1		2239	2.51292e-012
subset 1		2240	2.24407e-011
subset 1		2241	0
subset 1		2242	0
subset 1		2243	3.4135e-012
subset 1		2244	0
subset 1		2245	0
subset 1		2246	6.57774e-012
subset 1		2247	0
subset 1		2248	1.28007e-011
subset 1		2249	1.97715e-011
subset 1		113	2250	1.26342e-011
subset 1		2251	3.48946e-012
subset 1		2252	2.1874e-011
subset 1		2253	8.01961e-013
subset 1		2254	0
subset 1		2255	2.75098e-012
subset 1		2256	1.36521e-011
subset 1		2257	0
subset 1		2258	9.63804e-012
subset 1		2259	0
subset 1		2260	0
subset 1		2261	1.74844e-011
subset 1		2262	1.48867e-011
subset 1		2263	0
subset 1		2264	0
subset 1		2265	0
subset 1		2266	1.44178e-011
subset 1		2267	1.30699e-011
subset 1		2268	0
subset 1		2269	1.1205e-012
subset 1		114	2270	1.92832e-011
subset 1		2271	0
subset 1		2272	3.18808e-012
subset 1		2273	0
subset 1		2274	1.69307e-011
subset 1		2275	2.0724e-012
subset 1		2276	2.03737e-011
subset 1		2277	4.42216e-012
subset 1		2278	0
subset 1		2279	1.76535e-011
subset 1		2280	2.71358e-011
subset 1		2281	0
subset 1		2282	1.83187e-011
subset 1		2283	1.73867e-011
subset 1		2284	0
subset 1		2285	4.20222e-012
subset 1		2286	1.40796e-011
subset 1		2287	2.27793e-012
subset 1		2288	1.73093e-011
subset 1		2289	3.44336e-012
subset 1		115	2290	5.17884e-012
subset 1		2291	8.94492e-012
subset 1		2292	1.58687e-011
subset 1		2293	0
subset 1		2294	1.42444e-012
subset 1		2295	1.29697e-012
subset 1		2296	0
subset 1		2297	1.19029e-011
subset 1		2298	0
subset 1		2299	0
subset 1		2300	1.15606e-011
subset 1		2301	0
subset 1		2302	7.12924e-012
subset 1		2303	2.60709e-011
subset 1		2304	9.41794e-012
subset 1		2305	0
subset 1		2306	1.80703e-011
subset 1		2307	2.1361e-011
subset 1		2308	0
subset 1		2309	3.95044e-011
subset 1		116	2310	6.68582e-012
subset 1		2311	1.84903e-011
subset 1		2312	1.57678e-011
subset 1		2313	6.57631e-012
subset 1		2314	0
subset 1		2315	2.14514e-011
subset 1		2316	1.20423e-011
subset 1		2317	0
subset 1		2318	1.08862e-011
subset 1		2319	0
subset 1		2320	0
subset 1		2321	1.06469e-011
subset 1		2322	1.91364e-011
subset 1		2323	8.00482e-012
subset 1		2324	1.33823e-011
subset 1		2325	0
subset 1		2326	8.46462e-012
subset 1		2327	2.3453e-012
subset 1		2328	2.89251e-012
subset 1		2329	0
subset 1		117	2330	1.0486e-011
subset 1		2331	0
subset 1		2332	1.9158e-011
subset 1		2333	3.51079e-011
subset 1		2334	0
subset 1		2335	7.82221e-013
subset 1		2336	2.95289e-011
subset 1		2337	7.99426e-013
subset 1		2338	6.9429e-012
subset 1		2339	1.94911e-011
subset 1		2340	7.77131e-012
subset 1		2341	0
subset 1		2342	5.53466e-012
subset 1		2343	0
subset 1		2344	0
subset 1		2345	2.83653e-011
subset 1		2346	0
subset 1		2347	1.00762e-011
subset 1		2348	2.47782e-011
subset 1		2349	2.89096e-012
subset 1		118	2350	1.91054e-011
subset 1		2351	1.10551e-011
subset 1		2352	0
subset 1		2353	2.26011e-011
subset 1		2354	1.87855e-011
subset 1		2355	7.88441e-012
subset 1		2356	0
subset 1		2357	1.84562e-011
subset 1		2358	5.09969e-013
subset 1		2359	3.50373e-012
subset 1		2360	3.47794e-011
subset 1		2361	1.30162e-011
subset 1		2362	1.54559e-011
subset 1		2363	6.22944e-012
subset 1		2364	1.8474e-011
subset 1		2365	8.32294e-012
subset 1		2366	1.80127e-011
subset 1		2367	1.01107e-011
subset 1		2368	0
subset 1		2369	3.02131e-011
subset 1		119	2370	1.07654e-011
subset 1		2371	8.0053e-012
subset 1		2372	4.04076e-011
subset 1		2373	0
subset 1		2374	2.46719e-011
subset 1		2375	0
subset 1		2376	1.74593e-011
subset 1		2377	1.30245e-011
subset 1		2378	4.01528e-012
subset 1		2379	1.41492e-011
subset 1		2380	0
subset 1		2381	3.10301e-011
subset 1		2382	0
subset 1		2383	0
subset 1		2384	2.30597e-011
subset 1		2385	0
subset 1		2386	2.94247e-011
subset 1		2387	1.5529e-011
subset 1		2388	5.88839e-012
subset 1		2389	0
subset 1		120	2390	2.05259e-011
subset 1		2391	2.54356e-011
subset 1		2392	1.13081e-011
subset 1		2393	2.03448e-011
subset 1		2394	3.9119e-011
subset 1		2395	0
subset 1		2396	1.97885e-011
subset 1		2397	0
subset 1		2398	1.47019e-012
subset 1		2399	2.47159e-011
subset 1		2400	2.4596e-011
subset 1		2401	5.66526e-012
subset 1		2402	2.24619e-011
subset 1		2403	2.17292e-012
subset 1		2404	8.87346e-012
subset 1		2405	2.37399e-011
subset 1		2406	8.59339e-012
subset 1		2407	0
subset 1		2408	2.05761e-011
subset 1		2409	1.13725e-011
subset 1		121	2410	1.94498e-011
subset 1		2411	1.70289e-011
subset 1		2412	2.43601e-011
subset 1		2413	1.0204e-011
subset 1		2414	3.03619e-011
subset 1		2415	2.64213e-011
subset 1		2416	9.17234e-012
subset 1		2417	1.35655e-011
subset 1		2418	2.78767e-011
subset 1		2419	2.74098e-011
subset 1		2420	1.87018e-011
subset 1		2421	3.17251e-011
subset 1		2422	2.29606e-012
subset 1		2423	3.35634e-011
subset 1		2424	1.72869e-012
subset 1		2425	1.82463e-011
subset 1		2426	3.91444e-011
subset 1		2427	8.53832e-012
subset 1		2428	3.95365e-013
subset 1		2429	3.99438e-011
subset 1		122	2430	4.88468e-011
subset 1		2431	1.07821e-011
subset 1		2432	3.68159e-011
subset 1		2433	3.74211e-011
subset 1		2434	1.03875e-011
subset 1		2435	2.77515e-011
subset 1		2436	1.38167e-011
subset 1		2437	2.1644e-011
subset 1		2438	2.80227e-011
subset 1		2439	1.26554e-011
subset 1		2440	5.7417e-012
subset 1		2441	3.07995e-011
subset 1		2442	3.2024e-011
subset 1		2443	2.37489e-011
subset 1		2444	3.40691e-011
subset 1		2445	2.03963e-011
subset 1		2446	1.41751e-011
subset 1		2447	2.60691e-011
subset 1		2448	2.16554e-011
subset 1		2449	2.26617e-011
subset 1		123	2450	4.66787e-011
subset 1		2451	3.08036e-011
subset 1		2452	1.57824e-011
subset 1		2453	4.56201e-011
subset 1		2454	2.63181e-011
subset 1		2455	2.98462e-011
subset 1		2456	4.44483e-011
subset 1		2457	2.78976e-011
subset 1		2458	2.96899e-011
subset 1		2459	3.93967e-011
subset 1		2460	4.2778e-011
subset 1		2461	8.892e-011
subset 1		2462	1.93379e-010
subset 1		2463	2.4929e-010
subset 1		2464	3.26437e-010
subset 1		2465	3.91149e-010
subset 1		2466	3.36137e-010
subset 1		2467	3.65986e-010
subset 1		2468	4.316e-010
subset 1		2469	3.96132e-010
subset 1		124	2470	3.57644e-010
subset 1		2471	4.36072e-010
subset 1		2472	3.63745e-010
subset 1		2473	3.38591e-010
subset 1		2474	3.22824e-010
subset 1		2475	1.63975e-010
subset 1		2476	9.19153e-011
subset 1		2477	9.34159e-011
subset 1		2478	8.57975e-011
subset 1		2479	4.03793e-011
subset 1		2480	4.13167e-011
subset 1		2481	3.73328e-011
subset 1		2482	4.72535e-011
subset 1		2483	7.20483e-011
subset 1		2484	4.66682e-011
subset 1		2485	2.54373e-011
subset 1		2486	6.87088e-011
subset 1		2487	6.45638e-011
subset 1		2488	6.45945e-011
subset 1		2489	7.01668e-011
subset 1		125	2490	3.66142e-011
subset 1		2491	5.27012e-011
subset 1		2492	8.3819e-011
subset 1		2493	5.16365e-011
subset 1		2494	5.15924e-011
subset 1		2495	7.27534e-011
subset 1		2496	6.88165e-011
subset 1		2497	5.26545e-011
subset 1		2498	7.91518e-011
subset 1		2499	6.95943e-011
subset 1		2500	1.03597e-010
subset 1		2501	1.61192e-010
subset 1		2502	2.17131e-010
subset 1		2503	2.72726e-010
subset 1		2504	3.86161e-010
subset 1		2505	3.84253e-010
subset 1		2506	3.82591e-010
subset 1		2507	4.04769e-010
subset 1		2508	4.59008e-010
subset 1		2509	4.19561e-010
subset 1		126	2510	4.073e-010
subset 1		2511	4.3353e-010
subset 1		2512	4.06775e-010
subset 1		2513	3.95318e-010
subset 1		2514	3.43594e-010
subset 1		2515	2.40376e-010
subset 1		2516	1.78103e-010
subset 1		2517	1.25442e-010
subset 1		2518	1.12878e-010
subset 1		2519	1.11468e-010
subset 1		2520	9.66155e-011
subset 1		2521	1.10815e-010
subset 1		2522	1.24884e-010
subset 1		2523	1.33132e-010
subset 1		2524	9.49186e-011
subset 1		2525	1.39476e-010
subset 1		2526	1.26438e-010
subset 1		2527	1.19798e-010
subset 1		2528	1.43931e-010
subset 1		2529	1.39797e-010
subset 1		127	2530	1.40565e-010
subset 1		2531	1.64617e-010
subset 1		2532	1.51233e-010
subset 1		2533	1.63962e-010
subset 1		2534	1.64283e-010
subset 1		2535	1.54665e-010
subset 1		2536	1.88314e-010
subset 1		2537	2.17794e-010
subset 1		2538	2.36895e-010
subset 1		2539	3.1702e-010
subset 1		2540	6.25542e-010
subset 1		2541	1.74113e-009
subset 1		2542	3.4256e-009
subset 1		2543	4.27465e-009
subset 1		2544	6.14327e-009
subset 1		2545	7.11238e-009
subset 1		2546	6.71584e-009
subset 1		2547	6.87269e-009
subset 1		2548	8.22247e-009
subset 1		2549	8.10717e-009
subset 1		128	2550	6.87116e-009
subset 1		2551	8.18947e-009
subset 1		2552	7.93659e-009
subset 1		2553	6.23351e-009
subset 1		2554	6.62808e-009
subset 1		2555	3.85706e-009
subset 1		2556	2.10342e-009
subset 1		2557	1.96476e-009
subset 1		2558	2.05074e-009
subset 1		2559	2.75826e-009
subset 1		2560	6.65981e-009
subset 1		2561	1.57649e-008
subset 1		2562	3.94082e-008
subset 1		2563	5.73069e-008
subset 1		2564	7.99107e-008
subset 1		2565	9.62425e-008
subset 1		2566	9.05144e-008
subset 1		2567	9.20389e-008
subset 1		2568	1.10057e-007
subset 1		2569	1.08155e-007
subset 1		129	2570	9.08116e-008
subset 1		2571	1.01087e-007
subset 1		2572	1.04125e-007
subset 1		2573	8.00708e-008
subset 1		2574	8.37876e-008
subset 1		2575	5.12731e-008
subset 1		2576	1.90593e-008
subset 1		2577	1.29922e-008
subset 1		2578	8.05794e-009
subset 1		2579	2.50775e-009
subset 1		2580	9.43332e-010
subset 1		2581	2.86024e-009
subset 1		2582	6.76482e-009
subset 1		2583	9.60622e-009
subset 1		2584	1.32336e-008
subset 1		2585	1.55022e-008
subset 1		2586	1.45269e-008
subset 1		2587	1.46212e-008
subset 1		2588	1.78023e-008
subset 1		2589	1.71577e-008
subset 1		130	2590	1.44082e-008
subset 1		2591	1.65953e-008
subset 1		2592	1.66782e-008
subset 1		2593	1.29399e-008
subset 1		2594	1.322e-008
subset 1		2595	8.04673e-009
subset 1		2596	3.58945e-009
subset 1		2597	2.96754e-009
subset 1		2598	2.48285e-009
subset 1		2599	2.38122e-009
subset 1		2600	4.65766e-009
subset 1		2601	1.53584e-008
subset 1		2602	3.55307e-008
subset 1		2603	4.97714e-008
subset 1		2604	6.83811e-008
subset 1		2605	8.07931e-008
subset 1		2606	7.57893e-008
subset 1		2607	7.59568e-008
subset 1		2608	8.78177e-008
subset 1		2609	9.07833e-008
subset 1		131	2610	7.42637e-008
subset 1		2611	8.55178e-008
subset 1		2612	8.56611e-008
subset 1		2613	6.57686e-008
subset 1		2614	6.83555e-008
subset 1		2615	4.32278e-008
subset 1		2616	1.61675e-008
subset 1		2617	1.23347e-008
subset 1		2618	8.76552e-009
subset 1		2619	5.10099e-009
subset 1		2620	5.5834e-009
subset 1		2621	2.2355e-008
subset 1		2622	4.77968e-008
subset 1		2623	6.64746e-008
subset 1		2624	9.04347e-008
subset 1		2625	1.04368e-007
subset 1		2626	9.58614e-008
subset 1		2627	9.55677e-008
subset 1		2628	1.13205e-007
subset 1		2629	1.13833e-007
subset 1		132	2630	9.44375e-008
subset 1		2631	1.06299e-007
subset 1		2632	1.05261e-007
subset 1		2633	8.31886e-008
subset 1		2634	8.47522e-008
subset 1		2635	5.08774e-008
subset 1		2636	2.07219e-008
subset 1		2637	1.43676e-008
subset 1		2638	9.27615e-009
subset 1		2639	3.46443e-009
subset 1		2640	4.30342e-011
subset 1		2641	8.91346e-012
subset 1		2642	3.69285e-011
subset 1		2643	3.29976e-011
subset 1		2644	6.95199e-011
subset 1		2645	4.93866e-011
subset 1		2646	5.87405e-011
subset 1		2647	4.92344e-011
subset 1		2648	8.94223e-011
subset 1		2649	1.11171e-010
subset 1		133	2650	9.56469e-011
subset 1		2651	1.47415e-010
subset 1		2652	1.54455e-010
subset 1		2653	1.87855e-010
subset 1		2654	2.1076e-010
subset 1		2655	2.67127e-010
subset 1		2656	2.96306e-010
subset 1		2657	4.04494e-010
subset 1		2658	5.74199e-010
subset 1		2659	1.05455e-009
subset 1		2660	2.51735e-009
subset 1		2661	8.29705e-009
subset 1		2662	1.86869e-008
subset 1		2663	2.38219e-008
subset 1		2664	3.31177e-008
subset 1		2665	4.08455e-008
subset 1		2666	3.81919e-008
subset 1		2667	3.78318e-008
subset 1		2668	4.47525e-008
subset 1		2669	4.51743e-008
subset 1		134	2670	3.69018e-008
subset 1		2671	4.25165e-008
subset 1		2672	4.24835e-008
subset 1		2673	3.1942e-008
subset 1		2674	3.48452e-008
subset 1		2675	2.50647e-008
subset 1		2676	8.09827e-009
subset 1		2677	5.78202e-009
subset 1		2678	3.90223e-009
subset 1		2679	1.62471e-009
subset 1		2680	1.70674e-011
subset 1		2681	3.73896e-011
subset 1		2682	1.78438e-011
subset 1		2683	8.69232e-012
subset 1		2684	1.97988e-011
subset 1		2685	1.34334e-011
subset 1		2686	2.06115e-011
subset 1		2687	4.82636e-011
subset 1		2688	5.3044e-011
subset 1		2689	7.37552e-011
subset 1		135	2690	1.07306e-010
subset 1		2691	1.08703e-010
subset 1		2692	1.15211e-010
subset 1		2693	1.37013e-010
subset 1		2694	1.45085e-010
subset 1		2695	1.72848e-010
subset 1		2696	2.38805e-010
subset 1		2697	3.13167e-010
subset 1		2698	4.95771e-010
subset 1		2699	9.558e-010
subset 1		2700	1.69564e-009
subset 1		2701	5.48703e-009
subset 1		2702	1.44214e-008
subset 1		2703	2.11052e-008
subset 1		2704	2.92127e-008
subset 1		2705	3.49045e-008
subset 1		2706	3.28814e-008
subset 1		2707	3.20304e-008
subset 1		2708	3.73416e-008
subset 1		2709	3.82745e-008
subset 1		136	2710	3.17233e-008
subset 1		2711	3.37532e-008
subset 1		2712	3.78703e-008
subset 1		2713	2.72392e-008
subset 1		2714	2.94039e-008
subset 1		2715	2.10865e-008
subset 1		2716	7.31594e-009
subset 1		2717	5.15517e-009
subset 1		2718	3.64299e-009
subset 1		2719	1.90009e-009
subset 1		2720	7.7658e-011
subset 1		2721	0
subset 1		2722	1.41042e-011
subset 1		2723	1.16385e-011
subset 1		2724	3.25101e-012
subset 1		2725	8.29612e-012
subset 1		2726	1.494e-011
subset 1		2727	5.74533e-013
subset 1		2728	0
subset 1		2729	0
subset 1		137	2730	1.95668e-011
subset 1		2731	1.93081e-011
subset 1		2732	0
subset 1		2733	4.44186e-012
subset 1		2734	1.50346e-012
subset 1		2735	2.80548e-012
subset 1		2736	9.11826e-012
subset 1		2737	0
subset 1		2738	1.48384e-011
subset 1		2739	1.12114e-011
subset 1		2740	1.32025e-011
subset 1		2741	4.82983e-012
subset 1		2742	0
subset 1		2743	0
subset 1		2744	1.40262e-011
subset 1		2745	5.15277e-012
subset 1		2746	0
subset 1		2747	0
subset 1		2748	6.75676e-012
subset 1		2749	1.17865e-012
subset 1		138	2750	1.72829e-011
subset 1		2751	2.33146e-011
subset 1		2752	0
subset 1		2753	0
subset 1		2754	1.7316e-011
subset 1		2755	0
subset 1		2756	1.84421e-011
subset 1		2757	1.35883e-011
subset 1		2758	9.44147e-012
subset 1		2759	0
subset 1		2760	0
subset 1		2761	0
subset 1		2762	0
subset 1		2763	0
subset 1		2764	0
subset 1		2765	0
subset 1		2766	1.76831e-011
subset 1		2767	0
subset 1		2768	2.59659e-011
subset 1		2769	0
subset 1		139	2770	0
subset 1		2771	1.8307e-011
subset 1		2772	0
subset 1		2773	0
subset 1		2774	9.79644e-012
subset 1		2775	2.23671e-012
subset 1		2776	0
subset 1		2777	1.8625e-011
subset 1		2778	2.34703e-011
subset 1		2779	0
subset 1		2780	2.38088e-012
subset 1		2781	2.17449e-011
subset 1		2782	2.70816e-011
subset 1		2783	2.39085e-011
subset 1		2784	7.48148e-013
subset 1		2785	0
subset 1		2786	3.46443e-011
subset 1		2787	1.16551e-011
subset 1		2788	5.86475e-012
subset 1		2789	0
subset 1		140	2790	3.80895e-012
subset 1		2791	2.09426e-011
subset 1		2792	1.65951e-011
subset 1		2793	2.1436e-011
subset 1		2794	0
subset 1		2795	6.82247e-012
subset 1		2796	0
subset 1		2797	5.21535e-012
subset 1		2798	2.07382e-011
subset 1		2799	1.13429e-012
subset 1		2800	0
subset 1		2801	0
subset 1		2802	2.60515e-011
subset 1		2803	0
subset 1		2804	2.12577e-011
subset 1		2805	2.48704e-011
subset 1		2806	0
subset 1		2807	1.30798e-011
subset 1		2808	1.79538e-011
subset 1		2809	1.58955e-011
subset 1		141	2810	1.8637e-011
subset 1		2811	8.69934e-012
subset 1		2812	0
subset 1		2813	9.81861e-012
subset 1		2814	8.59075e-012
subset 1		2815	1.27907e-011
subset 1		2816	1.70352e-011
subset 1		2817	2.04527e-011
subset 1		2818	1.71247e-013
subset 1		2819	8.4405e-012
subset 1		2820	2.1286e-012
subset 1		2821	1.61993e-011
subset 1		2822	2.28815e-011
subset 1		2823	0
subset 1		2824	0
subset 1		2825	1.74149e-011
subset 1		2826	1.79037e-011
subset 1		2827	6.9572e-012
subset 1		2828	1.53246e-011
subset 1		2829	1.94045e-011
subset 1		142	2830	0
subset 1		2831	9.13804e-012
subset 1		2832	0
subset 1		2833	7.46314e-012
subset 1		2834	0
subset 1		2835	6.39928e-012
subset 1		2836	3.73068e-013
subset 1		2837	0
subset 1		2838	1.2723e-011
subset 1		2839	0
subset 1		2840	0
subset 1		2841	3.23608e-011
subset 1		2842	0
subset 1		2843	0
subset 1		2844	4.47258e-012
subset 1		2845	0
subset 1		2846	2.15936e-011
subset 1		2847	7.51178e-012
subset 1		2848	0
subset 1		2849	1.58202e-011
subset 1		143	2850	1.29257e-012
subset 1		2851	9.45275e-013
subset 1		2852	1.92873e-011
subset 1		2853	0
subset 1		2854	0
subset 1		2855	3.31861e-011
subset 1		2856	6.74113e-013
subset 1		2857	0
subset 1		2858	1.7367e-011
subset 1		2859	0
subset 1		2860	0
subset 1		2861	1.48591e-011
subset 1		2862	6.47415e-012
subset 1		2863	0
subset 1		2864	3.88826e-012
subset 1		2865	0
subset 1		2866	8.68947e-012
subset 1		2867	1.50994e-011
subset 1		2868	0
subset 1		2869	8.07942e-012
subset 1		144	2870	3.3665e-012
subset 1		2871	2.87836e-012
subset 1		2872	0
subset 1		2873	1.11192e-011
subset 1		2874	8.23461e-013
subset 1		2875	1.13801e-011
subset 1		2876	2.88901e-012
subset 1		2877	0
subset 1		2878	0
subset 1		2879	1.32415e-011
subset 1		2880	3.47864e-011
subset 1		2881	0
subset 1		2882	0
subset 1		2883	2.02651e-011
subset 1		2884	0
subset 1		2885	6.7332e-012
subset 1		2886	1.15993e-011
subset 1		2887	3.55587e-012
subset 1		2888	3.50621e-011
subset 1		2889	2.20031e-011
subset 1		145	2890	9.72686e-012
subset 1		2891	0
subset 1		2892	1.05156e-011
subset 1		2893	5.81653e-012
subset 1		2894	3.32857e-011
subset 1		2895	2.56339e-011
subset 1		2896	0
subset 1		2897	1.2348e-011
subset 1		2898	1.05996e-011
subset 1		2899	0
subset 1		2900	1.48959e-011
subset 1		2901	0
subset 1		2902	0
subset 1		2903	9.49933e-012
subset 1		2904	1.43697e-011
subset 1		2905	0
subset 1		2906	1.86764e-011
subset 1		2907	0
subset 1		2908	9.35633e-012
subset 1		2909	3.82431e-012
subset 1		146	2910	0
subset 1		2911	1.62926e-011
subset 1		2912	1.4445e-011
subset 1		2913	2.07487e-012
subset 1		2914	0
subset 1		2915	1.1264e-011
subset 1		2916	7.19473e-012
subset 1		2917	6.20262e-012
subset 1		2918	9.31004e-012
subset 1		2919	1.85294e-011
subset 1		2920	0
subset 1		2921	2.48067e-012
subset 1		2922	1.30361e-011
subset 1		2923	0
subset 1		2924	2.63493e-011
subset 1		2925	6.47527e-012
subset 1		2926	1.05611e-011
subset 1		2927	2.13466e-012
subset 1		2928	2.03543e-012
subset 1		2929	1.97194e-011
subset 1		147	2930	1.50947e-011
subset 1		2931	2.12421e-011
subset 1		2932	1.47937e-011
subset 1		2933	2.0334e-011
subset 1		2934	1.83732e-011
subset 1		2935	1.72434e-011
subset 1		2936	1.3357e-011
subset 1		2937	0
subset 1		2938	0
subset 1		2939	0
subset 1		2940	0
subset 1		2941	4.55909e-012
subset 1		2942	3.19598e-011
subset 1		2943	2.84024e-011
subset 1		2944	0
subset 1		2945	0
subset 1		2946	4.30293e-012
subset 1		2947	1.74541e-011
subset 1		2948	1.53358e-011
subset 1		2949	7.90779e-012
subset 1		148	2950	3.86287e-012
subset 1		2951	0
subset 1		2952	0
subset 1		2953	8.92247e-012
subset 1		2954	4.45585e-011
subset 1		2955	2.72942e-011
subset 1		2956	0
subset 1		2957	9.21396e-012
subset 1		2958	5.00085e-012
subset 1		2959	0
subset 1		2960	2.91493e-011
subset 1		2961	9.20845e-012
subset 1		2962	0
subset 1		2963	5.73724e-012
subset 1		2964	1.52559e-011
subset 1		2965	1.79224e-011
subset 1		2966	3.06571e-011
subset 1		2967	1.21472e-011
subset 1		2968	0
subset 1		2969	1.07954e-011
subset 1		149	2970	2.73528e-011
subset 1		2971	0
subset 1		2972	1.57027e-011
subset 1		2973	2.3946e-011
subset 1		2974	0
subset 1		2975	7.53491e-013
subset 1		2976	1.4921e-011
subset 1		2977	4.45416e-012
subset 1		2978	0
subset 1		2979	2.14723e-011
subset 1		2980	0
subset 1		2981	2.94261e-011
subset 1		2982	2.10313e-011
subset 1		2983	0
subset 1		2984	3.9508e-011
subset 1		2985	2.51292e-012
subset 1		2986	1.70751e-011
subset 1		2987	1.49146e-011
subset 1		2988	1.07159e-011
subset 1		2989	1.53375e-011
subset 1		150	2990	7.00778e-012
subset 1		2991	4.1263e-012
subset 1		2992	8.62759e-012
subset 1		2993	1.21469e-011
subset 1		2994	0
subset 1		2995	5.26734e-013
subset 1		2996	1.50226e-011
subset 1		2997	1.8645e-011
subset 1		2998	0
subset 1		2999	2.1358e-011
subset 1		3000	1.35541e-011
