3.67459e-005
subset 1		1	1.69675e-008
subset 1		2	1.80392e-008
subset 1		3	1.86013e-008
subset 1		4	1.91798e-008
subset 1		5	1.71483e-008
subset 1		6	1.4586e-008
subset 1		7	1.20815e-008
subset 1		8	1.15632e-008
subset 1		9	1.14847e-008
subset 1		1	10	1.16753e-008
subset 1		11	1.26652e-008
subset 1		12	1.33255e-008
subset 1		13	1.31254e-008
subset 1		14	1.27265e-008
subset 1		15	1.10927e-008
subset 1		16	8.97711e-009
subset 1		17	8.47488e-009
subset 1		18	8.57819e-009
subset 1		19	8.58461e-009
subset 1		20	8.63291e-009
subset 1		21	8.46365e-009
subset 1		22	8.61848e-009
subset 1		23	1.00891e-008
subset 1		24	1.15284e-008
subset 1		25	1.49109e-008
subset 1		26	2.12054e-008
subset 1		27	2.94446e-008
subset 1		28	3.43281e-008
subset 1		29	4.29785e-008
subset 1		2	30	4.76695e-008
subset 1		31	5.1156e-008
subset 1		32	4.97539e-008
subset 1		33	4.3938e-008
subset 1		34	4.07485e-008
subset 1		35	2.3729e-008
subset 1		36	9.92464e-009
subset 1		37	5.11943e-009
subset 1		38	2.51933e-009
subset 1		39	1.716e-009
subset 1		40	1.44939e-009
subset 1		41	1.4538e-009
subset 1		42	1.45427e-009
subset 1		43	1.36299e-009
subset 1		44	1.41721e-009
subset 1		45	1.41582e-009
subset 1		46	1.34088e-009
subset 1		47	1.4112e-009
subset 1		48	1.42842e-009
subset 1		49	1.32921e-009
subset 1		3	50	1.43108e-009
subset 1		51	1.41439e-009
subset 1		52	1.32729e-009
subset 1		53	1.41083e-009
subset 1		54	1.37872e-009
subset 1		55	1.31292e-009
subset 1		56	1.36368e-009
subset 1		57	1.36703e-009
subset 1		58	1.30183e-009
subset 1		59	1.33546e-009
subset 1		60	1.35108e-009
subset 1		61	1.29994e-009
subset 1		62	1.3203e-009
subset 1		63	1.35959e-009
subset 1		64	1.25788e-009
subset 1		65	1.37346e-009
subset 1		66	1.34702e-009
subset 1		67	1.26769e-009
subset 1		68	1.31906e-009
subset 1		69	1.33101e-009
subset 1		4	70	1.26241e-009
subset 1		71	1.32283e-009
subset 1		72	1.31723e-009
subset 1		73	1.25675e-009
subset 1		74	1.33023e-009
subset 1		75	1.28868e-009
subset 1		76	1.24712e-009
subset 1		77	1.29691e-009
subset 1		78	1.31331e-009
subset 1		79	1.23298e-009
subset 1		80	1.29354e-009
subset 1		81	1.30047e-009
subset 1		82	1.22827e-009
subset 1		83	1.30998e-009
subset 1		84	1.31783e-009
subset 1		85	1.21729e-009
subset 1		86	1.33672e-009
subset 1		87	1.30057e-009
subset 1		88	1.26294e-009
subset 1		89	1.31489e-009
subset 1		5	90	1.28594e-009
subset 1		91	1.24047e-009
subset 1		92	1.26203e-009
subset 1		93	1.29576e-009
subset 1		94	1.21718e-009
subset 1		95	1.2706e-009
subset 1		96	1.31869e-009
subset 1		97	1.22127e-009
subset 1		98	1.27524e-009
subset 1		99	1.29594e-009
subset 1		100	1.19935e-009
subset 1		101	1.2705e-009
subset 1		102	1.28582e-009
subset 1		103	1.24114e-009
subset 1		104	1.28695e-009
subset 1		105	1.27823e-009
subset 1		106	1.23564e-009
subset 1		107	1.29016e-009
subset 1		108	1.32492e-009
subset 1		109	1.22477e-009
subset 1		6	110	1.2956e-009
subset 1		111	1.32297e-009
subset 1		112	1.2205e-009
subset 1		113	1.29008e-009
subset 1		114	1.29408e-009
subset 1		115	1.18439e-009
subset 1		116	1.26294e-009
subset 1		117	1.26413e-009
subset 1		118	1.20814e-009
subset 1		119	1.27215e-009
subset 1		120	1.26007e-009
subset 1		121	1.21284e-009
subset 1		122	1.24999e-009
subset 1		123	1.25148e-009
subset 1		124	1.19531e-009
subset 1		125	1.24263e-009
subset 1		126	1.2681e-009
subset 1		127	1.21372e-009
subset 1		128	1.26503e-009
subset 1		129	1.26028e-009
subset 1		7	130	1.1572e-009
subset 1		131	1.26861e-009
subset 1		132	1.2684e-009
subset 1		133	1.17532e-009
subset 1		134	1.26959e-009
subset 1		135	1.22466e-009
subset 1		136	1.1648e-009
subset 1		137	1.24085e-009
subset 1		138	1.23932e-009
subset 1		139	1.18851e-009
subset 1		140	1.22709e-009
subset 1		141	1.24983e-009
subset 1		142	1.18031e-009
subset 1		143	1.20136e-009
subset 1		144	1.25813e-009
subset 1		145	1.1744e-009
subset 1		146	1.23843e-009
subset 1		147	1.25969e-009
subset 1		148	1.1511e-009
subset 1		149	1.24644e-009
subset 1		8	150	1.22957e-009
subset 1		151	1.16805e-009
subset 1		152	1.24063e-009
subset 1		153	1.22288e-009
subset 1		154	1.18084e-009
subset 1		155	1.23869e-009
subset 1		156	1.25772e-009
subset 1		157	1.21534e-009
subset 1		158	1.22998e-009
subset 1		159	1.2782e-009
subset 1		160	1.17827e-009
subset 1		161	1.26898e-009
subset 1		162	1.25362e-009
subset 1		163	1.17134e-009
subset 1		164	1.25673e-009
subset 1		165	1.24191e-009
subset 1		166	1.126e-009
subset 1		167	1.22797e-009
subset 1		168	1.22843e-009
subset 1		169	1.15902e-009
subset 1		9	170	1.20306e-009
subset 1		171	1.22484e-009
subset 1		172	1.14408e-009
subset 1		173	1.19552e-009
subset 1		174	1.22015e-009
subset 1		175	1.14913e-009
subset 1		176	1.21213e-009
subset 1		177	1.2581e-009
subset 1		178	1.14424e-009
subset 1		179	1.22702e-009
subset 1		180	1.2133e-009
subset 1		181	1.12841e-009
subset 1		182	1.20968e-009
subset 1		183	1.22482e-009
subset 1		184	1.16348e-009
subset 1		185	1.21956e-009
subset 1		186	1.22004e-009
subset 1		187	1.14764e-009
subset 1		188	1.21814e-009
subset 1		189	1.19722e-009
subset 1		10	190	1.15473e-009
subset 1		191	1.20689e-009
subset 1		192	1.23245e-009
subset 1		193	1.14175e-009
subset 1		194	1.21859e-009
subset 1		195	1.24723e-009
subset 1		196	1.15611e-009
subset 1		197	1.21214e-009
subset 1		198	1.22395e-009
subset 1		199	1.16181e-009
subset 1		200	1.2014e-009
subset 1		201	1.20359e-009
subset 1		202	1.15257e-009
subset 1		203	1.2108e-009
subset 1		204	1.24133e-009
subset 1		205	1.17654e-009
subset 1		206	1.24122e-009
subset 1		207	1.2628e-009
subset 1		208	1.19141e-009
subset 1		209	1.24839e-009
subset 1		11	210	1.3051e-009
subset 1		211	1.22984e-009
subset 1		212	1.31095e-009
subset 1		213	1.38241e-009
subset 1		214	1.34212e-009
subset 1		215	1.49204e-009
subset 1		216	1.62527e-009
subset 1		217	1.69917e-009
subset 1		218	2.10627e-009
subset 1		219	2.512e-009
subset 1		220	2.81758e-009
subset 1		221	3.07854e-009
subset 1		222	3.82586e-009
subset 1		223	5.60668e-009
subset 1		224	8.77766e-009
subset 1		225	1.11286e-008
subset 1		226	1.43032e-008
subset 1		227	1.68537e-008
subset 1		228	1.84941e-008
subset 1		229	1.87406e-008
subset 1		12	230	1.92113e-008
subset 1		231	1.91755e-008
subset 1		232	1.72409e-008
subset 1		233	1.57206e-008
subset 1		234	1.02278e-008
subset 1		235	5.34501e-009
subset 1		236	2.82476e-009
subset 1		237	1.72005e-009
subset 1		238	1.37001e-009
subset 1		239	1.32776e-009
subset 1		240	1.32595e-009
subset 1		241	1.27535e-009
subset 1		242	1.37285e-009
subset 1		243	1.57078e-009
subset 1		244	1.71433e-009
subset 1		245	2.12836e-009
subset 1		246	2.31628e-009
subset 1		247	2.45878e-009
subset 1		248	2.67438e-009
subset 1		249	2.71385e-009
subset 1		13	250	2.65157e-009
subset 1		251	2.74028e-009
subset 1		252	2.56845e-009
subset 1		253	2.37805e-009
subset 1		254	2.13848e-009
subset 1		255	1.66315e-009
subset 1		256	1.48775e-009
subset 1		257	1.54194e-009
subset 1		258	1.69299e-009
subset 1		259	1.73672e-009
subset 1		260	1.97199e-009
subset 1		261	2.18678e-009
subset 1		262	2.68772e-009
subset 1		263	3.60927e-009
subset 1		264	5.38215e-009
subset 1		265	7.52157e-009
subset 1		266	9.30097e-009
subset 1		267	1.02236e-008
subset 1		268	1.10122e-008
subset 1		269	1.12463e-008
subset 1		14	270	1.11953e-008
subset 1		271	1.11255e-008
subset 1		272	1.03984e-008
subset 1		273	9.04992e-009
subset 1		274	6.05192e-009
subset 1		275	3.48083e-009
subset 1		276	2.31891e-009
subset 1		277	1.58722e-009
subset 1		278	1.50697e-009
subset 1		279	1.52776e-009
subset 1		280	1.50108e-009
subset 1		281	1.69332e-009
subset 1		282	2.1332e-009
subset 1		283	3.24793e-009
subset 1		284	4.51437e-009
subset 1		285	6.40587e-009
subset 1		286	7.90945e-009
subset 1		287	9.08033e-009
subset 1		288	9.60278e-009
subset 1		289	9.71737e-009
subset 1		15	290	9.45941e-009
subset 1		291	9.69983e-009
subset 1		292	9.15731e-009
subset 1		293	7.84965e-009
subset 1		294	6.87454e-009
subset 1		295	3.319e-009
subset 1		296	2.76112e-009
subset 1		297	2.63977e-009
subset 1		298	3.02489e-009
subset 1		299	3.62062e-009
subset 1		300	4.22907e-009
subset 1		301	4.82855e-009
subset 1		302	8.14225e-009
subset 1		303	1.51099e-008
subset 1		304	2.51491e-008
subset 1		305	3.25082e-008
subset 1		306	4.1909e-008
subset 1		307	4.82303e-008
subset 1		308	5.178e-008
subset 1		309	5.10869e-008
subset 1		16	310	4.96058e-008
subset 1		311	5.03196e-008
subset 1		312	4.6731e-008
subset 1		313	3.96615e-008
subset 1		314	2.82821e-008
subset 1		315	1.10291e-008
subset 1		316	6.39768e-009
subset 1		317	4.25967e-009
subset 1		318	3.59911e-009
subset 1		319	3.70786e-009
subset 1		320	4.43493e-009
subset 1		321	6.10319e-009
subset 1		322	1.07227e-008
subset 1		323	2.18555e-008
subset 1		324	3.74631e-008
subset 1		325	5.19089e-008
subset 1		326	5.92317e-008
subset 1		327	6.85753e-008
subset 1		328	7.29732e-008
subset 1		329	7.16036e-008
subset 1		17	330	6.83293e-008
subset 1		331	7.04857e-008
subset 1		332	6.45751e-008
subset 1		333	5.42107e-008
subset 1		334	4.15023e-008
subset 1		335	1.4576e-008
subset 1		336	9.1363e-009
subset 1		337	6.60936e-009
subset 1		338	5.8537e-009
subset 1		339	6.48834e-009
subset 1		340	8.33733e-009
subset 1		341	1.20849e-008
subset 1		342	2.1723e-008
subset 1		343	4.5791e-008
subset 1		344	8.12633e-008
subset 1		345	1.12521e-007
subset 1		346	1.38204e-007
subset 1		347	1.51221e-007
subset 1		348	1.59521e-007
subset 1		349	1.54982e-007
subset 1		18	350	1.47975e-007
subset 1		351	1.5292e-007
subset 1		352	1.41524e-007
subset 1		353	1.14777e-007
subset 1		354	8.64235e-008
subset 1		355	2.42782e-008
subset 1		356	1.49724e-008
subset 1		357	6.75457e-009
subset 1		358	2.25624e-009
subset 1		359	1.4778e-009
subset 1		360	1.27468e-009
subset 1		361	1.12385e-009
subset 1		362	1.24443e-009
subset 1		363	1.28721e-009
subset 1		364	1.32585e-009
subset 1		365	1.49105e-009
subset 1		366	1.58724e-009
subset 1		367	1.60674e-009
subset 1		368	1.66055e-009
subset 1		369	1.71752e-009
subset 1		19	370	1.61422e-009
subset 1		371	1.67905e-009
subset 1		372	1.70259e-009
subset 1		373	1.50524e-009
subset 1		374	1.48611e-009
subset 1		375	1.25538e-009
subset 1		376	1.11308e-009
subset 1		377	1.16468e-009
subset 1		378	1.16471e-009
subset 1		379	1.08972e-009
subset 1		380	1.16214e-009
subset 1		381	1.15846e-009
subset 1		382	1.18148e-009
subset 1		383	1.29705e-009
subset 1		384	1.38327e-009
subset 1		385	1.38536e-009
subset 1		386	1.52608e-009
subset 1		387	1.59537e-009
subset 1		388	1.52176e-009
subset 1		389	1.5542e-009
subset 1		20	390	1.55499e-009
subset 1		391	1.48214e-009
subset 1		392	1.5198e-009
subset 1		393	1.41664e-009
subset 1		394	1.29428e-009
subset 1		395	1.17937e-009
subset 1		396	1.13129e-009
subset 1		397	1.058e-009
subset 1		398	1.10642e-009
subset 1		399	1.11119e-009
subset 1		400	1.04834e-009
subset 1		401	1.07915e-009
subset 1		402	1.11575e-009
subset 1		403	1.03666e-009
subset 1		404	1.08561e-009
subset 1		405	1.13556e-009
subset 1		406	1.02607e-009
subset 1		407	1.1041e-009
subset 1		408	1.10715e-009
subset 1		409	1.01894e-009
subset 1		21	410	1.11283e-009
subset 1		411	1.09759e-009
subset 1		412	1.01227e-009
subset 1		413	1.09148e-009
subset 1		414	1.08235e-009
subset 1		415	1.02722e-009
subset 1		416	1.10974e-009
subset 1		417	1.1153e-009
subset 1		418	1.03948e-009
subset 1		419	1.1128e-009
subset 1		420	1.14767e-009
subset 1		421	1.06971e-009
subset 1		422	1.2259e-009
subset 1		423	1.40495e-009
subset 1		424	1.45225e-009
subset 1		425	1.64091e-009
subset 1		426	1.68682e-009
subset 1		427	1.65728e-009
subset 1		428	1.72955e-009
subset 1		429	1.68731e-009
subset 1		22	430	1.62621e-009
subset 1		431	1.6799e-009
subset 1		432	1.60383e-009
subset 1		433	1.48703e-009
subset 1		434	1.29874e-009
subset 1		435	1.15996e-009
subset 1		436	1.06734e-009
subset 1		437	1.12293e-009
subset 1		438	1.07723e-009
subset 1		439	9.86284e-010
subset 1		440	1.08225e-009
subset 1		441	1.09219e-009
subset 1		442	1.01593e-009
subset 1		443	1.08075e-009
subset 1		444	1.07073e-009
subset 1		445	1.02778e-009
subset 1		446	1.07857e-009
subset 1		447	1.06121e-009
subset 1		448	1.01623e-009
subset 1		449	1.07437e-009
subset 1		23	450	1.10153e-009
subset 1		451	1.00915e-009
subset 1		452	1.05564e-009
subset 1		453	1.08172e-009
subset 1		454	1.029e-009
subset 1		455	1.07999e-009
subset 1		456	1.10957e-009
subset 1		457	1.03935e-009
subset 1		458	1.109e-009
subset 1		459	1.12068e-009
subset 1		460	1.05881e-009
subset 1		461	1.14799e-009
subset 1		462	1.21984e-009
subset 1		463	1.27381e-009
subset 1		464	1.40322e-009
subset 1		465	1.52274e-009
subset 1		466	1.5305e-009
subset 1		467	1.62676e-009
subset 1		468	1.68797e-009
subset 1		469	1.57362e-009
subset 1		24	470	1.6434e-009
subset 1		471	1.7142e-009
subset 1		472	1.54687e-009
subset 1		473	1.52693e-009
subset 1		474	1.39451e-009
subset 1		475	1.11259e-009
subset 1		476	1.14897e-009
subset 1		477	1.13468e-009
subset 1		478	1.07232e-009
subset 1		479	1.17449e-009
subset 1		480	1.19867e-009
subset 1		481	1.21413e-009
subset 1		482	1.46793e-009
subset 1		483	1.847e-009
subset 1		484	2.19487e-009
subset 1		485	2.44065e-009
subset 1		486	2.7542e-009
subset 1		487	2.86763e-009
subset 1		488	3.04862e-009
subset 1		489	2.97576e-009
subset 1		25	490	2.81482e-009
subset 1		491	3.01872e-009
subset 1		492	2.94636e-009
subset 1		493	2.51445e-009
subset 1		494	2.24163e-009
subset 1		495	1.4148e-009
subset 1		496	1.28958e-009
subset 1		497	1.36621e-009
subset 1		498	1.43361e-009
subset 1		499	1.42706e-009
subset 1		500	1.62692e-009
subset 1		501	2.12699e-009
subset 1		502	2.72649e-009
subset 1		503	4.44787e-009
subset 1		504	6.37735e-009
subset 1		505	7.65265e-009
subset 1		506	8.53204e-009
subset 1		507	9.58154e-009
subset 1		508	1.00465e-008
subset 1		509	1.00071e-008
subset 1		26	510	9.52875e-009
subset 1		511	9.83008e-009
subset 1		512	9.6798e-009
subset 1		513	8.23199e-009
subset 1		514	7.02714e-009
subset 1		515	2.75666e-009
subset 1		516	1.73821e-009
subset 1		517	1.51899e-009
subset 1		518	1.40041e-009
subset 1		519	1.37557e-009
subset 1		520	1.35002e-009
subset 1		521	1.62547e-009
subset 1		522	2.22444e-009
subset 1		523	2.87087e-009
subset 1		524	4.05838e-009
subset 1		525	5.00077e-009
subset 1		526	5.66737e-009
subset 1		527	6.09854e-009
subset 1		528	6.52876e-009
subset 1		529	6.5344e-009
subset 1		27	530	6.41236e-009
subset 1		531	6.68077e-009
subset 1		532	6.94467e-009
subset 1		533	6.54816e-009
subset 1		534	6.44669e-009
subset 1		535	4.83596e-009
subset 1		536	6.38791e-009
subset 1		537	8.83411e-009
subset 1		538	1.10177e-008
subset 1		539	1.35214e-008
subset 1		540	1.73769e-008
subset 1		541	3.18419e-008
subset 1		542	7.18417e-008
subset 1		543	1.24284e-007
subset 1		544	1.56017e-007
subset 1		545	1.89836e-007
subset 1		546	2.18107e-007
subset 1		547	2.40218e-007
subset 1		548	2.46111e-007
subset 1		549	2.39172e-007
subset 1		28	550	2.29396e-007
subset 1		551	2.43326e-007
subset 1		552	2.24672e-007
subset 1		553	1.93139e-007
subset 1		554	1.21196e-007
subset 1		555	2.70205e-008
subset 1		556	1.49811e-008
subset 1		557	1.00409e-008
subset 1		558	3.70912e-009
subset 1		559	1.94369e-009
subset 1		560	1.65941e-009
subset 1		561	1.82457e-009
subset 1		562	2.49219e-009
subset 1		563	3.68288e-009
subset 1		564	4.81763e-009
subset 1		565	5.30266e-009
subset 1		566	6.06336e-009
subset 1		567	6.66092e-009
subset 1		568	6.88877e-009
subset 1		569	6.78558e-009
subset 1		29	570	6.51908e-009
subset 1		571	6.72849e-009
subset 1		572	6.54474e-009
subset 1		573	5.8669e-009
subset 1		574	4.27847e-009
subset 1		575	2.00521e-009
subset 1		576	1.53072e-009
subset 1		577	1.41023e-009
subset 1		578	1.44067e-009
subset 1		579	1.50288e-009
subset 1		580	1.583e-009
subset 1		581	2.05676e-009
subset 1		582	3.45018e-009
subset 1		583	5.20975e-009
subset 1		584	6.8071e-009
subset 1		585	7.51094e-009
subset 1		586	8.40751e-009
subset 1		587	9.316e-009
subset 1		588	9.71109e-009
subset 1		589	9.33956e-009
subset 1		30	590	8.95943e-009
subset 1		591	9.42172e-009
subset 1		592	8.83242e-009
subset 1		593	7.87157e-009
subset 1		594	5.64326e-009
subset 1		595	1.97716e-009
subset 1		596	1.46341e-009
subset 1		597	1.342e-009
subset 1		598	1.07525e-009
subset 1		599	1.0644e-009
subset 1		600	1.08999e-009
subset 1		601	1.01665e-009
subset 1		602	1.1852e-009
subset 1		603	1.32325e-009
subset 1		604	1.39288e-009
subset 1		605	1.6117e-009
subset 1		606	1.63641e-009
subset 1		607	1.70553e-009
subset 1		608	1.83707e-009
subset 1		609	1.83407e-009
subset 1		31	610	1.74861e-009
subset 1		611	1.78193e-009
subset 1		612	1.80349e-009
subset 1		613	1.65368e-009
subset 1		614	1.62843e-009
subset 1		615	1.27356e-009
subset 1		616	1.14179e-009
subset 1		617	1.26609e-009
subset 1		618	1.3223e-009
subset 1		619	1.27727e-009
subset 1		620	1.57059e-009
subset 1		621	2.25018e-009
subset 1		622	3.41877e-009
subset 1		623	4.66232e-009
subset 1		624	5.79782e-009
subset 1		625	6.51915e-009
subset 1		626	7.26082e-009
subset 1		627	7.63636e-009
subset 1		628	7.85265e-009
subset 1		629	7.58598e-009
subset 1		32	630	7.36346e-009
subset 1		631	7.66836e-009
subset 1		632	7.15154e-009
subset 1		633	6.3905e-009
subset 1		634	3.64592e-009
subset 1		635	1.54969e-009
subset 1		636	1.32837e-009
subset 1		637	1.11076e-009
subset 1		638	1.07981e-009
subset 1		639	1.01319e-009
subset 1		640	9.43165e-010
subset 1		641	1.02849e-009
subset 1		642	1.01293e-009
subset 1		643	9.81742e-010
subset 1		644	1.02017e-009
subset 1		645	1.07087e-009
subset 1		646	1.00614e-009
subset 1		647	1.05825e-009
subset 1		648	1.10395e-009
subset 1		649	9.80885e-010
subset 1		33	650	1.09137e-009
subset 1		651	1.08676e-009
subset 1		652	9.87694e-010
subset 1		653	1.06113e-009
subset 1		654	1.02191e-009
subset 1		655	9.21573e-010
subset 1		656	9.84064e-010
subset 1		657	9.79248e-010
subset 1		658	9.17763e-010
subset 1		659	9.79501e-010
subset 1		660	9.93766e-010
subset 1		661	9.62027e-010
subset 1		662	1.03727e-009
subset 1		663	1.10205e-009
subset 1		664	1.05538e-009
subset 1		665	1.15944e-009
subset 1		666	1.19791e-009
subset 1		667	1.12202e-009
subset 1		668	1.20987e-009
subset 1		669	1.1981e-009
subset 1		34	670	1.09905e-009
subset 1		671	1.18802e-009
subset 1		672	1.15416e-009
subset 1		673	1.08343e-009
subset 1		674	1.04953e-009
subset 1		675	9.792e-010
subset 1		676	9.16586e-010
subset 1		677	9.77036e-010
subset 1		678	9.90934e-010
subset 1		679	9.10058e-010
subset 1		680	9.5876e-010
subset 1		681	9.83442e-010
subset 1		682	8.86665e-010
subset 1		683	9.9108e-010
subset 1		684	9.96687e-010
subset 1		685	9.04371e-010
subset 1		686	9.67398e-010
subset 1		687	9.87801e-010
subset 1		688	8.89331e-010
subset 1		689	9.92653e-010
subset 1		35	690	9.81433e-010
subset 1		691	8.88936e-010
subset 1		692	9.73127e-010
subset 1		693	9.75711e-010
subset 1		694	9.01226e-010
subset 1		695	9.57504e-010
subset 1		696	9.90242e-010
subset 1		697	9.12723e-010
subset 1		698	9.58546e-010
subset 1		699	9.87738e-010
subset 1		700	8.95874e-010
subset 1		701	9.99269e-010
subset 1		702	1.00193e-009
subset 1		703	9.53104e-010
subset 1		704	1.05314e-009
subset 1		705	1.06695e-009
subset 1		706	1.02662e-009
subset 1		707	1.08607e-009
subset 1		708	1.11507e-009
subset 1		709	1.03752e-009
subset 1		36	710	1.07898e-009
subset 1		711	1.10763e-009
subset 1		712	1.02564e-009
subset 1		713	1.05972e-009
subset 1		714	1.05386e-009
subset 1		715	9.08868e-010
subset 1		716	9.63106e-010
subset 1		717	9.84471e-010
subset 1		718	8.93037e-010
subset 1		719	9.81883e-010
subset 1		720	9.89722e-010
subset 1		721	9.95713e-010
subset 1		722	1.10664e-009
subset 1		723	1.20725e-009
subset 1		724	1.21325e-009
subset 1		725	1.3151e-009
subset 1		726	1.3747e-009
subset 1		727	1.33241e-009
subset 1		728	1.40349e-009
subset 1		729	1.43377e-009
subset 1		37	730	1.3288e-009
subset 1		731	1.38435e-009
subset 1		732	1.44407e-009
subset 1		733	1.27738e-009
subset 1		734	1.29517e-009
subset 1		735	1.0464e-009
subset 1		736	9.34771e-010
subset 1		737	9.93735e-010
subset 1		738	9.71695e-010
subset 1		739	9.26989e-010
subset 1		740	9.94147e-010
subset 1		741	1.0604e-009
subset 1		742	1.1391e-009
subset 1		743	1.2943e-009
subset 1		744	1.45562e-009
subset 1		745	1.4293e-009
subset 1		746	1.56001e-009
subset 1		747	1.62088e-009
subset 1		748	1.61633e-009
subset 1		749	1.66413e-009
subset 1		38	750	1.63875e-009
subset 1		751	1.55956e-009
subset 1		752	1.68199e-009
subset 1		753	1.58986e-009
subset 1		754	1.37826e-009
subset 1		755	1.11594e-009
subset 1		756	1.03223e-009
subset 1		757	9.85562e-010
subset 1		758	1.03418e-009
subset 1		759	1.05368e-009
subset 1		760	1.02301e-009
subset 1		761	1.23854e-009
subset 1		762	1.63659e-009
subset 1		763	2.03399e-009
subset 1		764	2.47982e-009
subset 1		765	2.76449e-009
subset 1		766	2.80359e-009
subset 1		767	3.06355e-009
subset 1		768	3.26015e-009
subset 1		769	3.27613e-009
subset 1		39	770	3.14464e-009
subset 1		771	3.07245e-009
subset 1		772	3.13945e-009
subset 1		773	3.0511e-009
subset 1		774	2.82315e-009
subset 1		775	1.69416e-009
subset 1		776	1.10408e-009
subset 1		777	1.09738e-009
subset 1		778	9.69619e-010
subset 1		779	1.07809e-009
subset 1		780	1.2096e-009
subset 1		781	1.43394e-009
subset 1		782	1.78834e-009
subset 1		783	2.20376e-009
subset 1		784	2.45617e-009
subset 1		785	2.78608e-009
subset 1		786	2.94618e-009
subset 1		787	3.01898e-009
subset 1		788	3.17806e-009
subset 1		789	3.17285e-009
subset 1		40	790	3.0097e-009
subset 1		791	3.01509e-009
subset 1		792	3.02505e-009
subset 1		793	2.77992e-009
subset 1		794	2.14237e-009
subset 1		795	1.52675e-009
subset 1		796	1.01759e-009
subset 1		797	1.04273e-009
subset 1		798	1.06001e-009
subset 1		799	9.48349e-010
subset 1		800	1.06812e-009
subset 1		801	1.23508e-009
subset 1		802	1.62073e-009
subset 1		803	1.99982e-009
subset 1		804	2.49075e-009
subset 1		805	2.75238e-009
subset 1		806	2.99254e-009
subset 1		807	3.16559e-009
subset 1		808	3.23665e-009
subset 1		809	3.40882e-009
subset 1		41	810	3.34202e-009
subset 1		811	3.11908e-009
subset 1		812	3.23695e-009
subset 1		813	3.24504e-009
subset 1		814	2.88917e-009
subset 1		815	1.95734e-009
subset 1		816	1.17091e-009
subset 1		817	9.32603e-010
subset 1		818	1.01534e-009
subset 1		819	9.68459e-010
subset 1		820	9.41174e-010
subset 1		821	1.11801e-009
subset 1		822	1.32909e-009
subset 1		823	1.52194e-009
subset 1		824	1.72187e-009
subset 1		825	1.92598e-009
subset 1		826	1.95819e-009
subset 1		827	2.12505e-009
subset 1		828	2.19053e-009
subset 1		829	2.13877e-009
subset 1		42	830	2.19349e-009
subset 1		831	2.12381e-009
subset 1		832	2.04615e-009
subset 1		833	2.17073e-009
subset 1		834	1.91093e-009
subset 1		835	1.3672e-009
subset 1		836	1.03639e-009
subset 1		837	9.89026e-010
subset 1		838	9.27173e-010
subset 1		839	9.56016e-010
subset 1		840	1.06578e-009
subset 1		841	1.11656e-009
subset 1		842	1.44281e-009
subset 1		843	1.80897e-009
subset 1		844	1.99729e-009
subset 1		845	2.15323e-009
subset 1		846	2.30998e-009
subset 1		847	2.35753e-009
subset 1		848	2.54659e-009
subset 1		849	2.5851e-009
subset 1		43	850	2.52157e-009
subset 1		851	2.60192e-009
subset 1		852	2.79908e-009
subset 1		853	3.03064e-009
subset 1		854	3.29076e-009
subset 1		855	3.21858e-009
subset 1		856	3.03472e-009
subset 1		857	3.32559e-009
subset 1		858	3.40551e-009
subset 1		859	4.5131e-009
subset 1		860	1.35141e-008
subset 1		861	2.76381e-008
subset 1		862	3.81931e-008
subset 1		863	5.26992e-008
subset 1		864	6.32951e-008
subset 1		865	6.87739e-008
subset 1		866	7.08175e-008
subset 1		867	7.6697e-008
subset 1		868	8.14108e-008
subset 1		869	7.84564e-008
subset 1		44	870	7.11183e-008
subset 1		871	7.2295e-008
subset 1		872	7.48126e-008
subset 1		873	6.80501e-008
subset 1		874	3.92292e-008
subset 1		875	8.35118e-009
subset 1		876	3.00574e-009
subset 1		877	2.16631e-009
subset 1		878	1.70863e-009
subset 1		879	1.33876e-009
subset 1		880	1.11009e-009
subset 1		881	1.36983e-009
subset 1		882	1.63303e-009
subset 1		883	1.77554e-009
subset 1		884	2.07575e-009
subset 1		885	2.17748e-009
subset 1		886	2.19224e-009
subset 1		887	2.2811e-009
subset 1		888	2.3877e-009
subset 1		889	2.32296e-009
subset 1		45	890	2.25471e-009
subset 1		891	2.26638e-009
subset 1		892	2.22734e-009
subset 1		893	2.20162e-009
subset 1		894	1.79758e-009
subset 1		895	1.11982e-009
subset 1		896	9.96358e-010
subset 1		897	9.49391e-010
subset 1		898	8.75232e-010
subset 1		899	9.40472e-010
subset 1		900	9.40869e-010
subset 1		901	9.68513e-010
subset 1		902	1.11643e-009
subset 1		903	1.20726e-009
subset 1		904	1.16932e-009
subset 1		905	1.24896e-009
subset 1		906	1.2999e-009
subset 1		907	1.25638e-009
subset 1		908	1.35409e-009
subset 1		909	1.3753e-009
subset 1		46	910	1.23294e-009
subset 1		911	1.2994e-009
subset 1		912	1.32228e-009
subset 1		913	1.22297e-009
subset 1		914	1.19318e-009
subset 1		915	9.63293e-010
subset 1		916	8.2978e-010
subset 1		917	8.81908e-010
subset 1		918	8.91851e-010
subset 1		919	8.16515e-010
subset 1		920	8.69943e-010
subset 1		921	9.18281e-010
subset 1		922	8.63247e-010
subset 1		923	9.17808e-010
subset 1		924	9.34568e-010
subset 1		925	8.69299e-010
subset 1		926	9.50483e-010
subset 1		927	9.51775e-010
subset 1		928	8.65958e-010
subset 1		929	9.46361e-010
subset 1		47	930	9.43823e-010
subset 1		931	8.8698e-010
subset 1		932	9.45323e-010
subset 1		933	9.41328e-010
subset 1		934	8.92644e-010
subset 1		935	8.73179e-010
subset 1		936	8.74868e-010
subset 1		937	8.15714e-010
subset 1		938	8.74299e-010
subset 1		939	9.09945e-010
subset 1		940	8.8809e-010
subset 1		941	1.01136e-009
subset 1		942	1.05821e-009
subset 1		943	1.00724e-009
subset 1		944	1.17065e-009
subset 1		945	1.18587e-009
subset 1		946	1.10578e-009
subset 1		947	1.22331e-009
subset 1		948	1.23459e-009
subset 1		949	1.12413e-009
subset 1		48	950	1.18759e-009
subset 1		951	1.17763e-009
subset 1		952	1.14455e-009
subset 1		953	1.15863e-009
subset 1		954	1.03333e-009
subset 1		955	8.62895e-010
subset 1		956	8.4024e-010
subset 1		957	8.90146e-010
subset 1		958	7.73317e-010
subset 1		959	8.7344e-010
subset 1		960	9.04355e-010
subset 1		961	8.17654e-010
subset 1		962	9.38867e-010
subset 1		963	9.50404e-010
subset 1		964	8.9398e-010
subset 1		965	9.69209e-010
subset 1		966	9.82735e-010
subset 1		967	9.17195e-010
subset 1		968	9.71974e-010
subset 1		969	1.01226e-009
subset 1		49	970	9.25295e-010
subset 1		971	9.51034e-010
subset 1		972	9.87542e-010
subset 1		973	9.08031e-010
subset 1		974	9.51737e-010
subset 1		975	9.16582e-010
subset 1		976	7.73173e-010
subset 1		977	8.53006e-010
subset 1		978	8.62408e-010
subset 1		979	7.92417e-010
subset 1		980	9.07532e-010
subset 1		981	9.95654e-010
subset 1		982	1.05057e-009
subset 1		983	1.12804e-009
subset 1		984	1.20822e-009
subset 1		985	1.2049e-009
subset 1		986	1.29174e-009
subset 1		987	1.30936e-009
subset 1		988	1.27704e-009
subset 1		989	1.32824e-009
subset 1		50	990	1.32659e-009
subset 1		991	1.17396e-009
subset 1		992	1.26563e-009
subset 1		993	1.30936e-009
subset 1		994	1.14037e-009
subset 1		995	1.00642e-009
subset 1		996	8.65936e-010
subset 1		997	8.0211e-010
subset 1		998	8.47756e-010
subset 1		999	8.70106e-010
subset 1		1000	8.39578e-010
subset 1		1001	9.26239e-010
subset 1		1002	1.01156e-009
subset 1		1003	9.86442e-010
subset 1		1004	1.0773e-009
subset 1		1005	1.14674e-009
subset 1		1006	1.08369e-009
subset 1		1007	1.16367e-009
subset 1		1008	1.20504e-009
subset 1		1009	1.11581e-009
subset 1		51	1010	1.19201e-009
subset 1		1011	1.13759e-009
subset 1		1012	1.08992e-009
subset 1		1013	1.17856e-009
subset 1		1014	1.12582e-009
subset 1		1015	9.14788e-010
subset 1		1016	8.86282e-010
subset 1		1017	8.57586e-010
subset 1		1018	7.9716e-010
subset 1		1019	8.2104e-010
subset 1		1020	9.03102e-010
subset 1		1021	8.37409e-010
subset 1		1022	9.54902e-010
subset 1		1023	1.02757e-009
subset 1		1024	9.74249e-010
subset 1		1025	1.05798e-009
subset 1		1026	1.0897e-009
subset 1		1027	1.02748e-009
subset 1		1028	1.13801e-009
subset 1		1029	1.10938e-009
subset 1		52	1030	1.04393e-009
subset 1		1031	1.07531e-009
subset 1		1032	1.08532e-009
subset 1		1033	1.05564e-009
subset 1		1034	1.07521e-009
subset 1		1035	9.72681e-010
subset 1		1036	8.04675e-010
subset 1		1037	8.38734e-010
subset 1		1038	8.45468e-010
subset 1		1039	7.51578e-010
subset 1		1040	8.42072e-010
subset 1		1041	9.45624e-010
subset 1		1042	8.7197e-010
subset 1		1043	1.00576e-009
subset 1		1044	1.04651e-009
subset 1		1045	1.04186e-009
subset 1		1046	1.11393e-009
subset 1		1047	1.10442e-009
subset 1		1048	1.07411e-009
subset 1		1049	1.14212e-009
subset 1		53	1050	1.14626e-009
subset 1		1051	1.06493e-009
subset 1		1052	1.07382e-009
subset 1		1053	1.12357e-009
subset 1		1054	1.01696e-009
subset 1		1055	9.77135e-010
subset 1		1056	9.12876e-010
subset 1		1057	7.35275e-010
subset 1		1058	8.32919e-010
subset 1		1059	8.38935e-010
subset 1		1060	7.50297e-010
subset 1		1061	8.92777e-010
subset 1		1062	9.15956e-010
subset 1		1063	9.07104e-010
subset 1		1064	9.92143e-010
subset 1		1065	1.02451e-009
subset 1		1066	9.75029e-010
subset 1		1067	1.02112e-009
subset 1		1068	1.06837e-009
subset 1		1069	9.94769e-010
subset 1		54	1070	1.06611e-009
subset 1		1071	1.03609e-009
subset 1		1072	9.56997e-010
subset 1		1073	1.05286e-009
subset 1		1074	1.04615e-009
subset 1		1075	8.96029e-010
subset 1		1076	8.8791e-010
subset 1		1077	8.3259e-010
subset 1		1078	7.60409e-010
subset 1		1079	8.36649e-010
subset 1		1080	8.56196e-010
subset 1		1081	9.05282e-010
subset 1		1082	1.03604e-009
subset 1		1083	1.15298e-009
subset 1		1084	1.14397e-009
subset 1		1085	1.27521e-009
subset 1		1086	1.35542e-009
subset 1		1087	1.26883e-009
subset 1		1088	1.3661e-009
subset 1		1089	1.40116e-009
subset 1		55	1090	1.31567e-009
subset 1		1091	1.345e-009
subset 1		1092	1.30763e-009
subset 1		1093	1.27883e-009
subset 1		1094	1.35486e-009
subset 1		1095	1.183e-009
subset 1		1096	8.84287e-010
subset 1		1097	8.52748e-010
subset 1		1098	8.34959e-010
subset 1		1099	7.70155e-010
subset 1		1100	8.2525e-010
subset 1		1101	9.03317e-010
subset 1		1102	9.02211e-010
subset 1		1103	1.03382e-009
subset 1		1104	1.12837e-009
subset 1		1105	1.06399e-009
subset 1		1106	1.21479e-009
subset 1		1107	1.2026e-009
subset 1		1108	1.14494e-009
subset 1		1109	1.24337e-009
subset 1		56	1110	1.2303e-009
subset 1		1111	1.14164e-009
subset 1		1112	1.19769e-009
subset 1		1113	1.18888e-009
subset 1		1114	1.14518e-009
subset 1		1115	1.10502e-009
subset 1		1116	9.26025e-010
subset 1		1117	7.79622e-010
subset 1		1118	7.83188e-010
subset 1		1119	8.23862e-010
subset 1		1120	7.65792e-010
subset 1		1121	8.69018e-010
subset 1		1122	9.09903e-010
subset 1		1123	8.70162e-010
subset 1		1124	9.76198e-010
subset 1		1125	1.01195e-009
subset 1		1126	9.68226e-010
subset 1		1127	1.0517e-009
subset 1		1128	1.04394e-009
subset 1		1129	1.00734e-009
subset 1		57	1130	1.07686e-009
subset 1		1131	1.06499e-009
subset 1		1132	9.97193e-010
subset 1		1133	1.00449e-009
subset 1		1134	1.0549e-009
subset 1		1135	9.22609e-010
subset 1		1136	8.8202e-010
subset 1		1137	8.39796e-010
subset 1		1138	7.26545e-010
subset 1		1139	8.01347e-010
subset 1		1140	8.08056e-010
subset 1		1141	7.6399e-010
subset 1		1142	8.83173e-010
subset 1		1143	8.91076e-010
subset 1		1144	8.61609e-010
subset 1		1145	9.43688e-010
subset 1		1146	9.68291e-010
subset 1		1147	8.63663e-010
subset 1		1148	9.41947e-010
subset 1		1149	9.96703e-010
subset 1		58	1150	9.11218e-010
subset 1		1151	9.64511e-010
subset 1		1152	9.4497e-010
subset 1		1153	8.65065e-010
subset 1		1154	9.51332e-010
subset 1		1155	9.10244e-010
subset 1		1156	7.62393e-010
subset 1		1157	8.16687e-010
subset 1		1158	7.94772e-010
subset 1		1159	7.14812e-010
subset 1		1160	8.03496e-010
subset 1		1161	7.85095e-010
subset 1		1162	7.40229e-010
subset 1		1163	8.11567e-010
subset 1		1164	8.18322e-010
subset 1		1165	7.50303e-010
subset 1		1166	8.04535e-010
subset 1		1167	8.2671e-010
subset 1		1168	7.37118e-010
subset 1		1169	8.24541e-010
subset 1		59	1170	8.37794e-010
subset 1		1171	7.28786e-010
subset 1		1172	8.21847e-010
subset 1		1173	8.19518e-010
subset 1		1174	7.53506e-010
subset 1		1175	8.06156e-010
subset 1		1176	7.89483e-010
subset 1		1177	7.16902e-010
subset 1		1178	8.32759e-010
subset 1		1179	8.96856e-010
subset 1		1180	8.94911e-010
subset 1		1181	1.01022e-009
subset 1		1182	1.0996e-009
subset 1		1183	1.10589e-009
subset 1		1184	1.20057e-009
subset 1		1185	1.22551e-009
subset 1		1186	1.13315e-009
subset 1		1187	1.225e-009
subset 1		1188	1.29397e-009
subset 1		1189	1.1439e-009
subset 1		60	1190	1.2204e-009
subset 1		1191	1.16057e-009
subset 1		1192	1.13319e-009
subset 1		1193	1.19388e-009
subset 1		1194	9.74777e-010
subset 1		1195	8.02708e-010
subset 1		1196	7.74062e-010
subset 1		1197	7.8186e-010
subset 1		1198	7.02131e-010
subset 1		1199	7.79214e-010
subset 1		1200	7.91838e-010
subset 1		1201	7.01615e-010
subset 1		1202	8.0162e-010
subset 1		1203	7.88803e-010
subset 1		1204	7.3703e-010
subset 1		1205	8.09745e-010
subset 1		1206	8.19907e-010
subset 1		1207	7.38013e-010
subset 1		1208	8.16739e-010
subset 1		1209	8.14388e-010
subset 1		61	1210	7.35676e-010
subset 1		1211	8.22703e-010
subset 1		1212	7.96128e-010
subset 1		1213	7.61847e-010
subset 1		1214	7.77156e-010
subset 1		1215	8.18902e-010
subset 1		1216	7.19942e-010
subset 1		1217	7.64573e-010
subset 1		1218	7.89218e-010
subset 1		1219	7.70317e-010
subset 1		1220	8.89187e-010
subset 1		1221	9.32081e-010
subset 1		1222	8.785e-010
subset 1		1223	9.89591e-010
subset 1		1224	1.00182e-009
subset 1		1225	9.59654e-010
subset 1		1226	1.03441e-009
subset 1		1227	1.01579e-009
subset 1		1228	9.70328e-010
subset 1		1229	1.02164e-009
subset 1		62	1230	1.00556e-009
subset 1		1231	9.49989e-010
subset 1		1232	9.89465e-010
subset 1		1233	9.92344e-010
subset 1		1234	8.01562e-010
subset 1		1235	8.2076e-010
subset 1		1236	7.92477e-010
subset 1		1237	6.75417e-010
subset 1		1238	7.75369e-010
subset 1		1239	8.06717e-010
subset 1		1240	7.90854e-010
subset 1		1241	9.20683e-010
subset 1		1242	9.70021e-010
subset 1		1243	9.37526e-010
subset 1		1244	9.89033e-010
subset 1		1245	1.02491e-009
subset 1		1246	9.68881e-010
subset 1		1247	1.01785e-009
subset 1		1248	1.07153e-009
subset 1		1249	9.68821e-010
subset 1		63	1250	1.01419e-009
subset 1		1251	1.06355e-009
subset 1		1252	9.89567e-010
subset 1		1253	1.05784e-009
subset 1		1254	9.72537e-010
subset 1		1255	8.41939e-010
subset 1		1256	8.73519e-010
subset 1		1257	9.712e-010
subset 1		1258	1.56627e-009
subset 1		1259	2.64173e-009
subset 1		1260	3.40386e-009
subset 1		1261	4.38207e-009
subset 1		1262	5.33318e-009
subset 1		1263	5.9145e-009
subset 1		1264	6.00278e-009
subset 1		1265	6.22481e-009
subset 1		1266	6.14684e-009
subset 1		1267	7.56766e-009
subset 1		1268	1.27886e-008
subset 1		1269	2.4259e-008
subset 1		64	1270	3.5543e-008
subset 1		1271	4.53966e-008
subset 1		1272	5.37416e-008
subset 1		1273	5.85085e-008
subset 1		1274	6.1328e-008
subset 1		1275	6.14342e-008
subset 1		1276	6.06622e-008
subset 1		1277	6.18976e-008
subset 1		1278	6.64099e-008
subset 1		1279	6.47541e-008
subset 1		1280	5.77738e-008
subset 1		1281	5.71018e-008
subset 1		1282	6.33877e-008
subset 1		1283	5.71029e-008
subset 1		1284	2.98487e-008
subset 1		1285	1.80888e-008
subset 1		1286	1.16641e-008
subset 1		1287	1.22312e-008
subset 1		1288	1.89006e-008
subset 1		1289	2.52006e-008
subset 1		65	1290	3.46941e-008
subset 1		1291	4.28854e-008
subset 1		1292	5.06099e-008
subset 1		1293	5.38852e-008
subset 1		1294	5.35811e-008
subset 1		1295	5.2581e-008
subset 1		1296	5.10559e-008
subset 1		1297	5.35984e-008
subset 1		1298	6.29447e-008
subset 1		1299	7.25366e-008
subset 1		1300	7.75845e-008
subset 1		1301	8.65085e-008
subset 1		1302	9.60616e-008
subset 1		1303	9.9478e-008
subset 1		1304	8.15417e-008
subset 1		1305	7.1651e-008
subset 1		1306	6.47057e-008
subset 1		1307	6.59943e-008
subset 1		1308	6.98172e-008
subset 1		1309	6.56246e-008
subset 1		66	1310	5.65148e-008
subset 1		1311	5.37898e-008
subset 1		1312	5.91426e-008
subset 1		1313	5.31819e-008
subset 1		1314	2.34157e-008
subset 1		1315	9.07392e-009
subset 1		1316	1.99664e-009
subset 1		1317	2.09862e-009
subset 1		1318	5.62573e-009
subset 1		1319	9.19454e-009
subset 1		1320	1.42899e-008
subset 1		1321	1.83382e-008
subset 1		1322	2.16314e-008
subset 1		1323	2.40941e-008
subset 1		1324	2.61488e-008
subset 1		1325	2.67548e-008
subset 1		1326	2.64343e-008
subset 1		1327	2.67147e-008
subset 1		1328	2.84362e-008
subset 1		1329	2.72466e-008
subset 1		67	1330	2.31529e-008
subset 1		1331	2.20409e-008
subset 1		1332	2.44013e-008
subset 1		1333	2.18011e-008
subset 1		1334	9.9167e-009
subset 1		1335	4.83127e-009
subset 1		1336	1.48661e-009
subset 1		1337	1.68289e-009
subset 1		1338	4.72497e-009
subset 1		1339	9.54833e-009
subset 1		1340	1.26466e-008
subset 1		1341	1.60727e-008
subset 1		1342	1.88117e-008
subset 1		1343	2.14069e-008
subset 1		1344	2.27363e-008
subset 1		1345	2.32926e-008
subset 1		1346	2.30807e-008
subset 1		1347	2.34812e-008
subset 1		1348	2.46906e-008
subset 1		1349	2.37069e-008
subset 1		68	1350	2.01154e-008
subset 1		1351	1.89203e-008
subset 1		1352	2.08914e-008
subset 1		1353	1.95515e-008
subset 1		1354	9.10674e-009
subset 1		1355	3.76834e-009
subset 1		1356	1.22357e-009
subset 1		1357	7.52479e-010
subset 1		1358	7.43242e-010
subset 1		1359	7.94517e-010
subset 1		1360	7.15934e-010
subset 1		1361	7.67856e-010
subset 1		1362	8.12244e-010
subset 1		1363	7.53102e-010
subset 1		1364	8.32436e-010
subset 1		1365	8.67616e-010
subset 1		1366	7.93017e-010
subset 1		1367	8.76537e-010
subset 1		1368	8.9407e-010
subset 1		1369	7.75813e-010
subset 1		69	1370	8.78526e-010
subset 1		1371	8.6212e-010
subset 1		1372	8.06301e-010
subset 1		1373	8.42432e-010
subset 1		1374	8.44674e-010
subset 1		1375	7.76403e-010
subset 1		1376	7.63048e-010
subset 1		1377	7.53506e-010
subset 1		1378	6.47073e-010
subset 1		1379	6.99878e-010
subset 1		1380	7.42049e-010
subset 1		1381	6.74453e-010
subset 1		1382	7.99839e-010
subset 1		1383	8.53154e-010
subset 1		1384	7.7493e-010
subset 1		1385	8.87156e-010
subset 1		1386	8.92493e-010
subset 1		1387	8.12309e-010
subset 1		1388	8.99236e-010
subset 1		1389	8.90802e-010
subset 1		70	1390	8.42398e-010
subset 1		1391	8.70466e-010
subset 1		1392	9.03789e-010
subset 1		1393	7.91185e-010
subset 1		1394	8.28405e-010
subset 1		1395	8.71759e-010
subset 1		1396	7.20175e-010
subset 1		1397	7.26216e-010
subset 1		1398	7.29525e-010
subset 1		1399	6.19123e-010
subset 1		1400	7.29163e-010
subset 1		1401	7.15663e-010
subset 1		1402	6.57786e-010
subset 1		1403	7.49543e-010
subset 1		1404	7.5562e-010
subset 1		1405	7.07053e-010
subset 1		1406	7.47019e-010
subset 1		1407	7.65021e-010
subset 1		1408	6.95081e-010
subset 1		1409	7.56668e-010
subset 1		71	1410	7.74811e-010
subset 1		1411	7.24555e-010
subset 1		1412	7.46229e-010
subset 1		1413	7.7468e-010
subset 1		1414	6.8027e-010
subset 1		1415	7.50839e-010
subset 1		1416	7.55837e-010
subset 1		1417	6.21237e-010
subset 1		1418	7.14034e-010
subset 1		1419	7.00796e-010
subset 1		1420	6.33191e-010
subset 1		1421	7.41868e-010
subset 1		1422	7.68422e-010
subset 1		1423	7.35926e-010
subset 1		1424	7.67062e-010
subset 1		1425	7.97074e-010
subset 1		1426	7.4767e-010
subset 1		1427	8.12131e-010
subset 1		1428	8.38512e-010
subset 1		1429	7.42872e-010
subset 1		72	1430	8.3325e-010
subset 1		1431	8.09755e-010
subset 1		1432	7.36618e-010
subset 1		1433	7.99366e-010
subset 1		1434	8.12006e-010
subset 1		1435	7.27743e-010
subset 1		1436	7.63515e-010
subset 1		1437	7.10595e-010
subset 1		1438	6.22158e-010
subset 1		1439	6.82387e-010
subset 1		1440	6.88338e-010
subset 1		1441	6.48284e-010
subset 1		1442	6.98808e-010
subset 1		1443	7.24942e-010
subset 1		1444	6.28201e-010
subset 1		1445	7.03897e-010
subset 1		1446	7.28613e-010
subset 1		1447	6.22915e-010
subset 1		1448	7.15498e-010
subset 1		1449	7.21088e-010
subset 1		73	1450	6.60454e-010
subset 1		1451	7.29513e-010
subset 1		1452	7.27426e-010
subset 1		1453	6.40162e-010
subset 1		1454	6.98101e-010
subset 1		1455	7.05574e-010
subset 1		1456	6.57691e-010
subset 1		1457	6.87055e-010
subset 1		1458	7.00664e-010
subset 1		1459	6.27009e-010
subset 1		1460	6.82427e-010
subset 1		1461	7.04042e-010
subset 1		1462	6.34962e-010
subset 1		1463	7.19165e-010
subset 1		1464	7.35215e-010
subset 1		1465	6.43991e-010
subset 1		1466	7.17313e-010
subset 1		1467	7.1885e-010
subset 1		1468	6.50356e-010
subset 1		1469	7.49209e-010
subset 1		74	1470	7.21606e-010
subset 1		1471	6.546e-010
subset 1		1472	7.00935e-010
subset 1		1473	7.19946e-010
subset 1		1474	6.3534e-010
subset 1		1475	6.78613e-010
subset 1		1476	6.86937e-010
subset 1		1477	6.18696e-010
subset 1		1478	6.69752e-010
subset 1		1479	6.97918e-010
subset 1		1480	5.96636e-010
subset 1		1481	6.91481e-010
subset 1		1482	6.81169e-010
subset 1		1483	6.28599e-010
subset 1		1484	6.92331e-010
subset 1		1485	7.10368e-010
subset 1		1486	6.08617e-010
subset 1		1487	6.79922e-010
subset 1		1488	6.82977e-010
subset 1		1489	6.32017e-010
subset 1		75	1490	7.01716e-010
subset 1		1491	7.02687e-010
subset 1		1492	6.2805e-010
subset 1		1493	6.85087e-010
subset 1		1494	7.05898e-010
subset 1		1495	6.1798e-010
subset 1		1496	6.86913e-010
subset 1		1497	7.07083e-010
subset 1		1498	6.69459e-010
subset 1		1499	7.70402e-010
subset 1		1500	8.29358e-010
subset 1		1501	7.93637e-010
subset 1		1502	9.08594e-010
subset 1		1503	9.19994e-010
subset 1		1504	8.79817e-010
subset 1		1505	9.58857e-010
subset 1		1506	9.68285e-010
subset 1		1507	8.94401e-010
subset 1		1508	9.66458e-010
subset 1		1509	9.89707e-010
subset 1		76	1510	8.40392e-010
subset 1		1511	9.20999e-010
subset 1		1512	9.38618e-010
subset 1		1513	8.3339e-010
subset 1		1514	8.05279e-010
subset 1		1515	7.52449e-010
subset 1		1516	6.04036e-010
subset 1		1517	6.89403e-010
subset 1		1518	6.88856e-010
subset 1		1519	6.29228e-010
subset 1		1520	6.88919e-010
subset 1		1521	7.22324e-010
subset 1		1522	7.12852e-010
subset 1		1523	7.4989e-010
subset 1		1524	7.8698e-010
subset 1		1525	7.06537e-010
subset 1		1526	8.05782e-010
subset 1		1527	8.27688e-010
subset 1		1528	7.09586e-010
subset 1		1529	7.78589e-010
subset 1		77	1530	8.0652e-010
subset 1		1531	7.12542e-010
subset 1		1532	7.88445e-010
subset 1		1533	7.70074e-010
subset 1		1534	7.27564e-010
subset 1		1535	7.33081e-010
subset 1		1536	7.02849e-010
subset 1		1537	6.19258e-010
subset 1		1538	6.73657e-010
subset 1		1539	6.99336e-010
subset 1		1540	6.57233e-010
subset 1		1541	7.39713e-010
subset 1		1542	8.06183e-010
subset 1		1543	7.71227e-010
subset 1		1544	8.54187e-010
subset 1		1545	8.78172e-010
subset 1		1546	8.28168e-010
subset 1		1547	9.1206e-010
subset 1		1548	8.77397e-010
subset 1		1549	8.15879e-010
subset 1		78	1550	9.0701e-010
subset 1		1551	8.76779e-010
subset 1		1552	8.16224e-010
subset 1		1553	8.35569e-010
subset 1		1554	8.50395e-010
subset 1		1555	7.93442e-010
subset 1		1556	7.30162e-010
subset 1		1557	6.89561e-010
subset 1		1558	5.99662e-010
subset 1		1559	6.54145e-010
subset 1		1560	6.79244e-010
subset 1		1561	5.93883e-010
subset 1		1562	6.99792e-010
subset 1		1563	7.57809e-010
subset 1		1564	6.6506e-010
subset 1		1565	7.51652e-010
subset 1		1566	7.43122e-010
subset 1		1567	7.08594e-010
subset 1		1568	7.43832e-010
subset 1		1569	7.48437e-010
subset 1		79	1570	7.09341e-010
subset 1		1571	7.4458e-010
subset 1		1572	7.53134e-010
subset 1		1573	6.67568e-010
subset 1		1574	7.029e-010
subset 1		1575	7.62865e-010
subset 1		1576	6.13465e-010
subset 1		1577	6.69074e-010
subset 1		1578	6.59034e-010
subset 1		1579	5.68788e-010
subset 1		1580	6.63029e-010
subset 1		1581	6.50256e-010
subset 1		1582	6.0331e-010
subset 1		1583	6.73369e-010
subset 1		1584	6.62948e-010
subset 1		1585	6.26583e-010
subset 1		1586	6.84222e-010
subset 1		1587	6.98888e-010
subset 1		1588	6.09766e-010
subset 1		1589	6.555e-010
subset 1		80	1590	6.78026e-010
subset 1		1591	6.07803e-010
subset 1		1592	6.73546e-010
subset 1		1593	6.68371e-010
subset 1		1594	6.04586e-010
subset 1		1595	6.98898e-010
subset 1		1596	6.68275e-010
subset 1		1597	5.68635e-010
subset 1		1598	6.62061e-010
subset 1		1599	6.34799e-010
subset 1		1600	6.16578e-010
subset 1		1601	6.71423e-010
subset 1		1602	6.71667e-010
subset 1		1603	6.13216e-010
subset 1		1604	6.81236e-010
subset 1		1605	7.27538e-010
subset 1		1606	6.45908e-010
subset 1		1607	6.96439e-010
subset 1		1608	7.26584e-010
subset 1		1609	6.02924e-010
subset 1		81	1610	7.11045e-010
subset 1		1611	7.2516e-010
subset 1		1612	6.29809e-010
subset 1		1613	7.09152e-010
subset 1		1614	6.81763e-010
subset 1		1615	6.11567e-010
subset 1		1616	6.90486e-010
subset 1		1617	6.47242e-010
subset 1		1618	5.96533e-010
subset 1		1619	6.46248e-010
subset 1		1620	6.30157e-010
subset 1		1621	6.00668e-010
subset 1		1622	6.66482e-010
subset 1		1623	6.77823e-010
subset 1		1624	6.42781e-010
subset 1		1625	6.75658e-010
subset 1		1626	7.05587e-010
subset 1		1627	6.08647e-010
subset 1		1628	6.92195e-010
subset 1		1629	6.85332e-010
subset 1		82	1630	6.14551e-010
subset 1		1631	6.97215e-010
subset 1		1632	7.07477e-010
subset 1		1633	6.13828e-010
subset 1		1634	6.65334e-010
subset 1		1635	6.83135e-010
subset 1		1636	5.97208e-010
subset 1		1637	6.20547e-010
subset 1		1638	6.60597e-010
subset 1		1639	5.619e-010
subset 1		1640	6.26023e-010
subset 1		1641	6.56031e-010
subset 1		1642	5.86938e-010
subset 1		1643	6.74438e-010
subset 1		1644	6.75817e-010
subset 1		1645	6.12602e-010
subset 1		1646	7.03027e-010
subset 1		1647	6.94094e-010
subset 1		1648	6.45708e-010
subset 1		1649	6.97482e-010
subset 1		83	1650	7.06641e-010
subset 1		1651	6.38169e-010
subset 1		1652	6.64073e-010
subset 1		1653	6.71076e-010
subset 1		1654	6.30177e-010
subset 1		1655	6.60514e-010
subset 1		1656	6.80568e-010
subset 1		1657	5.77928e-010
subset 1		1658	6.20253e-010
subset 1		1659	6.62225e-010
subset 1		1660	5.73448e-010
subset 1		1661	6.60479e-010
subset 1		1662	6.7111e-010
subset 1		1663	6.18424e-010
subset 1		1664	6.998e-010
subset 1		1665	6.81953e-010
subset 1		1666	6.57676e-010
subset 1		1667	6.92507e-010
subset 1		1668	7.13828e-010
subset 1		1669	6.56165e-010
subset 1		84	1670	6.84148e-010
subset 1		1671	7.2143e-010
subset 1		1672	6.38731e-010
subset 1		1673	6.66671e-010
subset 1		1674	7.05639e-010
subset 1		1675	5.71668e-010
subset 1		1676	6.55779e-010
subset 1		1677	6.41951e-010
subset 1		1678	5.55182e-010
subset 1		1679	6.21404e-010
subset 1		1680	6.03405e-010
subset 1		1681	5.54801e-010
subset 1		1682	6.52531e-010
subset 1		1683	6.33209e-010
subset 1		1684	5.86611e-010
subset 1		1685	6.37024e-010
subset 1		1686	6.70185e-010
subset 1		1687	5.94366e-010
subset 1		1688	6.4151e-010
subset 1		1689	6.67106e-010
subset 1		85	1690	5.85239e-010
subset 1		1691	6.61979e-010
subset 1		1692	6.64003e-010
subset 1		1693	5.72547e-010
subset 1		1694	6.60883e-010
subset 1		1695	6.44424e-010
subset 1		1696	5.49298e-010
subset 1		1697	6.22149e-010
subset 1		1698	6.16411e-010
subset 1		1699	5.71677e-010
subset 1		1700	5.94775e-010
subset 1		1701	6.28788e-010
subset 1		1702	5.63564e-010
subset 1		1703	6.12957e-010
subset 1		1704	6.51458e-010
subset 1		1705	5.61317e-010
subset 1		1706	6.3076e-010
subset 1		1707	5.10381e-010
subset 1		1708	5.79857e-010
subset 1		1709	6.40582e-010
subset 1		86	1710	6.48528e-010
subset 1		1711	5.76934e-010
subset 1		1712	6.28837e-010
subset 1		1713	6.42838e-010
subset 1		1714	5.8084e-010
subset 1		1715	6.43226e-010
subset 1		1716	6.33767e-010
subset 1		1717	5.62038e-010
subset 1		1718	5.66291e-010
subset 1		1719	6.19429e-010
subset 1		1720	5.56726e-010
subset 1		1721	6.02096e-010
subset 1		1722	6.31396e-010
subset 1		1723	5.53826e-010
subset 1		1724	6.36942e-010
subset 1		1725	6.25337e-010
subset 1		1726	5.38498e-010
subset 1		1727	6.23511e-010
subset 1		1728	6.10166e-010
subset 1		1729	5.64455e-010
subset 1		87	1730	6.04502e-010
subset 1		1731	6.18499e-010
subset 1		1732	5.6399e-010
subset 1		1733	5.98008e-010
subset 1		1734	6.24562e-010
subset 1		1735	5.60784e-010
subset 1		1736	5.85013e-010
subset 1		1737	6.20642e-010
subset 1		1738	5.46902e-010
subset 1		1739	6.04185e-010
subset 1		1740	6.18224e-010
subset 1		1741	5.32694e-010
subset 1		1742	6.06161e-010
subset 1		1743	6.32315e-010
subset 1		1744	5.27934e-010
subset 1		1745	5.93696e-010
subset 1		1746	6.01269e-010
subset 1		1747	5.41167e-010
subset 1		1748	6.17285e-010
subset 1		1749	6.25127e-010
subset 1		88	1750	5.5674e-010
subset 1		1751	5.99719e-010
subset 1		1752	6.05628e-010
subset 1		1753	5.42911e-010
subset 1		1754	6.06256e-010
subset 1		1755	6.17747e-010
subset 1		1756	5.17166e-010
subset 1		1757	6.08086e-010
subset 1		1758	6.01345e-010
subset 1		1759	5.11128e-010
subset 1		1760	6.05952e-010
subset 1		1761	5.91543e-010
subset 1		1762	5.39211e-010
subset 1		1763	6.07843e-010
subset 1		1764	5.75276e-010
subset 1		1765	5.56175e-010
subset 1		1766	5.76346e-010
subset 1		1767	6.18379e-010
subset 1		1768	5.47316e-010
subset 1		1769	5.74093e-010
subset 1		89	1770	6.18337e-010
subset 1		1771	4.93629e-010
subset 1		1772	5.81844e-010
subset 1		1773	6.07065e-010
subset 1		1774	5.33759e-010
subset 1		1775	6.18135e-010
subset 1		1776	6.00679e-010
subset 1		1777	5.18635e-010
subset 1		1778	5.60678e-010
subset 1		1779	5.70677e-010
subset 1		1780	5.21041e-010
subset 1		1781	5.87154e-010
subset 1		1782	5.92341e-010
subset 1		1783	5.29592e-010
subset 1		1784	5.83412e-010
subset 1		1785	6.08065e-010
subset 1		1786	5.08246e-010
subset 1		1787	5.88571e-010
subset 1		1788	6.23738e-010
subset 1		1789	5.36977e-010
subset 1		90	1790	6.0018e-010
subset 1		1791	5.91196e-010
subset 1		1792	5.22476e-010
subset 1		1793	6.01591e-010
subset 1		1794	5.5035e-010
subset 1		1795	5.18805e-010
subset 1		1796	6.02791e-010
subset 1		1797	5.93615e-010
subset 1		1798	5.45358e-010
subset 1		1799	5.74315e-010
subset 1		1800	5.98978e-010
subset 1		1801	5.52173e-010
subset 1		1802	6.3299e-010
subset 1		1803	6.67295e-010
subset 1		1804	5.7045e-010
subset 1		1805	6.26404e-010
subset 1		1806	6.7484e-010
subset 1		1807	5.53438e-010
subset 1		1808	6.73146e-010
subset 1		1809	6.48381e-010
subset 1		91	1810	6.04973e-010
subset 1		1811	6.67776e-010
subset 1		1812	6.50843e-010
subset 1		1813	5.87683e-010
subset 1		1814	6.21187e-010
subset 1		1815	6.24978e-010
subset 1		1816	5.456e-010
subset 1		1817	5.68492e-010
subset 1		1818	5.95289e-010
subset 1		1819	5.09676e-010
subset 1		1820	5.94704e-010
subset 1		1821	6.02815e-010
subset 1		1822	5.21883e-010
subset 1		1823	6.12954e-010
subset 1		1824	5.95686e-010
subset 1		1825	5.22015e-010
subset 1		1826	6.05576e-010
subset 1		1827	5.85913e-010
subset 1		1828	5.33468e-010
subset 1		1829	5.86828e-010
subset 1		92	1830	6.07161e-010
subset 1		1831	5.59808e-010
subset 1		1832	5.89259e-010
subset 1		1833	6.00093e-010
subset 1		1834	5.43824e-010
subset 1		1835	5.75024e-010
subset 1		1836	6.18016e-010
subset 1		1837	5.19355e-010
subset 1		1838	5.68376e-010
subset 1		1839	5.72143e-010
subset 1		1840	5.07309e-010
subset 1		1841	5.93927e-010
subset 1		1842	5.8029e-010
subset 1		1843	5.52253e-010
subset 1		1844	5.90196e-010
subset 1		1845	5.88084e-010
subset 1		1846	5.11697e-010
subset 1		1847	5.8751e-010
subset 1		1848	6.05099e-010
subset 1		1849	5.24638e-010
subset 1		93	1850	5.68491e-010
subset 1		1851	6.36091e-010
subset 1		1852	5.39303e-010
subset 1		1853	5.75873e-010
subset 1		1854	6.00907e-010
subset 1		1855	4.9028e-010
subset 1		1856	5.95048e-010
subset 1		1857	5.82668e-010
subset 1		1858	5.0063e-010
subset 1		1859	5.78905e-010
subset 1		1860	5.62702e-010
subset 1		1861	5.26381e-010
subset 1		1862	5.96457e-010
subset 1		1863	5.76396e-010
subset 1		1864	5.09634e-010
subset 1		1865	5.92663e-010
subset 1		1866	5.98577e-010
subset 1		1867	5.40623e-010
subset 1		1868	5.74374e-010
subset 1		1869	5.94265e-010
subset 1		94	1870	5.01088e-010
subset 1		1871	5.8613e-010
subset 1		1872	5.97718e-010
subset 1		1873	5.03016e-010
subset 1		1874	5.68068e-010
subset 1		1875	5.67855e-010
subset 1		1876	4.96964e-010
subset 1		1877	5.77065e-010
subset 1		1878	5.83869e-010
subset 1		1879	4.94311e-010
subset 1		1880	5.65772e-010
subset 1		1881	5.84747e-010
subset 1		1882	5.29271e-010
subset 1		1883	5.57145e-010
subset 1		1884	6.25391e-010
subset 1		1885	5.10471e-010
subset 1		1886	5.97774e-010
subset 1		1887	6.1309e-010
subset 1		1888	5.08274e-010
subset 1		1889	6.14321e-010
subset 1		95	1890	5.79251e-010
subset 1		1891	5.35515e-010
subset 1		1892	5.94993e-010
subset 1		1893	5.72766e-010
subset 1		1894	5.1276e-010
subset 1		1895	5.87892e-010
subset 1		1896	5.98318e-010
subset 1		1897	4.9658e-010
subset 1		1898	5.52903e-010
subset 1		1899	5.8347e-010
subset 1		1900	4.89635e-010
subset 1		1901	5.72653e-010
subset 1		1902	5.66755e-010
subset 1		1903	5.04727e-010
subset 1		1904	5.85989e-010
subset 1		1905	5.66686e-010
subset 1		1906	5.12488e-010
subset 1		1907	5.85826e-010
subset 1		1908	5.91521e-010
subset 1		1909	5.34561e-010
subset 1		96	1910	5.80525e-010
subset 1		1911	5.69485e-010
subset 1		1912	5.06678e-010
subset 1		1913	5.96792e-010
subset 1		1914	5.69083e-010
subset 1		1915	5.0326e-010
subset 1		1916	5.3753e-010
subset 1		1917	5.83278e-010
subset 1		1918	4.72822e-010
subset 1		1919	5.57745e-010
subset 1		1920	5.59813e-010
subset 1		1921	4.77995e-010
subset 1		1922	5.82964e-010
subset 1		1923	5.57208e-010
subset 1		1924	5.03666e-010
subset 1		1925	5.69145e-010
subset 1		1926	5.71291e-010
subset 1		1927	5.10765e-010
subset 1		1928	5.56567e-010
subset 1		1929	5.96914e-010
subset 1		97	1930	5.09715e-010
subset 1		1931	5.48449e-010
subset 1		1932	5.69358e-010
subset 1		1933	5.10096e-010
subset 1		1934	5.67138e-010
subset 1		1935	5.77752e-010
subset 1		1936	4.80992e-010
subset 1		1937	5.61211e-010
subset 1		1938	5.51731e-010
subset 1		1939	4.73352e-010
subset 1		1940	5.59536e-010
subset 1		1941	5.45495e-010
subset 1		1942	5.05613e-010
subset 1		1943	5.61444e-010
subset 1		1944	5.60778e-010
subset 1		1945	5.24357e-010
subset 1		1946	5.39745e-010
subset 1		1947	5.8247e-010
subset 1		1948	5.09807e-010
subset 1		1949	5.62617e-010
subset 1		98	1950	5.89951e-010
subset 1		1951	4.91605e-010
subset 1		1952	5.92829e-010
subset 1		1953	5.84093e-010
subset 1		1954	4.73609e-010
subset 1		1955	5.5767e-010
subset 1		1956	5.48645e-010
subset 1		1957	5.05325e-010
subset 1		1958	5.52792e-010
subset 1		1959	5.43262e-010
subset 1		1960	4.88772e-010
subset 1		1961	5.20026e-010
subset 1		1962	5.50891e-010
subset 1		1963	4.75951e-010
subset 1		1964	5.2415e-010
subset 1		1965	5.71494e-010
subset 1		1966	4.68228e-010
subset 1		1967	5.5433e-010
subset 1		1968	5.75437e-010
subset 1		1969	4.90198e-010
subset 1		99	1970	5.57883e-010
subset 1		1971	5.36005e-010
subset 1		1972	4.67351e-010
subset 1		1973	5.66913e-010
subset 1		1974	5.4359e-010
subset 1		1975	4.86128e-010
subset 1		1976	5.43922e-010
subset 1		1977	5.27658e-010
subset 1		1978	4.85643e-010
subset 1		1979	5.19963e-010
subset 1		1980	5.37668e-010
subset 1		1981	4.49496e-010
subset 1		1982	5.18467e-010
subset 1		1983	5.70827e-010
subset 1		1984	4.68625e-010
subset 1		1985	5.36091e-010
subset 1		1986	5.49453e-010
subset 1		1987	4.78675e-010
subset 1		1988	5.56483e-010
subset 1		1989	5.49485e-010
subset 1		100	1990	4.88517e-010
subset 1		1991	5.65329e-010
subset 1		1992	5.52583e-010
subset 1		1993	4.72204e-010
subset 1		1994	5.17931e-010
subset 1		1995	5.47034e-010
subset 1		1996	4.66105e-010
subset 1		1997	4.92128e-010
subset 1		1998	5.48535e-010
subset 1		1999	4.64542e-010
subset 1		2000	5.46677e-010
subset 1		2001	5.56102e-010
subset 1		2002	4.81713e-010
subset 1		2003	5.35157e-010
subset 1		2004	5.61478e-010
subset 1		2005	4.66465e-010
subset 1		2006	5.56102e-010
subset 1		2007	5.14105e-010
subset 1		2008	4.87849e-010
subset 1		2009	5.54355e-010
subset 1		101	2010	5.54816e-010
subset 1		2011	5.0018e-010
subset 1		2012	5.34494e-010
subset 1		2013	5.67186e-010
subset 1		2014	4.71641e-010
subset 1		2015	5.21765e-010
subset 1		2016	5.56676e-010
subset 1		2017	4.50299e-010
subset 1		2018	5.39919e-010
subset 1		2019	5.44931e-010
subset 1		2020	4.60132e-010
subset 1		2021	5.35131e-010
subset 1		2022	5.3047e-010
subset 1		2023	4.54742e-010
subset 1		2024	5.37146e-010
subset 1		2025	5.21614e-010
subset 1		2026	4.74067e-010
subset 1		2027	4.98974e-010
subset 1		2028	5.36706e-010
subset 1		2029	4.74133e-010
subset 1		102	2030	5.10372e-010
subset 1		2031	5.63586e-010
subset 1		2032	4.66889e-010
subset 1		2033	5.30828e-010
subset 1		2034	5.42448e-010
subset 1		2035	4.68961e-010
subset 1		2036	5.14747e-010
subset 1		2037	5.3993e-010
subset 1		2038	4.59131e-010
subset 1		2039	5.11841e-010
subset 1		2040	5.0721e-010
subset 1		2041	4.79323e-010
subset 1		2042	5.30135e-010
subset 1		2043	5.37127e-010
subset 1		2044	4.79648e-010
subset 1		2045	5.13596e-010
subset 1		2046	5.50423e-010
subset 1		2047	4.85826e-010
subset 1		2048	5.43978e-010
subset 1		2049	5.49542e-010
subset 1		103	2050	4.46714e-010
subset 1		2051	5.34946e-010
subset 1		2052	5.40778e-010
subset 1		2053	4.83353e-010
subset 1		2054	5.40614e-010
subset 1		2055	5.33071e-010
subset 1		2056	4.74475e-010
subset 1		2057	5.24592e-010
subset 1		2058	5.29198e-010
subset 1		2059	4.70829e-010
subset 1		2060	5.10699e-010
subset 1		2061	5.73745e-010
subset 1		2062	4.5761e-010
subset 1		2063	5.59219e-010
subset 1		2064	5.56949e-010
subset 1		2065	4.59083e-010
subset 1		2066	5.57897e-010
subset 1		2067	5.57268e-010
subset 1		2068	4.64627e-010
subset 1		2069	5.50577e-010
subset 1		104	2070	5.51257e-010
subset 1		2071	4.84445e-010
subset 1		2072	5.60333e-010
subset 1		2073	5.39293e-010
subset 1		2074	4.86747e-010
subset 1		2075	5.40001e-010
subset 1		2076	5.24598e-010
subset 1		2077	4.61402e-010
subset 1		2078	5.17047e-010
subset 1		2079	5.29996e-010
subset 1		2080	4.40932e-010
subset 1		2081	5.38721e-010
subset 1		2082	5.56788e-010
subset 1		2083	4.82745e-010
subset 1		2084	5.49281e-010
subset 1		2085	5.4235e-010
subset 1		2086	5.03873e-010
subset 1		2087	5.65003e-010
subset 1		2088	5.59144e-010
subset 1		2089	4.85759e-010
subset 1		105	2090	5.5974e-010
subset 1		2091	5.70833e-010
subset 1		2092	4.96468e-010
subset 1		2093	5.39496e-010
subset 1		2094	5.65663e-010
subset 1		2095	4.8316e-010
subset 1		2096	5.29382e-010
subset 1		2097	5.44255e-010
subset 1		2098	4.34936e-010
subset 1		2099	5.14714e-010
subset 1		2100	5.23931e-010
subset 1		2101	4.42376e-010
subset 1		2102	5.34584e-010
subset 1		2103	5.02805e-010
subset 1		2104	4.86244e-010
subset 1		2105	5.30303e-010
subset 1		2106	5.14791e-010
subset 1		2107	4.6489e-010
subset 1		2108	5.14472e-010
subset 1		2109	5.43211e-010
subset 1		106	2110	4.85673e-010
subset 1		2111	4.84389e-010
subset 1		2112	5.51594e-010
subset 1		2113	4.4129e-010
subset 1		2114	5.42301e-010
subset 1		2115	5.30746e-010
subset 1		2116	4.54701e-010
subset 1		2117	5.17531e-010
subset 1		2118	4.95216e-010
subset 1		2119	4.33927e-010
subset 1		2120	5.19088e-010
subset 1		2121	5.21301e-010
subset 1		2122	4.56902e-010
subset 1		2123	5.13135e-010
subset 1		2124	5.01151e-010
subset 1		2125	4.45841e-010
subset 1		2126	5.07563e-010
subset 1		2127	5.22324e-010
subset 1		2128	4.36349e-010
subset 1		2129	4.90668e-010
subset 1		107	2130	5.27748e-010
subset 1		2131	4.38768e-010
subset 1		2132	5.17612e-010
subset 1		2133	5.2649e-010
subset 1		2134	4.42833e-010
subset 1		2135	4.9623e-010
subset 1		2136	5.16436e-010
subset 1		2137	4.55953e-010
subset 1		2138	5.06124e-010
subset 1		2139	5.03714e-010
subset 1		2140	4.67671e-010
subset 1		2141	4.88419e-010
subset 1		2142	5.05698e-010
subset 1		2143	4.69389e-010
subset 1		2144	4.90385e-010
subset 1		2145	5.24044e-010
subset 1		2146	4.40738e-010
subset 1		2147	5.12273e-010
subset 1		2148	5.28984e-010
subset 1		2149	4.22838e-010
subset 1		108	2150	4.92879e-010
subset 1		2151	5.19622e-010
subset 1		2152	4.46316e-010
subset 1		2153	5.07506e-010
subset 1		2154	4.91461e-010
subset 1		2155	4.24146e-010
subset 1		2156	4.94402e-010
subset 1		2157	5.08061e-010
subset 1		2158	4.41107e-010
subset 1		2159	4.77339e-010
subset 1		2160	5.18486e-010
subset 1		2161	4.21134e-010
subset 1		2162	5e-010
subset 1		2163	5.12851e-010
subset 1		2164	4.38008e-010
subset 1		2165	5.02939e-010
subset 1		2166	4.94616e-010
subset 1		2167	4.53976e-010
subset 1		2168	5.3858e-010
subset 1		2169	4.96506e-010
subset 1		109	2170	4.62563e-010
subset 1		2171	5.05876e-010
subset 1		2172	5.26654e-010
subset 1		2173	4.52537e-010
subset 1		2174	4.77863e-010
subset 1		2175	5.24767e-010
subset 1		2176	4.28162e-010
subset 1		2177	4.79563e-010
subset 1		2178	4.95414e-010
subset 1		2179	4.24353e-010
subset 1		2180	4.99773e-010
subset 1		2181	5.22567e-010
subset 1		2182	4.13543e-010
subset 1		2183	5.07723e-010
subset 1		2184	5.06875e-010
subset 1		2185	4.55319e-010
subset 1		2186	5.15165e-010
subset 1		2187	5.03362e-010
subset 1		2188	4.54264e-010
subset 1		2189	5.02909e-010
subset 1		110	2190	5.15046e-010
subset 1		2191	4.47572e-010
subset 1		2192	4.93686e-010
subset 1		2193	5.37121e-010
subset 1		2194	4.50137e-010
subset 1		2195	4.93844e-010
subset 1		2196	5.10401e-010
subset 1		2197	4.08491e-010
subset 1		2198	5.07587e-010
subset 1		2199	5.02927e-010
subset 1		2200	4.43623e-010
subset 1		2201	4.9534e-010
subset 1		2202	4.80196e-010
subset 1		2203	4.47912e-010
subset 1		2204	4.91361e-010
subset 1		2205	4.91629e-010
subset 1		2206	4.19207e-010
subset 1		2207	4.81143e-010
subset 1		2208	5.23661e-010
subset 1		2209	4.3569e-010
subset 1		111	2210	4.91791e-010
subset 1		2211	5.01041e-010
subset 1		2212	4.03265e-010
subset 1		2213	5.03017e-010
subset 1		2214	5.08041e-010
subset 1		2215	4.09834e-010
subset 1		2216	4.89693e-010
subset 1		2217	4.93017e-010
subset 1		2218	4.23208e-010
subset 1		2219	5.00675e-010
subset 1		2220	4.90742e-010
subset 1		2221	4.26699e-010
subset 1		2222	4.99717e-010
subset 1		2223	5.19482e-010
subset 1		2224	4.28909e-010
subset 1		2225	4.96917e-010
subset 1		2226	5.23292e-010
subset 1		2227	4.48803e-010
subset 1		2228	4.99813e-010
subset 1		2229	5.24469e-010
subset 1		112	2230	4.24955e-010
subset 1		2231	5.05441e-010
subset 1		2232	5.14623e-010
subset 1		2233	4.51354e-010
subset 1		2234	4.98772e-010
subset 1		2235	4.76967e-010
subset 1		2236	4.45873e-010
subset 1		2237	4.83943e-010
subset 1		2238	4.91062e-010
subset 1		2239	4.28463e-010
subset 1		2240	4.6288e-010
subset 1		2241	4.97922e-010
subset 1		2242	4.19958e-010
subset 1		2243	4.9026e-010
subset 1		2244	5.11798e-010
subset 1		2245	4.04011e-010
subset 1		2246	4.94519e-010
subset 1		2247	4.94814e-010
subset 1		2248	4.24227e-010
subset 1		2249	4.83577e-010
subset 1		113	2250	4.96639e-010
subset 1		2251	4.36093e-010
subset 1		2252	4.93348e-010
subset 1		2253	4.98882e-010
subset 1		2254	4.54888e-010
subset 1		2255	4.81004e-010
subset 1		2256	5.12651e-010
subset 1		2257	4.21834e-010
subset 1		2258	4.7775e-010
subset 1		2259	4.93237e-010
subset 1		2260	4.08884e-010
subset 1		2261	4.80865e-010
subset 1		2262	4.98423e-010
subset 1		2263	4.1123e-010
subset 1		2264	4.7861e-010
subset 1		2265	4.79914e-010
subset 1		2266	4.23187e-010
subset 1		2267	4.9726e-010
subset 1		2268	4.74964e-010
subset 1		2269	4.21436e-010
subset 1		114	2270	4.8645e-010
subset 1		2271	4.89707e-010
subset 1		2272	4.39604e-010
subset 1		2273	4.72073e-010
subset 1		2274	4.95116e-010
subset 1		2275	4.27659e-010
subset 1		2276	4.77026e-010
subset 1		2277	5.01439e-010
subset 1		2278	3.87808e-010
subset 1		2279	4.85374e-010
subset 1		2280	4.71174e-010
subset 1		2281	4.14146e-010
subset 1		2282	4.96483e-010
subset 1		2283	4.70071e-010
subset 1		2284	4.33891e-010
subset 1		2285	4.97654e-010
subset 1		2286	5.05036e-010
subset 1		2287	4.39615e-010
subset 1		2288	4.64316e-010
subset 1		2289	4.97806e-010
subset 1		115	2290	4.32685e-010
subset 1		2291	4.67586e-010
subset 1		2292	4.98104e-010
subset 1		2293	4.13892e-010
subset 1		2294	5.00137e-010
subset 1		2295	4.84316e-010
subset 1		2296	4.08917e-010
subset 1		2297	4.77271e-010
subset 1		2298	4.65395e-010
subset 1		2299	4.39566e-010
subset 1		2300	4.90575e-010
subset 1		2301	4.81372e-010
subset 1		2302	4.09399e-010
subset 1		2303	4.66194e-010
subset 1		2304	5.05554e-010
subset 1		2305	4.17976e-010
subset 1		2306	4.76491e-010
subset 1		2307	5.2208e-010
subset 1		2308	4.09654e-010
subset 1		2309	4.82848e-010
subset 1		116	2310	5.00448e-010
subset 1		2311	4.16991e-010
subset 1		2312	4.95135e-010
subset 1		2313	4.9378e-010
subset 1		2314	4.26311e-010
subset 1		2315	4.99305e-010
subset 1		2316	4.76488e-010
subset 1		2317	4.31827e-010
subset 1		2318	4.8278e-010
subset 1		2319	4.81563e-010
subset 1		2320	4.46219e-010
subset 1		2321	4.96997e-010
subset 1		2322	5.04711e-010
subset 1		2323	4.32439e-010
subset 1		2324	4.8008e-010
subset 1		2325	5.32736e-010
subset 1		2326	4.13171e-010
subset 1		2327	4.89779e-010
subset 1		2328	4.85987e-010
subset 1		2329	4.21648e-010
subset 1		117	2330	5.03927e-010
subset 1		2331	4.88676e-010
subset 1		2332	4.41735e-010
subset 1		2333	4.83822e-010
subset 1		2334	4.95055e-010
subset 1		2335	4.35576e-010
subset 1		2336	4.75925e-010
subset 1		2337	4.81623e-010
subset 1		2338	4.15896e-010
subset 1		2339	4.73739e-010
subset 1		2340	4.91635e-010
subset 1		2341	4.03002e-010
subset 1		2342	4.83923e-010
subset 1		2343	4.84214e-010
subset 1		2344	4.24129e-010
subset 1		2345	4.65607e-010
subset 1		2346	4.85531e-010
subset 1		2347	4.24669e-010
subset 1		2348	4.659e-010
subset 1		2349	4.73998e-010
subset 1		118	2350	4.22667e-010
subset 1		2351	4.73776e-010
subset 1		2352	4.92841e-010
subset 1		2353	4.16254e-010
subset 1		2354	4.71817e-010
subset 1		2355	4.97701e-010
subset 1		2356	4.17649e-010
subset 1		2357	4.86349e-010
subset 1		2358	5.09322e-010
subset 1		2359	4.07329e-010
subset 1		2360	4.76089e-010
subset 1		2361	5.03074e-010
subset 1		2362	4.13793e-010
subset 1		2363	5.03664e-010
subset 1		2364	4.82902e-010
subset 1		2365	4.32321e-010
subset 1		2366	4.83952e-010
subset 1		2367	4.96422e-010
subset 1		2368	4.36518e-010
subset 1		2369	4.73817e-010
subset 1		119	2370	5.11521e-010
subset 1		2371	4.3712e-010
subset 1		2372	4.67282e-010
subset 1		2373	5.06692e-010
subset 1		2374	4.11977e-010
subset 1		2375	4.84235e-010
subset 1		2376	4.91977e-010
subset 1		2377	4.03742e-010
subset 1		2378	5.00408e-010
subset 1		2379	5.16967e-010
subset 1		2380	4.2873e-010
subset 1		2381	4.59397e-010
subset 1		2382	4.928e-010
subset 1		2383	4.15703e-010
subset 1		2384	4.73366e-010
subset 1		2385	5.03122e-010
subset 1		2386	4.57442e-010
subset 1		2387	4.87445e-010
subset 1		2388	5.05579e-010
subset 1		2389	4.28705e-010
subset 1		120	2390	5.13588e-010
subset 1		2391	4.9443e-010
subset 1		2392	4.21945e-010
subset 1		2393	5.20528e-010
subset 1		2394	4.84688e-010
subset 1		2395	4.36298e-010
subset 1		2396	5.21962e-010
subset 1		2397	4.80754e-010
subset 1		2398	4.30301e-010
subset 1		2399	4.90549e-010
subset 1		2400	4.94174e-010
subset 1		2401	4.4144e-010
subset 1		2402	4.89404e-010
subset 1		2403	5.39613e-010
subset 1		2404	4.20405e-010
subset 1		2405	4.81896e-010
subset 1		2406	5.25205e-010
subset 1		2407	4.25068e-010
subset 1		2408	5.09277e-010
subset 1		2409	5.17169e-010
subset 1		121	2410	4.30544e-010
subset 1		2411	5.16151e-010
subset 1		2412	4.88987e-010
subset 1		2413	4.47198e-010
subset 1		2414	5.09235e-010
subset 1		2415	4.97127e-010
subset 1		2416	4.39304e-010
subset 1		2417	4.72206e-010
subset 1		2418	4.82306e-010
subset 1		2419	4.46712e-010
subset 1		2420	4.78467e-010
subset 1		2421	5.21415e-010
subset 1		2422	4.39237e-010
subset 1		2423	5.29572e-010
subset 1		2424	5.21173e-010
subset 1		2425	4.5245e-010
subset 1		2426	5.25405e-010
subset 1		2427	5.22318e-010
subset 1		2428	4.52506e-010
subset 1		2429	5.26565e-010
subset 1		122	2430	5.11444e-010
subset 1		2431	4.79802e-010
subset 1		2432	5.06014e-010
subset 1		2433	5.28732e-010
subset 1		2434	4.68959e-010
subset 1		2435	5.02834e-010
subset 1		2436	5.52198e-010
subset 1		2437	4.62547e-010
subset 1		2438	5.11866e-010
subset 1		2439	5.33939e-010
subset 1		2440	4.5012e-010
subset 1		2441	5.20428e-010
subset 1		2442	5.1228e-010
subset 1		2443	4.41739e-010
subset 1		2444	5.36743e-010
subset 1		2445	5.29005e-010
subset 1		2446	4.65567e-010
subset 1		2447	5.4251e-010
subset 1		2448	5.36809e-010
subset 1		2449	4.98923e-010
subset 1		123	2450	5.19778e-010
subset 1		2451	5.69238e-010
subset 1		2452	4.6908e-010
subset 1		2453	5.51793e-010
subset 1		2454	5.98604e-010
subset 1		2455	5.38709e-010
subset 1		2456	7.2641e-010
subset 1		2457	9.24736e-010
subset 1		2458	9.85172e-010
subset 1		2459	1.2491e-009
subset 1		2460	1.36692e-009
subset 1		2461	1.36809e-009
subset 1		2462	1.41087e-009
subset 1		2463	1.39738e-009
subset 1		2464	1.38194e-009
subset 1		2465	1.5609e-009
subset 1		2466	1.52284e-009
subset 1		2467	1.36531e-009
subset 1		2468	1.43354e-009
subset 1		2469	1.58333e-009
subset 1		124	2470	1.18064e-009
subset 1		2471	1.11566e-009
subset 1		2472	1.03876e-009
subset 1		2473	8.77776e-010
subset 1		2474	9.05014e-010
subset 1		2475	7.20886e-010
subset 1		2476	5.55935e-010
subset 1		2477	6.12476e-010
subset 1		2478	5.59279e-010
subset 1		2479	4.87876e-010
subset 1		2480	5.35719e-010
subset 1		2481	5.17237e-010
subset 1		2482	4.81298e-010
subset 1		2483	5.03718e-010
subset 1		2484	5.34922e-010
subset 1		2485	4.60436e-010
subset 1		2486	5.3602e-010
subset 1		2487	5.63013e-010
subset 1		2488	4.8538e-010
subset 1		2489	5.26543e-010
subset 1		125	2490	5.65292e-010
subset 1		2491	4.7353e-010
subset 1		2492	5.23986e-010
subset 1		2493	5.49695e-010
subset 1		2494	5.23695e-010
subset 1		2495	6.13034e-010
subset 1		2496	6.69728e-010
subset 1		2497	7.86575e-010
subset 1		2498	1.03072e-009
subset 1		2499	1.22869e-009
subset 1		2500	1.25158e-009
subset 1		2501	1.37608e-009
subset 1		2502	1.3844e-009
subset 1		2503	1.29152e-009
subset 1		2504	1.40797e-009
subset 1		2505	1.50801e-009
subset 1		2506	1.39104e-009
subset 1		2507	1.39025e-009
subset 1		2508	1.3971e-009
subset 1		2509	1.44654e-009
subset 1		126	2510	1.25008e-009
subset 1		2511	1.05766e-009
subset 1		2512	9.13622e-010
subset 1		2513	9.12784e-010
subset 1		2514	9.08916e-010
subset 1		2515	6.41492e-010
subset 1		2516	6.27522e-010
subset 1		2517	6.38318e-010
subset 1		2518	5.08867e-010
subset 1		2519	5.45307e-010
subset 1		2520	5.64584e-010
subset 1		2521	4.75026e-010
subset 1		2522	5.60623e-010
subset 1		2523	5.93875e-010
subset 1		2524	5.23311e-010
subset 1		2525	6.54468e-010
subset 1		2526	7.07919e-010
subset 1		2527	7.31451e-010
subset 1		2528	6.88642e-010
subset 1		2529	6.14995e-010
subset 1		127	2530	5.66127e-010
subset 1		2531	5.61509e-010
subset 1		2532	7.43754e-010
subset 1		2533	1.09432e-009
subset 1		2534	1.54622e-009
subset 1		2535	2.37795e-009
subset 1		2536	4.07855e-009
subset 1		2537	7.71893e-009
subset 1		2538	1.13903e-008
subset 1		2539	1.52233e-008
subset 1		2540	1.83198e-008
subset 1		2541	1.9968e-008
subset 1		2542	1.94627e-008
subset 1		2543	1.92001e-008
subset 1		2544	2.05785e-008
subset 1		2545	2.31061e-008
subset 1		2546	2.38281e-008
subset 1		2547	2.26634e-008
subset 1		2548	2.16258e-008
subset 1		2549	2.28928e-008
subset 1		128	2550	1.76421e-008
subset 1		2551	1.2802e-008
subset 1		2552	1.29759e-008
subset 1		2553	1.57213e-008
subset 1		2554	2.28309e-008
subset 1		2555	2.51242e-008
subset 1		2556	4.5952e-008
subset 1		2557	8.46577e-008
subset 1		2558	1.54036e-007
subset 1		2559	1.99269e-007
subset 1		2560	2.43387e-007
subset 1		2561	2.70011e-007
subset 1		2562	2.65609e-007
subset 1		2563	2.54678e-007
subset 1		2564	2.65569e-007
subset 1		2565	2.92612e-007
subset 1		2566	2.98022e-007
subset 1		2567	2.6177e-007
subset 1		2568	2.58049e-007
subset 1		2569	2.97211e-007
subset 1		129	2570	2.22032e-007
subset 1		2571	1.6786e-007
subset 1		2572	1.45119e-007
subset 1		2573	1.13363e-007
subset 1		2574	1.18947e-007
subset 1		2575	5.5411e-008
subset 1		2576	4.42087e-008
subset 1		2577	3.61673e-008
subset 1		2578	3.45741e-008
subset 1		2579	3.44187e-008
subset 1		2580	3.84074e-008
subset 1		2581	4.28056e-008
subset 1		2582	4.25318e-008
subset 1		2583	4.13852e-008
subset 1		2584	4.32014e-008
subset 1		2585	4.79326e-008
subset 1		2586	4.89303e-008
subset 1		2587	4.4279e-008
subset 1		2588	4.31086e-008
subset 1		2589	4.78973e-008
subset 1		130	2590	3.56818e-008
subset 1		2591	2.69319e-008
subset 1		2592	2.45467e-008
subset 1		2593	2.31697e-008
subset 1		2594	2.91325e-008
subset 1		2595	2.76826e-008
subset 1		2596	3.99453e-008
subset 1		2597	6.79614e-008
subset 1		2598	1.25294e-007
subset 1		2599	1.67828e-007
subset 1		2600	2.07274e-007
subset 1		2601	2.22967e-007
subset 1		2602	2.19754e-007
subset 1		2603	2.12563e-007
subset 1		2604	2.23544e-007
subset 1		2605	2.41663e-007
subset 1		2606	2.47999e-007
subset 1		2607	2.21108e-007
subset 1		2608	2.19384e-007
subset 1		2609	2.45094e-007
subset 1		131	2610	1.84081e-007
subset 1		2611	1.37351e-007
subset 1		2612	1.21289e-007
subset 1		2613	1.01435e-007
subset 1		2614	1.11118e-007
subset 1		2615	6.74938e-008
subset 1		2616	8.25297e-008
subset 1		2617	9.76298e-008
subset 1		2618	1.62486e-007
subset 1		2619	2.13634e-007
subset 1		2620	2.60135e-007
subset 1		2621	2.90246e-007
subset 1		2622	2.84164e-007
subset 1		2623	2.7398e-007
subset 1		2624	2.8876e-007
subset 1		2625	3.15898e-007
subset 1		2626	3.15526e-007
subset 1		2627	2.78249e-007
subset 1		2628	2.78654e-007
subset 1		2629	3.16919e-007
subset 1		132	2630	2.38692e-007
subset 1		2631	1.77427e-007
subset 1		2632	1.5249e-007
subset 1		2633	1.2502e-007
subset 1		2634	1.34824e-007
subset 1		2635	5.66017e-008
subset 1		2636	4.15754e-008
subset 1		2637	2.70059e-008
subset 1		2638	1.44361e-008
subset 1		2639	3.17872e-009
subset 1		2640	9.82339e-010
subset 1		2641	6.36707e-010
subset 1		2642	7.21341e-010
subset 1		2643	8.0142e-010
subset 1		2644	8.98384e-010
subset 1		2645	1.2503e-009
subset 1		2646	1.74145e-009
subset 1		2647	1.8609e-009
subset 1		2648	1.25826e-009
subset 1		2649	8.24633e-010
subset 1		133	2650	6.65163e-010
subset 1		2651	7.23122e-010
subset 1		2652	1.6476e-009
subset 1		2653	3.63865e-009
subset 1		2654	6.35567e-009
subset 1		2655	1.00974e-008
subset 1		2656	2.19302e-008
subset 1		2657	4.89845e-008
subset 1		2658	7.30503e-008
subset 1		2659	8.60332e-008
subset 1		2660	1.03641e-007
subset 1		2661	1.14158e-007
subset 1		2662	1.11022e-007
subset 1		2663	1.06855e-007
subset 1		2664	1.11836e-007
subset 1		2665	1.23375e-007
subset 1		2666	1.22427e-007
subset 1		2667	1.09732e-007
subset 1		2668	1.11203e-007
subset 1		2669	1.24562e-007
subset 1		134	2670	9.04299e-008
subset 1		2671	6.86913e-008
subset 1		2672	6.11221e-008
subset 1		2673	5.22759e-008
subset 1		2674	4.98808e-008
subset 1		2675	2.23995e-008
subset 1		2676	1.67279e-008
subset 1		2677	1.09703e-008
subset 1		2678	5.78095e-009
subset 1		2679	1.51681e-009
subset 1		2680	7.11252e-010
subset 1		2681	5.8131e-010
subset 1		2682	6.2299e-010
subset 1		2683	6.38872e-010
subset 1		2684	7.97502e-010
subset 1		2685	1.06557e-009
subset 1		2686	1.40233e-009
subset 1		2687	1.55542e-009
subset 1		2688	9.12466e-010
subset 1		2689	6.13298e-010
subset 1		135	2690	6.16087e-010
subset 1		2691	7.08508e-010
subset 1		2692	1.5148e-009
subset 1		2693	2.78318e-009
subset 1		2694	4.92632e-009
subset 1		2695	1.0832e-008
subset 1		2696	2.22424e-008
subset 1		2697	4.04554e-008
subset 1		2698	6.01261e-008
subset 1		2699	7.48952e-008
subset 1		2700	8.97486e-008
subset 1		2701	9.67705e-008
subset 1		2702	9.50708e-008
subset 1		2703	9.21723e-008
subset 1		2704	9.69959e-008
subset 1		2705	1.04129e-007
subset 1		2706	1.04926e-007
subset 1		2707	9.3782e-008
subset 1		2708	9.71818e-008
subset 1		2709	1.05806e-007
subset 1		136	2710	7.83506e-008
subset 1		2711	5.93455e-008
subset 1		2712	5.20125e-008
subset 1		2713	4.6501e-008
subset 1		2714	4.61248e-008
subset 1		2715	2.01421e-008
subset 1		2716	1.43292e-008
subset 1		2717	9.51579e-009
subset 1		2718	5.54661e-009
subset 1		2719	1.42692e-009
subset 1		2720	6.1818e-010
subset 1		2721	4.41838e-010
subset 1		2722	3.62789e-010
subset 1		2723	4.22404e-010
subset 1		2724	4.04116e-010
subset 1		2725	3.52635e-010
subset 1		2726	4.13324e-010
subset 1		2727	4.11652e-010
subset 1		2728	3.45112e-010
subset 1		2729	3.76298e-010
subset 1		137	2730	3.9119e-010
subset 1		2731	3.14267e-010
subset 1		2732	3.82977e-010
subset 1		2733	3.88265e-010
subset 1		2734	2.96151e-010
subset 1		2735	4.00104e-010
subset 1		2736	3.77247e-010
subset 1		2737	3.05089e-010
subset 1		2738	3.81095e-010
subset 1		2739	3.75879e-010
subset 1		2740	3.15235e-010
subset 1		2741	3.89607e-010
subset 1		2742	3.80789e-010
subset 1		2743	3.3575e-010
subset 1		2744	3.53402e-010
subset 1		2745	3.7043e-010
subset 1		2746	3.09017e-010
subset 1		2747	3.56314e-010
subset 1		2748	4.14148e-010
subset 1		2749	3.0846e-010
subset 1		138	2750	3.52963e-010
subset 1		2751	3.837e-010
subset 1		2752	2.91168e-010
subset 1		2753	3.82693e-010
subset 1		2754	3.79354e-010
subset 1		2755	3.03218e-010
subset 1		2756	3.9527e-010
subset 1		2757	3.61958e-010
subset 1		2758	3.1408e-010
subset 1		2759	3.68996e-010
subset 1		2760	3.61751e-010
subset 1		2761	3.3473e-010
subset 1		2762	3.59532e-010
subset 1		2763	3.80653e-010
subset 1		2764	2.95596e-010
subset 1		2765	3.72542e-010
subset 1		2766	3.79993e-010
subset 1		2767	3.1486e-010
subset 1		2768	3.7262e-010
subset 1		2769	3.74291e-010
subset 1		139	2770	3.01954e-010
subset 1		2771	3.9327e-010
subset 1		2772	3.81418e-010
subset 1		2773	3.08311e-010
subset 1		2774	3.66391e-010
subset 1		2775	3.63267e-010
subset 1		2776	3.18594e-010
subset 1		2777	3.68862e-010
subset 1		2778	3.75366e-010
subset 1		2779	3.16524e-010
subset 1		2780	3.48463e-010
subset 1		2781	3.87272e-010
subset 1		2782	2.91772e-010
subset 1		2783	3.48268e-010
subset 1		2784	3.81569e-010
subset 1		2785	2.9161e-010
subset 1		2786	3.54209e-010
subset 1		2787	3.74142e-010
subset 1		2788	2.91159e-010
subset 1		2789	3.49076e-010
subset 1		140	2790	3.53678e-010
subset 1		2791	3.01086e-010
subset 1		2792	3.54992e-010
subset 1		2793	3.76765e-010
subset 1		2794	3.19511e-010
subset 1		2795	3.42587e-010
subset 1		2796	3.83523e-010
subset 1		2797	3.04327e-010
subset 1		2798	3.74881e-010
subset 1		2799	3.77944e-010
subset 1		2800	2.97316e-010
subset 1		2801	3.63797e-010
subset 1		2802	3.67477e-010
subset 1		2803	3.15401e-010
subset 1		2804	3.65226e-010
subset 1		2805	3.62722e-010
subset 1		2806	2.94338e-010
subset 1		2807	3.76108e-010
subset 1		2808	3.65818e-010
subset 1		2809	2.93113e-010
subset 1		141	2810	3.4896e-010
subset 1		2811	3.75055e-010
subset 1		2812	2.94345e-010
subset 1		2813	3.563e-010
subset 1		2814	3.86924e-010
subset 1		2815	2.73137e-010
subset 1		2816	3.7333e-010
subset 1		2817	3.7919e-010
subset 1		2818	2.80148e-010
subset 1		2819	3.64216e-010
subset 1		2820	3.47282e-010
subset 1		2821	3.00301e-010
subset 1		2822	3.58405e-010
subset 1		2823	3.4505e-010
subset 1		2824	2.99415e-010
subset 1		2825	3.43865e-010
subset 1		2826	3.84808e-010
subset 1		2827	3.15844e-010
subset 1		2828	3.50373e-010
subset 1		2829	3.69306e-010
subset 1		142	2830	2.97514e-010
subset 1		2831	3.7419e-010
subset 1		2832	3.70902e-010
subset 1		2833	2.95906e-010
subset 1		2834	3.58391e-010
subset 1		2835	3.58057e-010
subset 1		2836	3.04639e-010
subset 1		2837	3.50871e-010
subset 1		2838	3.44336e-010
subset 1		2839	3.01846e-010
subset 1		2840	3.54785e-010
subset 1		2841	3.59832e-010
subset 1		2842	3.11095e-010
subset 1		2843	3.47378e-010
subset 1		2844	3.81967e-010
subset 1		2845	2.8946e-010
subset 1		2846	3.58533e-010
subset 1		2847	3.83073e-010
subset 1		2848	2.8518e-010
subset 1		2849	3.61424e-010
subset 1		143	2850	3.69861e-010
subset 1		2851	3.00586e-010
subset 1		2852	3.51768e-010
subset 1		2853	3.62535e-010
subset 1		2854	2.95771e-010
subset 1		2855	3.65401e-010
subset 1		2856	3.42094e-010
subset 1		2857	3.03844e-010
subset 1		2858	3.38454e-010
subset 1		2859	3.59253e-010
subset 1		2860	2.76717e-010
subset 1		2861	3.61964e-010
subset 1		2862	3.67214e-010
subset 1		2863	2.77669e-010
subset 1		2864	3.58701e-010
subset 1		2865	3.75785e-010
subset 1		2866	2.88739e-010
subset 1		2867	3.37606e-010
subset 1		2868	3.55086e-010
subset 1		2869	2.98593e-010
subset 1		144	2870	3.52309e-010
subset 1		2871	3.30177e-010
subset 1		2872	2.89508e-010
subset 1		2873	3.47443e-010
subset 1		2874	3.63439e-010
subset 1		2875	2.95939e-010
subset 1		2876	3.37207e-010
subset 1		2877	3.54272e-010
subset 1		2878	2.97616e-010
subset 1		2879	3.65075e-010
subset 1		2880	3.81041e-010
subset 1		2881	2.82932e-010
subset 1		2882	3.52498e-010
subset 1		2883	3.83066e-010
subset 1		2884	2.8587e-010
subset 1		2885	3.53875e-010
subset 1		2886	3.52454e-010
subset 1		2887	2.80474e-010
subset 1		2888	3.67451e-010
subset 1		2889	3.55004e-010
subset 1		145	2890	2.89483e-010
subset 1		2891	3.39574e-010
subset 1		2892	3.59141e-010
subset 1		2893	2.99044e-010
subset 1		2894	3.43068e-010
subset 1		2895	3.59977e-010
subset 1		2896	2.76848e-010
subset 1		2897	3.60411e-010
subset 1		2898	3.47527e-010
subset 1		2899	2.75282e-010
subset 1		2900	3.49426e-010
subset 1		2901	3.30084e-010
subset 1		2902	2.71488e-010
subset 1		2903	3.48312e-010
subset 1		2904	3.55481e-010
subset 1		2905	2.72783e-010
subset 1		2906	3.23175e-010
subset 1		2907	3.48893e-010
subset 1		2908	3.02331e-010
subset 1		2909	3.42266e-010
subset 1		146	2910	3.56728e-010
subset 1		2911	2.89857e-010
subset 1		2912	3.43177e-010
subset 1		2913	3.9396e-010
subset 1		2914	2.77402e-010
subset 1		2915	3.70332e-010
subset 1		2916	3.64383e-010
subset 1		2917	2.6728e-010
subset 1		2918	3.64674e-010
subset 1		2919	3.60996e-010
subset 1		2920	2.85605e-010
subset 1		2921	3.48376e-010
subset 1		2922	3.39606e-010
subset 1		2923	2.83293e-010
subset 1		2924	3.35041e-010
subset 1		2925	3.65798e-010
subset 1		2926	2.88256e-010
subset 1		2927	3.24465e-010
subset 1		2928	3.67762e-010
subset 1		2929	2.76882e-010
subset 1		147	2930	3.62903e-010
subset 1		2931	3.60444e-010
subset 1		2932	2.66774e-010
subset 1		2933	3.50083e-010
subset 1		2934	3.4098e-010
subset 1		2935	2.91921e-010
subset 1		2936	3.64308e-010
subset 1		2937	3.42126e-010
subset 1		2938	2.78368e-010
subset 1		2939	3.31986e-010
subset 1		2940	3.65516e-010
subset 1		2941	2.78419e-010
subset 1		2942	3.35694e-010
subset 1		2943	3.54793e-010
subset 1		2944	2.84901e-010
subset 1		2945	3.46187e-010
subset 1		2946	3.59506e-010
subset 1		2947	2.63859e-010
subset 1		2948	3.6703e-010
subset 1		2949	3.38461e-010
subset 1		148	2950	2.70126e-010
subset 1		2951	3.50632e-010
subset 1		2952	3.47167e-010
subset 1		2953	2.89062e-010
subset 1		2954	3.32832e-010
subset 1		2955	3.27505e-010
subset 1		2956	2.84104e-010
subset 1		2957	3.22233e-010
subset 1		2958	3.62693e-010
subset 1		2959	2.74292e-010
subset 1		2960	3.44032e-010
subset 1		2961	3.66395e-010
subset 1		2962	2.75844e-010
subset 1		2963	3.40636e-010
subset 1		2964	3.56541e-010
subset 1		2965	2.49575e-010
subset 1		2966	3.64182e-010
subset 1		2967	3.34693e-010
subset 1		2968	2.73433e-010
subset 1		2969	3.49575e-010
subset 1		149	2970	3.30777e-010
subset 1		2971	2.83974e-010
subset 1		2972	3.17287e-010
subset 1		2973	3.53143e-010
subset 1		2974	2.75591e-010
subset 1		2975	3.37485e-010
subset 1		2976	3.54543e-010
subset 1		2977	2.81148e-010
subset 1		2978	3.35868e-010
subset 1		2979	3.69162e-010
subset 1		2980	2.60297e-010
subset 1		2981	3.38326e-010
subset 1		2982	3.2597e-010
subset 1		2983	2.69441e-010
subset 1		2984	3.2636e-010
subset 1		2985	3.37169e-010
subset 1		2986	2.63801e-010
subset 1		2987	3.32558e-010
subset 1		2988	3.32916e-010
subset 1		2989	3.08768e-010
subset 1		150	2990	3.22095e-010
subset 1		2991	3.54179e-010
subset 1		2992	2.69529e-010
subset 1		2993	3.20754e-010
subset 1		2994	3.30569e-010
subset 1		2995	2.24555e-010
subset 1		2996	3.28548e-010
subset 1		2997	3.3733e-010
subset 1		2998	2.47943e-010
subset 1		2999	3.30309e-010
subset 1		3000	3.21495e-010
