8.67963e-006
subset 1		1	2.31417e-007
subset 1		2	2.3092e-007
subset 1		3	2.21487e-007
subset 1		4	2.20513e-007
subset 1		5	1.90681e-007
subset 1		6	1.87323e-007
subset 1		7	1.89131e-007
subset 1		8	2.06471e-007
subset 1		9	2.30284e-007
subset 1		1	10	2.57193e-007
subset 1		11	2.74728e-007
subset 1		12	2.51507e-007
subset 1		13	2.31105e-007
subset 1		14	1.73087e-007
subset 1		15	1.06607e-007
subset 1		16	5.52528e-008
subset 1		17	5.55349e-008
subset 1		18	7.36936e-008
subset 1		19	1.09223e-007
subset 1		20	1.30492e-007
subset 1		21	1.82014e-007
subset 1		22	2.30666e-007
subset 1		23	2.89334e-007
subset 1		24	3.27802e-007
subset 1		25	4.14642e-007
subset 1		26	5.05952e-007
subset 1		27	5.95275e-007
subset 1		28	6.47269e-007
subset 1		29	6.92835e-007
subset 1		2	30	7.04629e-007
subset 1		31	6.70033e-007
subset 1		32	6.17373e-007
subset 1		33	5.51096e-007
subset 1		34	3.76537e-007
subset 1		35	2.02326e-007
subset 1		36	2.51991e-008
subset 1		37	2.8785e-009
subset 1		38	5.50731e-010
subset 1		39	1.72674e-010
subset 1		40	2.03324e-011
subset 1		41	1.40226e-010
subset 1		42	3.11788e-010
subset 1		43	4.29102e-010
subset 1		44	7.25457e-010
subset 1		45	8.91498e-010
subset 1		46	1.07852e-009
subset 1		47	1.35195e-009
subset 1		48	1.4883e-009
subset 1		49	1.50598e-009
subset 1		3	50	1.54166e-009
subset 1		51	1.48575e-009
subset 1		52	1.25563e-009
subset 1		53	1.13594e-009
subset 1		54	8.12431e-010
subset 1		55	2.95297e-010
subset 1		56	-2.78985e-011
subset 1		57	-5.90936e-011
subset 1		58	-1.54948e-010
subset 1		59	-8.40499e-011
subset 1		60	-7.72125e-011
subset 1		61	-1.29104e-010
subset 1		62	-6.74664e-011
subset 1		63	-1.06781e-010
subset 1		64	-1.34977e-010
subset 1		65	-1.0274e-010
subset 1		66	-8.36168e-011
subset 1		67	-1.10335e-010
subset 1		68	-9.72407e-011
subset 1		69	-7.07308e-011
subset 1		4	70	-1.28809e-010
subset 1		71	-8.68615e-011
subset 1		72	-6.12564e-011
subset 1		73	-1.66125e-010
subset 1		74	-7.09929e-011
subset 1		75	-8.03557e-011
subset 1		76	-1.26105e-010
subset 1		77	-6.74763e-011
subset 1		78	-9.38704e-011
subset 1		79	-1.2559e-010
subset 1		80	-8.99322e-011
subset 1		81	-8.71334e-011
subset 1		82	-1.1779e-010
subset 1		83	-1.08527e-010
subset 1		84	-7.61089e-011
subset 1		85	-1.36756e-010
subset 1		86	-1.06132e-010
subset 1		87	-6.78478e-011
subset 1		88	-1.44029e-010
subset 1		89	-9.03604e-011
subset 1		5	90	-7.56953e-011
subset 1		91	-1.58173e-010
subset 1		92	-6.64864e-011
subset 1		93	-8.61303e-011
subset 1		94	-1.37676e-010
subset 1		95	-7.5746e-011
subset 1		96	-1.12666e-010
subset 1		97	-1.30565e-010
subset 1		98	-9.80553e-011
subset 1		99	-7.56468e-011
subset 1		100	-1.27193e-010
subset 1		101	-8.73109e-011
subset 1		102	-3.89385e-011
subset 1		103	-1.06793e-010
subset 1		104	-3.82144e-011
subset 1		105	-1.30894e-011
subset 1		106	-8.23643e-011
subset 1		107	2.71872e-012
subset 1		108	-7.88109e-012
subset 1		109	-5.78533e-011
subset 1		6	110	5.54544e-012
subset 1		111	-2.7874e-011
subset 1		112	-6.62972e-011
subset 1		113	-3.23798e-011
subset 1		114	-4.08554e-011
subset 1		115	-1.14296e-010
subset 1		116	-9.77582e-011
subset 1		117	-6.49733e-011
subset 1		118	-1.45851e-010
subset 1		119	-9.09985e-011
subset 1		120	-6.06184e-011
subset 1		121	-1.42282e-010
subset 1		122	-6.30618e-011
subset 1		123	-6.546e-011
subset 1		124	-1.39625e-010
subset 1		125	-5.90522e-011
subset 1		126	-5.78996e-011
subset 1		127	-1.12066e-010
subset 1		128	-7.01118e-011
subset 1		129	-6.40491e-011
subset 1		7	130	-9.888e-011
subset 1		131	-8.36384e-011
subset 1		132	-7.00768e-011
subset 1		133	-1.19115e-010
subset 1		134	-8.18926e-011
subset 1		135	-7.06613e-011
subset 1		136	-1.40135e-010
subset 1		137	-8.54987e-011
subset 1		138	-7.29699e-011
subset 1		139	-1.683e-010
subset 1		140	-7.25737e-011
subset 1		141	-8.24159e-011
subset 1		142	-1.18361e-010
subset 1		143	-3.69607e-011
subset 1		144	-4.14765e-011
subset 1		145	-6.11915e-011
subset 1		146	-2.31021e-011
subset 1		147	1.58252e-011
subset 1		148	-2.43641e-011
subset 1		149	-2.2163e-011
subset 1		8	150	2.90847e-011
subset 1		151	-6.35008e-011
subset 1		152	-1.20874e-011
subset 1		153	3.39446e-011
subset 1		154	-7.00641e-011
subset 1		155	2.2141e-011
subset 1		156	2.18649e-011
subset 1		157	-4.50677e-011
subset 1		158	4.47237e-011
subset 1		159	1.51332e-011
subset 1		160	-9.16616e-012
subset 1		161	2.40756e-011
subset 1		162	2.40429e-011
subset 1		163	-5.27368e-011
subset 1		164	-7.38233e-011
subset 1		165	-5.3317e-011
subset 1		166	-1.32786e-010
subset 1		167	-1.02345e-010
subset 1		168	-8.15571e-011
subset 1		169	-1.62048e-010
subset 1		9	170	-7.02448e-011
subset 1		171	-8.23493e-011
subset 1		172	-1.65287e-010
subset 1		173	-6.76453e-011
subset 1		174	-1.05438e-010
subset 1		175	-1.47174e-010
subset 1		176	-8.00364e-011
subset 1		177	-8.95037e-011
subset 1		178	-1.32495e-010
subset 1		179	-1.07515e-010
subset 1		180	-6.43436e-011
subset 1		181	-1.47594e-010
subset 1		182	-1.04371e-010
subset 1		183	-7.96398e-011
subset 1		184	-1.29071e-010
subset 1		185	-9.50144e-011
subset 1		186	-6.61445e-011
subset 1		187	-1.53336e-010
subset 1		188	-7.34928e-011
subset 1		189	-6.71666e-011
subset 1		10	190	-1.34967e-010
subset 1		191	-6.85643e-011
subset 1		192	-7.71116e-011
subset 1		193	-1.30037e-010
subset 1		194	-9.02521e-011
subset 1		195	-6.27434e-011
subset 1		196	-1.24589e-010
subset 1		197	-1.14711e-010
subset 1		198	-5.80861e-011
subset 1		199	-1.1351e-010
subset 1		200	-7.27998e-011
subset 1		201	-5.36839e-011
subset 1		202	-1.3556e-010
subset 1		203	-5.6954e-011
subset 1		204	-5.72346e-011
subset 1		205	-1.03012e-010
subset 1		206	-3.22141e-011
subset 1		207	-5.02226e-011
subset 1		208	-7.20328e-011
subset 1		209	4.14382e-012
subset 1		11	210	7.6143e-012
subset 1		211	4.5753e-012
subset 1		212	9.90257e-011
subset 1		213	1.63097e-010
subset 1		214	2.20418e-010
subset 1		215	3.94302e-010
subset 1		216	7.73787e-010
subset 1		217	9.91501e-010
subset 1		218	1.676e-009
subset 1		219	2.7581e-009
subset 1		220	5.16546e-009
subset 1		221	8.6062e-009
subset 1		222	1.75764e-008
subset 1		223	3.14003e-008
subset 1		224	4.72548e-008
subset 1		225	5.44047e-008
subset 1		226	6.19194e-008
subset 1		227	6.58777e-008
subset 1		228	6.84612e-008
subset 1		229	6.73017e-008
subset 1		12	230	6.38715e-008
subset 1		231	6.1917e-008
subset 1		232	5.46601e-008
subset 1		233	4.75679e-008
subset 1		234	2.61421e-008
subset 1		235	6.70513e-009
subset 1		236	8.81585e-010
subset 1		237	2.70126e-010
subset 1		238	1.45912e-010
subset 1		239	3.16064e-010
subset 1		240	6.11774e-010
subset 1		241	1.24698e-009
subset 1		242	2.29366e-009
subset 1		243	4.76399e-009
subset 1		244	7.37293e-009
subset 1		245	9.26112e-009
subset 1		246	1.01082e-008
subset 1		247	1.07716e-008
subset 1		248	1.13627e-008
subset 1		249	1.14115e-008
subset 1		13	250	1.06905e-008
subset 1		251	1.05717e-008
subset 1		252	9.84336e-009
subset 1		253	8.70455e-009
subset 1		254	5.21527e-009
subset 1		255	2.31656e-009
subset 1		256	6.95645e-010
subset 1		257	8.0762e-010
subset 1		258	1.15463e-009
subset 1		259	1.55272e-009
subset 1		260	2.68225e-009
subset 1		261	4.4806e-009
subset 1		262	1.0619e-008
subset 1		263	1.74991e-008
subset 1		264	2.78614e-008
subset 1		265	3.54933e-008
subset 1		266	3.95882e-008
subset 1		267	4.10615e-008
subset 1		268	4.31066e-008
subset 1		269	4.34162e-008
subset 1		14	270	4.0879e-008
subset 1		271	4.02983e-008
subset 1		272	3.81708e-008
subset 1		273	3.24861e-008
subset 1		274	1.7255e-008
subset 1		275	7.64093e-009
subset 1		276	1.35411e-009
subset 1		277	7.57434e-010
subset 1		278	1.0684e-009
subset 1		279	1.9437e-009
subset 1		280	3.00021e-009
subset 1		281	4.35639e-009
subset 1		282	1.14478e-008
subset 1		283	2.70125e-008
subset 1		284	3.88993e-008
subset 1		285	5.12406e-008
subset 1		286	5.83049e-008
subset 1		287	6.25457e-008
subset 1		288	6.47299e-008
subset 1		289	6.71199e-008
subset 1		15	290	6.31825e-008
subset 1		291	6.19722e-008
subset 1		292	6.17267e-008
subset 1		293	5.19096e-008
subset 1		294	3.77489e-008
subset 1		295	1.75941e-008
subset 1		296	4.52928e-009
subset 1		297	2.54381e-009
subset 1		298	3.80289e-009
subset 1		299	7.47895e-009
subset 1		300	1.17975e-008
subset 1		301	1.66476e-008
subset 1		302	4.28141e-008
subset 1		303	9.18634e-008
subset 1		304	1.40426e-007
subset 1		305	1.62326e-007
subset 1		306	1.84748e-007
subset 1		307	1.96453e-007
subset 1		308	2.07606e-007
subset 1		309	2.06516e-007
subset 1		16	310	1.95378e-007
subset 1		311	1.93613e-007
subset 1		312	1.86e-007
subset 1		313	1.60252e-007
subset 1		314	9.42296e-008
subset 1		315	3.85284e-008
subset 1		316	9.91495e-009
subset 1		317	6.42355e-009
subset 1		318	9.97963e-009
subset 1		319	1.98753e-008
subset 1		320	2.84748e-008
subset 1		321	5.02581e-008
subset 1		322	1.22704e-007
subset 1		323	2.69405e-007
subset 1		324	4.03828e-007
subset 1		325	4.86306e-007
subset 1		326	5.15484e-007
subset 1		327	5.49033e-007
subset 1		328	5.84942e-007
subset 1		329	5.82175e-007
subset 1		17	330	5.41264e-007
subset 1		331	5.51251e-007
subset 1		332	5.18905e-007
subset 1		333	4.43943e-007
subset 1		334	2.45086e-007
subset 1		335	1.07583e-007
subset 1		336	2.83486e-008
subset 1		337	2.17669e-008
subset 1		338	3.25214e-008
subset 1		339	6.38294e-008
subset 1		340	1.00366e-007
subset 1		341	1.49044e-007
subset 1		342	3.29297e-007
subset 1		343	8.31156e-007
subset 1		344	1.34231e-006
subset 1		345	1.6674e-006
subset 1		346	1.85232e-006
subset 1		347	1.90922e-006
subset 1		348	2.04266e-006
subset 1		349	2.0688e-006
subset 1		18	350	1.92817e-006
subset 1		351	1.92086e-006
subset 1		352	1.91537e-006
subset 1		353	1.58766e-006
subset 1		354	9.36845e-007
subset 1		355	4.25953e-007
subset 1		356	4.5669e-008
subset 1		357	6.34208e-009
subset 1		358	2.12715e-009
subset 1		359	1.75104e-009
subset 1		360	2.42762e-009
subset 1		361	4.45307e-009
subset 1		362	1.18425e-008
subset 1		363	2.04854e-008
subset 1		364	3.04729e-008
subset 1		365	3.68913e-008
subset 1		366	4.02963e-008
subset 1		367	4.2444e-008
subset 1		368	4.40863e-008
subset 1		369	4.45326e-008
subset 1		19	370	4.19853e-008
subset 1		371	4.17696e-008
subset 1		372	4.08019e-008
subset 1		373	3.40537e-008
subset 1		374	2.16199e-008
subset 1		375	9.47702e-009
subset 1		376	1.68941e-009
subset 1		377	4.56309e-010
subset 1		378	4.26992e-010
subset 1		379	4.38145e-010
subset 1		380	4.95098e-010
subset 1		381	6.98919e-010
subset 1		382	1.45458e-009
subset 1		383	2.83681e-009
subset 1		384	3.47734e-009
subset 1		385	4.03454e-009
subset 1		386	4.35885e-009
subset 1		387	4.60868e-009
subset 1		388	4.88918e-009
subset 1		389	4.84611e-009
subset 1		20	390	4.52297e-009
subset 1		391	4.51151e-009
subset 1		392	4.39916e-009
subset 1		393	3.71899e-009
subset 1		394	2.24244e-009
subset 1		395	8.47407e-010
subset 1		396	1.14248e-010
subset 1		397	-7.99271e-011
subset 1		398	-1.61388e-011
subset 1		399	-6.766e-013
subset 1		400	-8.45826e-011
subset 1		401	1.64165e-011
subset 1		402	2.59184e-011
subset 1		403	1.22978e-011
subset 1		404	6.03513e-011
subset 1		405	8.59027e-011
subset 1		406	1.08696e-011
subset 1		407	5.3003e-011
subset 1		408	9.87046e-011
subset 1		409	4.289e-011
subset 1		21	410	4.635e-011
subset 1		411	9.1895e-011
subset 1		412	3.10468e-011
subset 1		413	8.92908e-011
subset 1		414	5.10062e-011
subset 1		415	-7.70133e-011
subset 1		416	-1.39013e-011
subset 1		417	5.70281e-012
subset 1		418	-2.969e-011
subset 1		419	1.33317e-010
subset 1		420	1.13523e-010
subset 1		421	4.86928e-010
subset 1		422	1.23674e-009
subset 1		423	2.27726e-009
subset 1		424	2.99419e-009
subset 1		425	3.45543e-009
subset 1		426	3.54254e-009
subset 1		427	3.71832e-009
subset 1		428	4.00659e-009
subset 1		429	3.90165e-009
subset 1		22	430	3.49561e-009
subset 1		431	3.82139e-009
subset 1		432	3.42502e-009
subset 1		433	2.82578e-009
subset 1		434	1.12891e-009
subset 1		435	4.69329e-010
subset 1		436	-4.31643e-011
subset 1		437	-2.72779e-011
subset 1		438	-2.35659e-011
subset 1		439	-8.06902e-011
subset 1		440	-3.44994e-011
subset 1		441	-1.57171e-011
subset 1		442	-6.21e-011
subset 1		443	-4.37537e-011
subset 1		444	-2.60841e-011
subset 1		445	-1.19659e-010
subset 1		446	-6.51419e-011
subset 1		447	-5.22583e-011
subset 1		448	-1.2023e-010
subset 1		449	-4.2126e-011
subset 1		23	450	-5.10191e-011
subset 1		451	-1.01418e-010
subset 1		452	-3.28589e-011
subset 1		453	-3.96439e-011
subset 1		454	-7.40405e-011
subset 1		455	-4.6066e-011
subset 1		456	-1.08646e-011
subset 1		457	-2.75573e-011
subset 1		458	6.66938e-011
subset 1		459	1.8592e-010
subset 1		460	1.80092e-010
subset 1		461	6.18795e-010
subset 1		462	1.63777e-009
subset 1		463	2.59334e-009
subset 1		464	3.16894e-009
subset 1		465	3.68358e-009
subset 1		466	3.8674e-009
subset 1		467	4.15988e-009
subset 1		468	4.32177e-009
subset 1		469	4.20263e-009
subset 1		24	470	3.9829e-009
subset 1		471	4.22075e-009
subset 1		472	3.9031e-009
subset 1		473	3.37903e-009
subset 1		474	1.64707e-009
subset 1		475	6.4217e-010
subset 1		476	1.96317e-010
subset 1		477	2.33013e-010
subset 1		478	3.21385e-010
subset 1		479	7.00564e-010
subset 1		480	9.44599e-010
subset 1		481	1.70981e-009
subset 1		482	4.65525e-009
subset 1		483	8.23772e-009
subset 1		484	1.09116e-008
subset 1		485	1.22339e-008
subset 1		486	1.3093e-008
subset 1		487	1.37888e-008
subset 1		488	1.47571e-008
subset 1		489	1.45421e-008
subset 1		25	490	1.36449e-008
subset 1		491	1.40291e-008
subset 1		492	1.39789e-008
subset 1		493	1.17178e-008
subset 1		494	6.79896e-009
subset 1		495	3.28263e-009
subset 1		496	1.18769e-009
subset 1		497	1.18679e-009
subset 1		498	1.90608e-009
subset 1		499	3.34579e-009
subset 1		500	4.24114e-009
subset 1		501	1.02214e-008
subset 1		502	1.9768e-008
subset 1		503	3.76914e-008
subset 1		504	5.18765e-008
subset 1		505	6.07342e-008
subset 1		506	6.31116e-008
subset 1		507	6.59677e-008
subset 1		508	7.08784e-008
subset 1		509	7.16141e-008
subset 1		26	510	6.71723e-008
subset 1		511	6.66275e-008
subset 1		512	6.94861e-008
subset 1		513	5.70392e-008
subset 1		514	3.94792e-008
subset 1		515	1.48842e-008
subset 1		516	4.24281e-009
subset 1		517	1.5807e-009
subset 1		518	1.81358e-009
subset 1		519	2.87648e-009
subset 1		520	3.57137e-009
subset 1		521	6.74815e-009
subset 1		522	1.62959e-008
subset 1		523	2.53594e-008
subset 1		524	3.59663e-008
subset 1		525	4.37833e-008
subset 1		526	4.70294e-008
subset 1		527	4.80918e-008
subset 1		528	5.16586e-008
subset 1		529	5.31891e-008
subset 1		27	530	5.12609e-008
subset 1		531	4.99377e-008
subset 1		532	5.45e-008
subset 1		533	4.87656e-008
subset 1		534	3.9398e-008
subset 1		535	2.45256e-008
subset 1		536	2.1697e-008
subset 1		537	2.6763e-008
subset 1		538	4.55248e-008
subset 1		539	6.31311e-008
subset 1		540	7.95112e-008
subset 1		541	1.85596e-007
subset 1		542	4.85742e-007
subset 1		543	7.73222e-007
subset 1		544	9.27169e-007
subset 1		545	1.07861e-006
subset 1		546	1.13594e-006
subset 1		547	1.18534e-006
subset 1		548	1.25658e-006
subset 1		549	1.25797e-006
subset 1		28	550	1.15966e-006
subset 1		551	1.23086e-006
subset 1		552	1.18951e-006
subset 1		553	9.80198e-007
subset 1		554	4.51398e-007
subset 1		555	1.90172e-007
subset 1		556	3.59328e-008
subset 1		557	6.26759e-009
subset 1		558	4.03016e-009
subset 1		559	4.8779e-009
subset 1		560	6.04944e-009
subset 1		561	1.43421e-008
subset 1		562	3.20187e-008
subset 1		563	5.10201e-008
subset 1		564	6.50453e-008
subset 1		565	7.09731e-008
subset 1		566	7.53243e-008
subset 1		567	7.85721e-008
subset 1		568	8.35578e-008
subset 1		569	8.26901e-008
subset 1		29	570	7.7379e-008
subset 1		571	7.88157e-008
subset 1		572	7.80221e-008
subset 1		573	6.60011e-008
subset 1		574	3.3876e-008
subset 1		575	1.40127e-008
subset 1		576	3.14102e-009
subset 1		577	1.15944e-009
subset 1		578	1.50168e-009
subset 1		579	2.15517e-009
subset 1		580	3.059e-009
subset 1		581	6.16042e-009
subset 1		582	1.58313e-008
subset 1		583	2.52431e-008
subset 1		584	3.22728e-008
subset 1		585	3.51209e-008
subset 1		586	3.69674e-008
subset 1		587	3.83855e-008
subset 1		588	4.11956e-008
subset 1		589	4.13614e-008
subset 1		30	590	3.79605e-008
subset 1		591	3.93088e-008
subset 1		592	3.85361e-008
subset 1		593	3.1756e-008
subset 1		594	1.77978e-008
subset 1		595	7.48994e-009
subset 1		596	1.58408e-009
subset 1		597	4.28374e-010
subset 1		598	3.69817e-010
subset 1		599	6.64327e-010
subset 1		600	9.01759e-010
subset 1		601	2.19866e-009
subset 1		602	4.04166e-009
subset 1		603	7.06145e-009
subset 1		604	9.36145e-009
subset 1		605	1.09409e-008
subset 1		606	1.14187e-008
subset 1		607	1.16939e-008
subset 1		608	1.26268e-008
subset 1		609	1.29472e-008
subset 1		31	610	1.21221e-008
subset 1		611	1.1717e-008
subset 1		612	1.27166e-008
subset 1		613	1.04013e-008
subset 1		614	7.0762e-009
subset 1		615	2.89723e-009
subset 1		616	9.33567e-010
subset 1		617	6.35469e-010
subset 1		618	9.69193e-010
subset 1		619	1.10845e-009
subset 1		620	1.96014e-009
subset 1		621	5.09501e-009
subset 1		622	9.54271e-009
subset 1		623	1.27904e-008
subset 1		624	1.58022e-008
subset 1		625	1.73479e-008
subset 1		626	1.78335e-008
subset 1		627	1.83287e-008
subset 1		628	1.95171e-008
subset 1		629	1.92601e-008
subset 1		32	630	1.77533e-008
subset 1		631	1.93039e-008
subset 1		632	1.7341e-008
subset 1		633	1.36368e-008
subset 1		634	5.47871e-009
subset 1		635	2.01638e-009
subset 1		636	3.83696e-010
subset 1		637	-8.02082e-012
subset 1		638	2.50446e-011
subset 1		639	8.22686e-011
subset 1		640	4.88518e-011
subset 1		641	3.69581e-010
subset 1		642	7.52244e-010
subset 1		643	9.5422e-010
subset 1		644	1.16583e-009
subset 1		645	1.27147e-009
subset 1		646	1.26811e-009
subset 1		647	1.43358e-009
subset 1		648	1.45419e-009
subset 1		649	1.37979e-009
subset 1		33	650	1.30367e-009
subset 1		651	1.48185e-009
subset 1		652	1.26151e-009
subset 1		653	1.00315e-009
subset 1		654	4.17293e-010
subset 1		655	7.26374e-011
subset 1		656	2.63384e-011
subset 1		657	4.66841e-011
subset 1		658	2.70737e-011
subset 1		659	1.58703e-010
subset 1		660	3.68072e-010
subset 1		661	7.09103e-010
subset 1		662	1.51693e-009
subset 1		663	2.13975e-009
subset 1		664	2.59596e-009
subset 1		665	2.79198e-009
subset 1		666	2.8651e-009
subset 1		667	2.99271e-009
subset 1		668	3.22921e-009
subset 1		669	3.1603e-009
subset 1		34	670	2.80347e-009
subset 1		671	3.10027e-009
subset 1		672	2.81849e-009
subset 1		673	2.15779e-009
subset 1		674	8.05079e-010
subset 1		675	3.0899e-010
subset 1		676	-8.31607e-011
subset 1		677	-4.73322e-011
subset 1		678	-6.33049e-011
subset 1		679	-1.15258e-010
subset 1		680	-4.11454e-011
subset 1		681	-1.4526e-011
subset 1		682	-2.0743e-011
subset 1		683	4.52736e-011
subset 1		684	9.77057e-011
subset 1		685	4.44042e-011
subset 1		686	7.25669e-011
subset 1		687	1.18397e-010
subset 1		688	6.24781e-011
subset 1		689	1.18329e-010
subset 1		35	690	1.16308e-010
subset 1		691	4.07303e-011
subset 1		692	1.28558e-010
subset 1		693	5.48855e-011
subset 1		694	-6.5716e-011
subset 1		695	-2.11034e-011
subset 1		696	-5.4425e-011
subset 1		697	-6.93922e-011
subset 1		698	-3.33845e-012
subset 1		699	1.29267e-011
subset 1		700	4.72958e-011
subset 1		701	2.69563e-010
subset 1		702	5.55413e-010
subset 1		703	6.33491e-010
subset 1		704	8.64739e-010
subset 1		705	9.85289e-010
subset 1		706	9.35745e-010
subset 1		707	1.01838e-009
subset 1		708	1.08501e-009
subset 1		709	1.03414e-009
subset 1		36	710	1.00712e-009
subset 1		711	1.04153e-009
subset 1		712	9.77614e-010
subset 1		713	8.23874e-010
subset 1		714	3.09718e-010
subset 1		715	1.43865e-010
subset 1		716	8.74625e-011
subset 1		717	1.09858e-010
subset 1		718	1.16083e-010
subset 1		719	2.08325e-010
subset 1		720	3.4251e-010
subset 1		721	8.48436e-010
subset 1		722	1.70594e-009
subset 1		723	2.43086e-009
subset 1		724	2.71308e-009
subset 1		725	3.17293e-009
subset 1		726	3.27051e-009
subset 1		727	3.33115e-009
subset 1		728	3.56369e-009
subset 1		729	3.65888e-009
subset 1		37	730	3.33909e-009
subset 1		731	3.41424e-009
subset 1		732	3.63862e-009
subset 1		733	2.99589e-009
subset 1		734	1.7089e-009
subset 1		735	8.2235e-010
subset 1		736	3.52963e-010
subset 1		737	3.21884e-010
subset 1		738	4.26073e-010
subset 1		739	4.34167e-010
subset 1		740	6.91452e-010
subset 1		741	1.45763e-009
subset 1		742	2.63592e-009
subset 1		743	3.89636e-009
subset 1		744	4.79097e-009
subset 1		745	5.26038e-009
subset 1		746	5.54623e-009
subset 1		747	5.65563e-009
subset 1		748	5.99575e-009
subset 1		749	6.1699e-009
subset 1		38	750	5.87424e-009
subset 1		751	5.58855e-009
subset 1		752	6.22149e-009
subset 1		753	5.21364e-009
subset 1		754	3.16854e-009
subset 1		755	1.50539e-009
subset 1		756	1.05532e-009
subset 1		757	8.95978e-010
subset 1		758	1.28186e-009
subset 1		759	1.60846e-009
subset 1		760	2.27728e-009
subset 1		761	4.36923e-009
subset 1		762	8.67574e-009
subset 1		763	1.30188e-008
subset 1		764	1.65344e-008
subset 1		765	1.89481e-008
subset 1		766	1.94981e-008
subset 1		767	1.97039e-008
subset 1		768	2.08546e-008
subset 1		769	2.20487e-008
subset 1		39	770	2.09851e-008
subset 1		771	1.94299e-008
subset 1		772	2.18547e-008
subset 1		773	1.88834e-008
subset 1		774	1.37016e-008
subset 1		775	4.77137e-009
subset 1		776	2.25757e-009
subset 1		777	9.50768e-010
subset 1		778	8.94653e-010
subset 1		779	1.14915e-009
subset 1		780	1.8301e-009
subset 1		781	3.84087e-009
subset 1		782	6.00017e-009
subset 1		783	8.96652e-009
subset 1		784	1.1294e-008
subset 1		785	1.30511e-008
subset 1		786	1.39223e-008
subset 1		787	1.37218e-008
subset 1		788	1.45357e-008
subset 1		789	1.53061e-008
subset 1		40	790	1.46767e-008
subset 1		791	1.37901e-008
subset 1		792	1.4785e-008
subset 1		793	1.29975e-008
subset 1		794	8.52494e-009
subset 1		795	3.50447e-009
subset 1		796	2.05425e-009
subset 1		797	1.46666e-009
subset 1		798	1.84477e-009
subset 1		799	2.02619e-009
subset 1		800	2.6595e-009
subset 1		801	5.56669e-009
subset 1		802	1.14517e-008
subset 1		803	1.52866e-008
subset 1		804	1.98992e-008
subset 1		805	2.34926e-008
subset 1		806	2.56256e-008
subset 1		807	2.56265e-008
subset 1		808	2.59585e-008
subset 1		809	2.82107e-008
subset 1		41	810	2.78209e-008
subset 1		811	2.50921e-008
subset 1		812	2.70699e-008
subset 1		813	2.64466e-008
subset 1		814	1.94289e-008
subset 1		815	7.3797e-009
subset 1		816	4.05519e-009
subset 1		817	1.3326e-009
subset 1		818	1.10309e-009
subset 1		819	1.29626e-009
subset 1		820	1.55743e-009
subset 1		821	3.3201e-009
subset 1		822	6.12515e-009
subset 1		823	8.76301e-009
subset 1		824	1.04424e-008
subset 1		825	1.23361e-008
subset 1		826	1.33758e-008
subset 1		827	1.34869e-008
subset 1		828	1.37397e-008
subset 1		829	1.46991e-008
subset 1		42	830	1.4546e-008
subset 1		831	1.34493e-008
subset 1		832	1.43948e-008
subset 1		833	1.39926e-008
subset 1		834	9.82162e-009
subset 1		835	4.2169e-009
subset 1		836	2.45009e-009
subset 1		837	1.62308e-009
subset 1		838	1.69246e-009
subset 1		839	2.0736e-009
subset 1		840	3.09918e-009
subset 1		841	4.88016e-009
subset 1		842	8.56644e-009
subset 1		843	1.23693e-008
subset 1		844	1.52859e-008
subset 1		845	1.69398e-008
subset 1		846	1.8438e-008
subset 1		847	1.8698e-008
subset 1		848	1.96618e-008
subset 1		849	2.07891e-008
subset 1		43	850	2.07109e-008
subset 1		851	1.94557e-008
subset 1		852	2.19283e-008
subset 1		853	2.17954e-008
subset 1		854	1.82932e-008
subset 1		855	1.42669e-008
subset 1		856	1.90912e-008
subset 1		857	2.73155e-008
subset 1		858	3.09735e-008
subset 1		859	4.05585e-008
subset 1		860	8.37235e-008
subset 1		861	1.52666e-007
subset 1		862	1.97274e-007
subset 1		863	2.54983e-007
subset 1		864	3.05431e-007
subset 1		865	3.37778e-007
subset 1		866	3.32112e-007
subset 1		867	3.33705e-007
subset 1		868	3.66451e-007
subset 1		869	3.68932e-007
subset 1		44	870	3.27739e-007
subset 1		871	3.39317e-007
subset 1		872	3.5931e-007
subset 1		873	2.79397e-007
subset 1		874	1.12146e-007
subset 1		875	5.15761e-008
subset 1		876	1.17392e-008
subset 1		877	2.52587e-009
subset 1		878	1.67722e-009
subset 1		879	1.75415e-009
subset 1		880	2.94107e-009
subset 1		881	5.46214e-009
subset 1		882	8.1353e-009
subset 1		883	9.92273e-009
subset 1		884	1.19523e-008
subset 1		885	1.34002e-008
subset 1		886	1.36251e-008
subset 1		887	1.34566e-008
subset 1		888	1.43236e-008
subset 1		889	1.49195e-008
subset 1		45	890	1.39295e-008
subset 1		891	1.33697e-008
subset 1		892	1.4479e-008
subset 1		893	1.21763e-008
subset 1		894	6.48732e-009
subset 1		895	2.74046e-009
subset 1		896	1.09984e-009
subset 1		897	3.729e-010
subset 1		898	2.77052e-010
subset 1		899	3.99765e-010
subset 1		900	6.97278e-010
subset 1		901	1.24975e-009
subset 1		902	2.03655e-009
subset 1		903	2.64604e-009
subset 1		904	2.93683e-009
subset 1		905	3.44213e-009
subset 1		906	3.5698e-009
subset 1		907	3.49362e-009
subset 1		908	3.6979e-009
subset 1		909	3.89295e-009
subset 1		46	910	3.64108e-009
subset 1		911	3.52406e-009
subset 1		912	3.76196e-009
subset 1		913	3.32005e-009
subset 1		914	1.98101e-009
subset 1		915	7.94749e-010
subset 1		916	2.0013e-010
subset 1		917	4.22194e-011
subset 1		918	3.34184e-011
subset 1		919	-3.47498e-011
subset 1		920	1.61237e-010
subset 1		921	2.53214e-010
subset 1		922	3.71046e-010
subset 1		923	5.37492e-010
subset 1		924	6.31754e-010
subset 1		925	6.3414e-010
subset 1		926	6.79082e-010
subset 1		927	7.06509e-010
subset 1		928	7.14417e-010
subset 1		929	7.4975e-010
subset 1		47	930	7.19779e-010
subset 1		931	6.30652e-010
subset 1		932	7.46694e-010
subset 1		933	6.22494e-010
subset 1		934	2.24405e-010
subset 1		935	1.21851e-010
subset 1		936	8.71885e-011
subset 1		937	4.6126e-011
subset 1		938	1.72328e-010
subset 1		939	3.1626e-010
subset 1		940	6.27739e-010
subset 1		941	1.01406e-009
subset 1		942	1.20405e-009
subset 1		943	1.42982e-009
subset 1		944	1.67075e-009
subset 1		945	1.78377e-009
subset 1		946	1.68927e-009
subset 1		947	1.76034e-009
subset 1		948	1.92643e-009
subset 1		949	1.80448e-009
subset 1		48	950	1.67181e-009
subset 1		951	1.83856e-009
subset 1		952	1.68595e-009
subset 1		953	1.13957e-009
subset 1		954	4.57819e-010
subset 1		955	1.2871e-010
subset 1		956	3.1496e-011
subset 1		957	1.09099e-011
subset 1		958	-2.35671e-012
subset 1		959	9.33208e-011
subset 1		960	2.33492e-010
subset 1		961	3.85723e-010
subset 1		962	5.63486e-010
subset 1		963	7.31682e-010
subset 1		964	7.65359e-010
subset 1		965	9.55808e-010
subset 1		966	9.94603e-010
subset 1		967	8.62764e-010
subset 1		968	1.01539e-009
subset 1		969	1.06328e-009
subset 1		49	970	9.29585e-010
subset 1		971	9.41448e-010
subset 1		972	1.07573e-009
subset 1		973	8.64896e-010
subset 1		974	4.75281e-010
subset 1		975	2.18161e-010
subset 1		976	1.17525e-010
subset 1		977	1.73684e-010
subset 1		978	3.6426e-010
subset 1		979	4.39779e-010
subset 1		980	9.73375e-010
subset 1		981	1.76859e-009
subset 1		982	2.30644e-009
subset 1		983	2.76863e-009
subset 1		984	3.28547e-009
subset 1		985	3.64209e-009
subset 1		986	3.88667e-009
subset 1		987	3.73456e-009
subset 1		988	3.81e-009
subset 1		989	4.18059e-009
subset 1		50	990	3.88543e-009
subset 1		991	3.54334e-009
subset 1		992	4.07534e-009
subset 1		993	3.62484e-009
subset 1		994	2.10679e-009
subset 1		995	7.32491e-010
subset 1		996	4.57929e-010
subset 1		997	1.21342e-010
subset 1		998	2.36174e-010
subset 1		999	4.37429e-010
subset 1		1000	6.14223e-010
subset 1		1001	1.20557e-009
subset 1		1002	1.7311e-009
subset 1		1003	2.09311e-009
subset 1		1004	2.43639e-009
subset 1		1005	2.81751e-009
subset 1		1006	2.94906e-009
subset 1		1007	2.90849e-009
subset 1		1008	2.98973e-009
subset 1		1009	3.1553e-009
subset 1		51	1010	3.11183e-009
subset 1		1011	2.75724e-009
subset 1		1012	3.08869e-009
subset 1		1013	2.91292e-009
subset 1		1014	1.89933e-009
subset 1		1015	5.86354e-010
subset 1		1016	3.54757e-010
subset 1		1017	1.4008e-010
subset 1		1018	7.35998e-011
subset 1		1019	2.75406e-010
subset 1		1020	5.80943e-010
subset 1		1021	8.37288e-010
subset 1		1022	1.37482e-009
subset 1		1023	1.69937e-009
subset 1		1024	1.98562e-009
subset 1		1025	2.24672e-009
subset 1		1026	2.4472e-009
subset 1		1027	2.33762e-009
subset 1		1028	2.37572e-009
subset 1		1029	2.64896e-009
subset 1		52	1030	2.52631e-009
subset 1		1031	2.26247e-009
subset 1		1032	2.52779e-009
subset 1		1033	2.40469e-009
subset 1		1034	1.79469e-009
subset 1		1035	6.96453e-010
subset 1		1036	2.95739e-010
subset 1		1037	1.68304e-010
subset 1		1038	1.6486e-010
subset 1		1039	3.03302e-010
subset 1		1040	7.11151e-010
subset 1		1041	1.2082e-009
subset 1		1042	1.49673e-009
subset 1		1043	1.97145e-009
subset 1		1044	2.38565e-009
subset 1		1045	2.67356e-009
subset 1		1046	2.92788e-009
subset 1		1047	2.90461e-009
subset 1		1048	2.78193e-009
subset 1		1049	3.13045e-009
subset 1		53	1050	3.15772e-009
subset 1		1051	2.71174e-009
subset 1		1052	2.82952e-009
subset 1		1053	3.08352e-009
subset 1		1054	2.1294e-009
subset 1		1055	9.65371e-010
subset 1		1056	3.99183e-010
subset 1		1057	1.22135e-010
subset 1		1058	1.2105e-010
subset 1		1059	2.44015e-010
subset 1		1060	4.47931e-010
subset 1		1061	9.27575e-010
subset 1		1062	1.424e-009
subset 1		1063	1.57504e-009
subset 1		1064	1.95751e-009
subset 1		1065	2.28185e-009
subset 1		1066	2.45357e-009
subset 1		1067	2.49436e-009
subset 1		1068	2.38558e-009
subset 1		1069	2.54691e-009
subset 1		54	1070	2.74692e-009
subset 1		1071	2.42285e-009
subset 1		1072	2.33375e-009
subset 1		1073	2.74264e-009
subset 1		1074	2.22712e-009
subset 1		1075	1.09345e-009
subset 1		1076	5.49703e-010
subset 1		1077	4.36379e-010
subset 1		1078	4.17683e-010
subset 1		1079	9.22186e-010
subset 1		1080	1.59905e-009
subset 1		1081	2.76667e-009
subset 1		1082	4.10443e-009
subset 1		1083	5.1218e-009
subset 1		1084	5.69459e-009
subset 1		1085	6.69117e-009
subset 1		1086	7.44844e-009
subset 1		1087	7.47796e-009
subset 1		1088	7.20513e-009
subset 1		1089	7.69947e-009
subset 1		55	1090	8.15708e-009
subset 1		1091	7.36326e-009
subset 1		1092	6.86985e-009
subset 1		1093	7.9044e-009
subset 1		1094	6.68077e-009
subset 1		1095	3.20729e-009
subset 1		1096	1.10975e-009
subset 1		1097	7.19023e-010
subset 1		1098	3.47014e-010
subset 1		1099	4.94519e-010
subset 1		1100	1.19881e-009
subset 1		1101	1.81029e-009
subset 1		1102	2.69969e-009
subset 1		1103	3.58173e-009
subset 1		1104	4.20228e-009
subset 1		1105	4.64623e-009
subset 1		1106	5.29576e-009
subset 1		1107	5.48306e-009
subset 1		1108	5.17418e-009
subset 1		1109	5.32203e-009
subset 1		56	1110	5.89014e-009
subset 1		1111	5.35277e-009
subset 1		1112	4.91009e-009
subset 1		1113	5.64384e-009
subset 1		1114	4.93496e-009
subset 1		1115	2.86435e-009
subset 1		1116	1.03717e-009
subset 1		1117	5.35323e-010
subset 1		1118	2.89768e-010
subset 1		1119	4.10341e-010
subset 1		1120	8.95216e-010
subset 1		1121	1.62434e-009
subset 1		1122	2.10879e-009
subset 1		1123	2.65473e-009
subset 1		1124	3.15138e-009
subset 1		1125	3.64937e-009
subset 1		1126	3.93438e-009
subset 1		1127	4.14212e-009
subset 1		1128	4.03293e-009
subset 1		1129	4.10689e-009
subset 1		57	1130	4.46599e-009
subset 1		1131	4.203e-009
subset 1		1132	3.72052e-009
subset 1		1133	4.27566e-009
subset 1		1134	3.90574e-009
subset 1		1135	2.19337e-009
subset 1		1136	8.24019e-010
subset 1		1137	4.18549e-010
subset 1		1138	1.56825e-010
subset 1		1139	2.49086e-010
subset 1		1140	6.18036e-010
subset 1		1141	1.00144e-009
subset 1		1142	1.45095e-009
subset 1		1143	1.66619e-009
subset 1		1144	1.90151e-009
subset 1		1145	2.27444e-009
subset 1		1146	2.52663e-009
subset 1		1147	2.44025e-009
subset 1		1148	2.40229e-009
subset 1		1149	2.5496e-009
subset 1		58	1150	2.66992e-009
subset 1		1151	2.50676e-009
subset 1		1152	2.24632e-009
subset 1		1153	2.54996e-009
subset 1		1154	2.11032e-009
subset 1		1155	1.1597e-009
subset 1		1156	3.33299e-010
subset 1		1157	1.10464e-010
subset 1		1158	3.97639e-011
subset 1		1159	-2.93823e-011
subset 1		1160	9.52482e-011
subset 1		1161	1.94763e-010
subset 1		1162	1.83083e-010
subset 1		1163	3.19545e-010
subset 1		1164	3.74423e-010
subset 1		1165	3.58636e-010
subset 1		1166	4.65507e-010
subset 1		1167	4.64373e-010
subset 1		1168	3.99997e-010
subset 1		1169	4.83052e-010
subset 1		59	1170	5.12273e-010
subset 1		1171	4.36832e-010
subset 1		1172	4.58711e-010
subset 1		1173	5.57013e-010
subset 1		1174	4.06632e-010
subset 1		1175	2.36695e-010
subset 1		1176	1.77511e-010
subset 1		1177	1.76546e-010
subset 1		1178	6.07848e-010
subset 1		1179	1.15694e-009
subset 1		1180	1.50533e-009
subset 1		1181	2.10085e-009
subset 1		1182	2.46095e-009
subset 1		1183	2.801e-009
subset 1		1184	3.28098e-009
subset 1		1185	3.46627e-009
subset 1		1186	3.34768e-009
subset 1		1187	3.3303e-009
subset 1		1188	3.6707e-009
subset 1		1189	3.59886e-009
subset 1		60	1190	3.16288e-009
subset 1		1191	3.33129e-009
subset 1		1192	3.28563e-009
subset 1		1193	2.47464e-009
subset 1		1194	1.17303e-009
subset 1		1195	3.54589e-010
subset 1		1196	1.25532e-010
subset 1		1197	-1.87757e-011
subset 1		1198	-7.28139e-011
subset 1		1199	4.9286e-011
subset 1		1200	1.10532e-010
subset 1		1201	1.10905e-010
subset 1		1202	1.91536e-010
subset 1		1203	2.38793e-010
subset 1		1204	2.49363e-010
subset 1		1205	3.16807e-010
subset 1		1206	3.38686e-010
subset 1		1207	2.57915e-010
subset 1		1208	3.29241e-010
subset 1		1209	3.8695e-010
subset 1		61	1210	2.80142e-010
subset 1		1211	2.94474e-010
subset 1		1212	3.55152e-010
subset 1		1213	2.55277e-010
subset 1		1214	1.94009e-010
subset 1		1215	2.57428e-011
subset 1		1216	-4.85986e-011
subset 1		1217	-2.48785e-011
subset 1		1218	-1.39071e-011
subset 1		1219	4.17903e-011
subset 1		1220	1.6349e-010
subset 1		1221	2.63637e-010
subset 1		1222	2.37766e-010
subset 1		1223	3.30041e-010
subset 1		1224	4.25002e-010
subset 1		1225	3.89478e-010
subset 1		1226	4.62028e-010
subset 1		1227	4.30268e-010
subset 1		1228	3.89269e-010
subset 1		1229	5.06006e-010
subset 1		62	1230	4.55775e-010
subset 1		1231	3.58143e-010
subset 1		1232	4.643e-010
subset 1		1233	3.98065e-010
subset 1		1234	1.61941e-010
subset 1		1235	5.43026e-011
subset 1		1236	-1.11181e-011
subset 1		1237	-7.89829e-011
subset 1		1238	2.01603e-011
subset 1		1239	9.9616e-011
subset 1		1240	1.50912e-010
subset 1		1241	2.95082e-010
subset 1		1242	3.85001e-010
subset 1		1243	3.51891e-010
subset 1		1244	5.04328e-010
subset 1		1245	5.55031e-010
subset 1		1246	5.35456e-010
subset 1		1247	5.69138e-010
subset 1		1248	5.63715e-010
subset 1		1249	6.12597e-010
subset 1		63	1250	6.10853e-010
subset 1		1251	5.1708e-010
subset 1		1252	5.58643e-010
subset 1		1253	6.14458e-010
subset 1		1254	4.26991e-010
subset 1		1255	1.40952e-010
subset 1		1256	1.00886e-010
subset 1		1257	2.79298e-010
subset 1		1258	4.98509e-010
subset 1		1259	9.32265e-010
subset 1		1260	1.1895e-009
subset 1		1261	1.34602e-009
subset 1		1262	1.66754e-009
subset 1		1263	1.88387e-009
subset 1		1264	2.03074e-009
subset 1		1265	2.24844e-009
subset 1		1266	2.1367e-009
subset 1		1267	2.10019e-009
subset 1		1268	2.37102e-009
subset 1		1269	2.36863e-009
subset 1		64	1270	2.01755e-009
subset 1		1271	2.30752e-009
subset 1		1272	2.2934e-009
subset 1		1273	1.63304e-009
subset 1		1274	8.08461e-010
subset 1		1275	4.84401e-010
subset 1		1276	2.01559e-010
subset 1		1277	2.32452e-010
subset 1		1278	2.89254e-010
subset 1		1279	3.51061e-010
subset 1		1280	5.8007e-010
subset 1		1281	7.01801e-010
subset 1		1282	8.02205e-010
subset 1		1283	8.88e-010
subset 1		1284	9.15983e-010
subset 1		1285	9.03446e-010
subset 1		1286	1.04901e-009
subset 1		1287	1.08009e-009
subset 1		1288	1.01586e-009
subset 1		1289	1.10405e-009
subset 1		65	1290	1.22692e-009
subset 1		1291	1.01729e-009
subset 1		1292	1.05408e-009
subset 1		1293	1.21371e-009
subset 1		1294	9.3419e-010
subset 1		1295	6.00301e-010
subset 1		1296	2.74337e-010
subset 1		1297	2.20438e-010
subset 1		1298	3.10629e-010
subset 1		1299	4.23344e-010
subset 1		1300	5.59134e-010
subset 1		1301	7.99711e-010
subset 1		1302	8.87605e-010
subset 1		1303	8.76369e-010
subset 1		1304	9.70096e-010
subset 1		1305	1.09305e-009
subset 1		1306	1.04392e-009
subset 1		1307	1.12747e-009
subset 1		1308	1.13033e-009
subset 1		1309	1.05719e-009
subset 1		66	1310	1.15376e-009
subset 1		1311	1.12022e-009
subset 1		1312	9.46173e-010
subset 1		1313	1.06063e-009
subset 1		1314	8.27786e-010
subset 1		1315	4.35078e-010
subset 1		1316	1.80477e-010
subset 1		1317	1.36953e-010
subset 1		1318	1.72363e-010
subset 1		1319	3.73467e-010
subset 1		1320	7.83783e-010
subset 1		1321	1.1055e-009
subset 1		1322	1.43512e-009
subset 1		1323	1.61936e-009
subset 1		1324	1.75802e-009
subset 1		1325	2.04313e-009
subset 1		1326	2.29633e-009
subset 1		1327	2.28395e-009
subset 1		1328	2.23031e-009
subset 1		1329	2.20564e-009
subset 1		67	1330	2.4276e-009
subset 1		1331	2.29125e-009
subset 1		1332	1.93998e-009
subset 1		1333	2.20385e-009
subset 1		1334	2.0655e-009
subset 1		1335	1.31706e-009
subset 1		1336	4.40095e-010
subset 1		1337	1.72614e-010
subset 1		1338	1.85057e-010
subset 1		1339	1.96538e-010
subset 1		1340	3.83906e-010
subset 1		1341	5.92759e-010
subset 1		1342	6.37132e-010
subset 1		1343	8.49198e-010
subset 1		1344	9.04986e-010
subset 1		1345	9.51737e-010
subset 1		1346	1.12742e-009
subset 1		1347	1.14678e-009
subset 1		1348	1.06305e-009
subset 1		1349	1.09827e-009
subset 1		68	1350	1.21174e-009
subset 1		1351	1.09138e-009
subset 1		1352	9.85979e-010
subset 1		1353	1.06522e-009
subset 1		1354	9.90924e-010
subset 1		1355	5.87952e-010
subset 1		1356	2.88014e-010
subset 1		1357	2.30352e-011
subset 1		1358	1.56014e-010
subset 1		1359	3.61955e-010
subset 1		1360	5.86727e-010
subset 1		1361	8.73291e-010
subset 1		1362	1.12539e-009
subset 1		1363	1.28127e-009
subset 1		1364	1.49423e-009
subset 1		1365	1.58375e-009
subset 1		1366	1.74453e-009
subset 1		1367	1.90008e-009
subset 1		1368	1.82227e-009
subset 1		1369	1.73099e-009
subset 1		69	1370	1.96614e-009
subset 1		1371	1.92631e-009
subset 1		1372	1.58305e-009
subset 1		1373	1.73718e-009
subset 1		1374	1.8565e-009
subset 1		1375	1.16597e-009
subset 1		1376	5.82691e-010
subset 1		1377	2.29524e-010
subset 1		1378	1.91026e-010
subset 1		1379	5.12065e-010
subset 1		1380	1.04245e-009
subset 1		1381	1.33614e-009
subset 1		1382	1.78132e-009
subset 1		1383	2.16374e-009
subset 1		1384	2.34664e-009
subset 1		1385	2.59099e-009
subset 1		1386	2.86399e-009
subset 1		1387	3.07645e-009
subset 1		1388	3.01583e-009
subset 1		1389	2.89242e-009
subset 1		70	1390	3.06269e-009
subset 1		1391	3.24971e-009
subset 1		1392	2.70006e-009
subset 1		1393	2.60817e-009
subset 1		1394	3.08521e-009
subset 1		1395	2.26285e-009
subset 1		1396	9.79421e-010
subset 1		1397	2.99479e-010
subset 1		1398	2.21493e-010
subset 1		1399	1.71526e-010
subset 1		1400	3.57206e-010
subset 1		1401	5.55271e-010
subset 1		1402	6.03024e-010
subset 1		1403	7.82858e-010
subset 1		1404	9.14715e-010
subset 1		1405	9.32745e-010
subset 1		1406	1.11857e-009
subset 1		1407	1.18418e-009
subset 1		1408	1.06765e-009
subset 1		1409	1.12454e-009
subset 1		71	1410	1.2148e-009
subset 1		1411	1.17495e-009
subset 1		1412	1.04472e-009
subset 1		1413	1.01969e-009
subset 1		1414	1.09942e-009
subset 1		1415	8.52868e-010
subset 1		1416	4.34314e-010
subset 1		1417	1.02996e-010
subset 1		1418	1.92521e-010
subset 1		1419	3.65445e-010
subset 1		1420	5.8102e-010
subset 1		1421	8.94964e-010
subset 1		1422	1.13719e-009
subset 1		1423	1.18622e-009
subset 1		1424	1.39513e-009
subset 1		1425	1.52594e-009
subset 1		1426	1.66155e-009
subset 1		1427	1.86346e-009
subset 1		1428	1.71416e-009
subset 1		1429	1.6445e-009
subset 1		72	1430	1.88247e-009
subset 1		1431	1.81562e-009
subset 1		1432	1.51088e-009
subset 1		1433	1.56292e-009
subset 1		1434	1.72227e-009
subset 1		1435	1.09978e-009
subset 1		1436	5.03402e-010
subset 1		1437	1.55029e-010
subset 1		1438	4.45467e-011
subset 1		1439	1.50923e-010
subset 1		1440	2.15409e-010
subset 1		1441	1.93995e-010
subset 1		1442	3.36365e-010
subset 1		1443	3.78147e-010
subset 1		1444	3.46098e-010
subset 1		1445	4.75477e-010
subset 1		1446	4.96712e-010
subset 1		1447	4.9878e-010
subset 1		1448	4.81065e-010
subset 1		1449	5.20925e-010
subset 1		73	1450	4.81078e-010
subset 1		1451	4.84061e-010
subset 1		1452	4.61846e-010
subset 1		1453	4.25623e-010
subset 1		1454	4.38116e-010
subset 1		1455	2.38831e-010
subset 1		1456	-9.06371e-012
subset 1		1457	4.8575e-011
subset 1		1458	7.76692e-011
subset 1		1459	9.00171e-011
subset 1		1460	2.50412e-010
subset 1		1461	2.98392e-010
subset 1		1462	3.02079e-010
subset 1		1463	3.8204e-010
subset 1		1464	4.30558e-010
subset 1		1465	4.33244e-010
subset 1		1466	4.88828e-010
subset 1		1467	5.24779e-010
subset 1		1468	4.11321e-010
subset 1		1469	5.2055e-010
subset 1		74	1470	5.58676e-010
subset 1		1471	3.7364e-010
subset 1		1472	4.41268e-010
subset 1		1473	5.04402e-010
subset 1		1474	2.79279e-010
subset 1		1475	1.53481e-010
subset 1		1476	-1.65623e-011
subset 1		1477	-4.19177e-011
subset 1		1478	-5.27846e-012
subset 1		1479	2.65531e-011
subset 1		1480	3.63695e-011
subset 1		1481	7.96944e-011
subset 1		1482	1.40999e-010
subset 1		1483	1.00855e-010
subset 1		1484	1.45834e-010
subset 1		1485	2.12228e-010
subset 1		1486	1.45431e-010
subset 1		1487	1.91114e-010
subset 1		1488	2.05432e-010
subset 1		1489	1.55197e-010
subset 1		75	1490	2.35911e-010
subset 1		1491	1.98902e-010
subset 1		1492	1.90203e-010
subset 1		1493	2.76573e-010
subset 1		1494	2.13814e-010
subset 1		1495	1.21675e-010
subset 1		1496	3.18729e-010
subset 1		1497	6.48209e-010
subset 1		1498	9.94076e-010
subset 1		1499	1.29093e-009
subset 1		1500	1.68901e-009
subset 1		1501	1.90743e-009
subset 1		1502	2.15684e-009
subset 1		1503	2.29712e-009
subset 1		1504	2.455e-009
subset 1		1505	2.7401e-009
subset 1		1506	2.69401e-009
subset 1		1507	2.54048e-009
subset 1		1508	2.80738e-009
subset 1		1509	2.69001e-009
subset 1		76	1510	2.41667e-009
subset 1		1511	2.52798e-009
subset 1		1512	2.35227e-009
subset 1		1513	1.9109e-009
subset 1		1514	1.25472e-009
subset 1		1515	6.0384e-010
subset 1		1516	2.12242e-010
subset 1		1517	1.8382e-010
subset 1		1518	4.34325e-010
subset 1		1519	6.34767e-010
subset 1		1520	8.94621e-010
subset 1		1521	1.13338e-009
subset 1		1522	1.2399e-009
subset 1		1523	1.50668e-009
subset 1		1524	1.531e-009
subset 1		1525	1.61872e-009
subset 1		1526	1.87299e-009
subset 1		1527	1.87246e-009
subset 1		1528	1.71046e-009
subset 1		1529	1.79165e-009
subset 1		77	1530	2.02509e-009
subset 1		1531	1.7171e-009
subset 1		1532	1.47314e-009
subset 1		1533	1.77798e-009
subset 1		1534	1.54253e-009
subset 1		1535	8.91564e-010
subset 1		1536	4.52968e-010
subset 1		1537	1.96804e-010
subset 1		1538	5.97296e-010
subset 1		1539	1.02007e-009
subset 1		1540	1.33831e-009
subset 1		1541	1.62944e-009
subset 1		1542	1.92908e-009
subset 1		1543	2.17073e-009
subset 1		1544	2.35173e-009
subset 1		1545	2.4493e-009
subset 1		1546	2.66006e-009
subset 1		1547	2.86392e-009
subset 1		1548	2.66715e-009
subset 1		1549	2.53522e-009
subset 1		78	1550	2.94696e-009
subset 1		1551	2.73487e-009
subset 1		1552	2.13437e-009
subset 1		1553	2.411e-009
subset 1		1554	2.48841e-009
subset 1		1555	1.35616e-009
subset 1		1556	7.17726e-010
subset 1		1557	2.0119e-010
subset 1		1558	1.97058e-010
subset 1		1559	3.7867e-010
subset 1		1560	5.18348e-010
subset 1		1561	6.15444e-010
subset 1		1562	7.37511e-010
subset 1		1563	8.74678e-010
subset 1		1564	8.91515e-010
subset 1		1565	9.82152e-010
subset 1		1566	1.1156e-009
subset 1		1567	1.12681e-009
subset 1		1568	1.11716e-009
subset 1		1569	1.0925e-009
subset 1		79	1570	1.12598e-009
subset 1		1571	1.1808e-009
subset 1		1572	9.36686e-010
subset 1		1573	9.29852e-010
subset 1		1574	1.09317e-009
subset 1		1575	6.26265e-010
subset 1		1576	2.62469e-010
subset 1		1577	4.69704e-011
subset 1		1578	5.93818e-011
subset 1		1579	2.23464e-011
subset 1		1580	8.61383e-011
subset 1		1581	1.41671e-010
subset 1		1582	1.12093e-010
subset 1		1583	1.81612e-010
subset 1		1584	2.46179e-010
subset 1		1585	1.62654e-010
subset 1		1586	2.67199e-010
subset 1		1587	2.99174e-010
subset 1		1588	2.08905e-010
subset 1		1589	2.6904e-010
subset 1		80	1590	3.05176e-010
subset 1		1591	2.40281e-010
subset 1		1592	2.32285e-010
subset 1		1593	2.24138e-010
subset 1		1594	2.44412e-010
subset 1		1595	1.79424e-010
subset 1		1596	9.50547e-011
subset 1		1597	-2.86965e-011
subset 1		1598	1.07378e-010
subset 1		1599	2.49915e-010
subset 1		1600	3.21735e-010
subset 1		1601	4.8418e-010
subset 1		1602	6.05915e-010
subset 1		1603	6.21308e-010
subset 1		1604	7.43772e-010
subset 1		1605	7.5752e-010
subset 1		1606	7.81438e-010
subset 1		1607	9.38903e-010
subset 1		1608	8.6298e-010
subset 1		1609	7.8631e-010
subset 1		81	1610	8.94817e-010
subset 1		1611	9.43927e-010
subset 1		1612	7.34156e-010
subset 1		1613	6.8509e-010
subset 1		1614	8.68941e-010
subset 1		1615	5.17114e-010
subset 1		1616	2.96281e-010
subset 1		1617	1.01916e-010
subset 1		1618	2.97167e-011
subset 1		1619	1.84322e-010
subset 1		1620	2.46168e-010
subset 1		1621	2.39092e-010
subset 1		1622	3.74537e-010
subset 1		1623	4.23498e-010
subset 1		1624	4.19869e-010
subset 1		1625	4.89438e-010
subset 1		1626	5.43732e-010
subset 1		1627	5.57169e-010
subset 1		1628	5.79446e-010
subset 1		1629	5.49405e-010
subset 1		82	1630	5.40575e-010
subset 1		1631	6.15277e-010
subset 1		1632	5.17448e-010
subset 1		1633	4.04556e-010
subset 1		1634	5.71008e-010
subset 1		1635	4.25648e-010
subset 1		1636	1.24324e-010
subset 1		1637	9.47759e-011
subset 1		1638	7.96675e-011
subset 1		1639	1.92382e-010
subset 1		1640	3.97029e-010
subset 1		1641	4.51059e-010
subset 1		1642	5.47894e-010
subset 1		1643	6.43001e-010
subset 1		1644	7.52923e-010
subset 1		1645	7.02749e-010
subset 1		1646	7.91769e-010
subset 1		1647	9.33355e-010
subset 1		1648	8.44351e-010
subset 1		1649	8.5005e-010
subset 1		83	1650	8.94402e-010
subset 1		1651	8.81314e-010
subset 1		1652	8.16829e-010
subset 1		1653	7.33207e-010
subset 1		1654	7.45509e-010
subset 1		1655	7.03151e-010
subset 1		1656	3.30307e-010
subset 1		1657	1.01584e-010
subset 1		1658	1.20757e-010
subset 1		1659	2.33353e-010
subset 1		1660	3.12938e-010
subset 1		1661	4.14898e-010
subset 1		1662	5.11974e-010
subset 1		1663	5.53765e-010
subset 1		1664	6.88777e-010
subset 1		1665	7.30053e-010
subset 1		1666	6.78455e-010
subset 1		1667	8.46035e-010
subset 1		1668	8.83965e-010
subset 1		1669	7.19238e-010
subset 1		84	1670	8.44787e-010
subset 1		1671	8.74724e-010
subset 1		1672	7.32059e-010
subset 1		1673	6.61022e-010
subset 1		1674	7.28884e-010
subset 1		1675	6.32596e-010
subset 1		1676	3.61983e-010
subset 1		1677	1.58177e-010
subset 1		1678	4.96418e-011
subset 1		1679	1.20558e-010
subset 1		1680	2.26009e-010
subset 1		1681	2.23414e-010
subset 1		1682	3.43344e-010
subset 1		1683	4.17501e-010
subset 1		1684	3.69635e-010
subset 1		1685	4.60377e-010
subset 1		1686	4.77547e-010
subset 1		1687	4.63119e-010
subset 1		1688	5.31175e-010
subset 1		1689	4.91951e-010
subset 1		85	1690	4.78034e-010
subset 1		1691	5.40135e-010
subset 1		1692	4.9587e-010
subset 1		1693	3.69652e-010
subset 1		1694	4.17743e-010
subset 1		1695	3.91797e-010
subset 1		1696	1.62807e-010
subset 1		1697	6.3518e-011
subset 1		1698	6.67749e-011
subset 1		1699	2.78601e-011
subset 1		1700	1.39811e-010
subset 1		1701	1.50034e-010
subset 1		1702	1.20921e-010
subset 1		1703	2.36922e-010
subset 1		1704	2.39637e-010
subset 1		1705	1.99902e-010
subset 1		1706	3.14233e-010
subset 1		1707	3.0817e-010
subset 1		1708	2.70031e-010
subset 1		1709	2.76529e-010
subset 1		86	1710	3.3539e-010
subset 1		1711	2.73392e-010
subset 1		1712	2.64877e-010
subset 1		1713	2.51434e-010
subset 1		1714	2.02259e-010
subset 1		1715	2.21331e-010
subset 1		1716	8.7944e-011
subset 1		1717	-6.02632e-011
subset 1		1718	2.52041e-011
subset 1		1719	3.40536e-011
subset 1		1720	3.35094e-011
subset 1		1721	1.02117e-010
subset 1		1722	1.04838e-010
subset 1		1723	1.21492e-010
subset 1		1724	1.877e-010
subset 1		1725	2.01951e-010
subset 1		1726	1.46874e-010
subset 1		1727	1.95831e-010
subset 1		1728	2.37303e-010
subset 1		1729	1.65497e-010
subset 1		87	1730	1.99668e-010
subset 1		1731	2.31451e-010
subset 1		1732	1.23272e-010
subset 1		1733	1.7065e-010
subset 1		1734	1.71857e-010
subset 1		1735	7.92867e-011
subset 1		1736	7.674e-011
subset 1		1737	1.59611e-011
subset 1		1738	-6.15569e-011
subset 1		1739	-5.27775e-012
subset 1		1740	1.06348e-011
subset 1		1741	-2.03418e-011
subset 1		1742	-1.44675e-012
subset 1		1743	3.64874e-011
subset 1		1744	-1.90824e-011
subset 1		1745	2.30709e-011
subset 1		1746	6.49273e-011
subset 1		1747	-1.52657e-011
subset 1		1748	6.47135e-011
subset 1		1749	5.93127e-011
subset 1		88	1750	-2.19399e-011
subset 1		1751	4.15353e-011
subset 1		1752	1.00986e-011
subset 1		1753	-1.16497e-011
subset 1		1754	1.95722e-011
subset 1		1755	-8.76521e-013
subset 1		1756	-8.84249e-011
subset 1		1757	-5.10146e-011
subset 1		1758	-1.85296e-011
subset 1		1759	-8.29507e-011
subset 1		1760	-4.47946e-011
subset 1		1761	1.36577e-011
subset 1		1762	-6.19585e-011
subset 1		1763	1.08033e-011
subset 1		1764	3.57529e-011
subset 1		1765	-7.6942e-011
subset 1		1766	4.79773e-011
subset 1		1767	2.46929e-011
subset 1		1768	-4.68212e-011
subset 1		1769	2.51798e-011
subset 1		89	1770	4.48527e-012
subset 1		1771	-1.178e-011
subset 1		1772	-1.24401e-011
subset 1		1773	2.93227e-012
subset 1		1774	-2.51731e-011
subset 1		1775	-5.24568e-011
subset 1		1776	-2.89461e-011
subset 1		1777	-1.05966e-010
subset 1		1778	-7.81056e-011
subset 1		1779	-3.68917e-011
subset 1		1780	-1.08614e-010
subset 1		1781	-4.23477e-011
subset 1		1782	-2.91509e-011
subset 1		1783	-1.20157e-010
subset 1		1784	5.29413e-013
subset 1		1785	-2.36759e-011
subset 1		1786	-7.20543e-011
subset 1		1787	-1.31578e-012
subset 1		1788	-2.42694e-011
subset 1		1789	-5.61299e-011
subset 1		90	1790	-1.94293e-011
subset 1		1791	-5.24248e-012
subset 1		1792	-6.13677e-011
subset 1		1793	-2.16368e-011
subset 1		1794	1.16721e-011
subset 1		1795	-9.32951e-011
subset 1		1796	-3.07016e-011
subset 1		1797	2.80514e-011
subset 1		1798	1.06387e-010
subset 1		1799	2.90804e-010
subset 1		1800	3.243e-010
subset 1		1801	3.43616e-010
subset 1		1802	4.99014e-010
subset 1		1803	5.88616e-010
subset 1		1804	5.66318e-010
subset 1		1805	6.0316e-010
subset 1		1806	6.48237e-010
subset 1		1807	6.85432e-010
subset 1		1808	6.95207e-010
subset 1		1809	6.49174e-010
subset 1		91	1810	6.70839e-010
subset 1		1811	7.14722e-010
subset 1		1812	5.78103e-010
subset 1		1813	4.3369e-010
subset 1		1814	6.56039e-010
subset 1		1815	4.0396e-010
subset 1		1816	1.05149e-010
subset 1		1817	8.82188e-011
subset 1		1818	3.07694e-011
subset 1		1819	1.98768e-011
subset 1		1820	8.80618e-011
subset 1		1821	8.06114e-011
subset 1		1822	9.53388e-011
subset 1		1823	1.57845e-010
subset 1		1824	2.07354e-010
subset 1		1825	1.3007e-010
subset 1		1826	1.83627e-010
subset 1		1827	2.4143e-010
subset 1		1828	1.5916e-010
subset 1		1829	2.00039e-010
subset 1		92	1830	2.30567e-010
subset 1		1831	1.67138e-010
subset 1		1832	1.7773e-010
subset 1		1833	1.53242e-010
subset 1		1834	1.28328e-010
subset 1		1835	1.33574e-010
subset 1		1836	3.83076e-011
subset 1		1837	-4.25576e-011
subset 1		1838	-1.56961e-012
subset 1		1839	5.24897e-011
subset 1		1840	1.42743e-011
subset 1		1841	5.66589e-011
subset 1		1842	1.14084e-010
subset 1		1843	8.08579e-011
subset 1		1844	1.40153e-010
subset 1		1845	1.63371e-010
subset 1		1846	9.24527e-011
subset 1		1847	1.9972e-010
subset 1		1848	2.02212e-010
subset 1		1849	1.16095e-010
subset 1		93	1850	1.97285e-010
subset 1		1851	1.9295e-010
subset 1		1852	1.18679e-010
subset 1		1853	1.2163e-010
subset 1		1854	1.56572e-010
subset 1		1855	1.11201e-010
subset 1		1856	1.5709e-011
subset 1		1857	2.64968e-011
subset 1		1858	-2.01837e-011
subset 1		1859	4.71365e-011
subset 1		1860	1.03136e-010
subset 1		1861	3.93448e-011
subset 1		1862	1.54089e-010
subset 1		1863	1.86194e-010
subset 1		1864	1.08367e-010
subset 1		1865	1.90731e-010
subset 1		1866	1.90694e-010
subset 1		1867	1.60653e-010
subset 1		1868	2.34388e-010
subset 1		1869	1.92452e-010
subset 1		94	1870	1.79564e-010
subset 1		1871	2.19262e-010
subset 1		1872	1.75961e-010
subset 1		1873	9.0151e-011
subset 1		1874	1.76001e-010
subset 1		1875	1.38124e-010
subset 1		1876	-2.74964e-011
subset 1		1877	1.17547e-011
subset 1		1878	5.67797e-011
subset 1		1879	5.9517e-011
subset 1		1880	1.74115e-010
subset 1		1881	1.9497e-010
subset 1		1882	1.86228e-010
subset 1		1883	3.20192e-010
subset 1		1884	3.16039e-010
subset 1		1885	2.85135e-010
subset 1		1886	3.46567e-010
subset 1		1887	3.88455e-010
subset 1		1888	3.71563e-010
subset 1		1889	3.61664e-010
subset 1		95	1890	4.05337e-010
subset 1		1891	3.57752e-010
subset 1		1892	3.48384e-010
subset 1		1893	2.89807e-010
subset 1		1894	2.31647e-010
subset 1		1895	2.89626e-010
subset 1		1896	1.61096e-010
subset 1		1897	-8.19183e-012
subset 1		1898	6.03752e-011
subset 1		1899	8.64506e-011
subset 1		1900	7.2223e-011
subset 1		1901	1.29457e-010
subset 1		1902	1.54119e-010
subset 1		1903	1.4577e-010
subset 1		1904	2.11531e-010
subset 1		1905	2.41099e-010
subset 1		1906	1.90205e-010
subset 1		1907	2.41916e-010
subset 1		1908	3.02962e-010
subset 1		1909	1.85348e-010
subset 1		96	1910	2.39954e-010
subset 1		1911	3.06737e-010
subset 1		1912	1.78146e-010
subset 1		1913	2.00137e-010
subset 1		1914	1.9171e-010
subset 1		1915	1.51537e-010
subset 1		1916	7.76657e-011
subset 1		1917	1.02767e-011
subset 1		1918	4.93786e-012
subset 1		1919	8.82954e-011
subset 1		1920	1.27406e-010
subset 1		1921	9.013e-011
subset 1		1922	1.58601e-010
subset 1		1923	2.36746e-010
subset 1		1924	2.20237e-010
subset 1		1925	2.4198e-010
subset 1		1926	2.91076e-010
subset 1		1927	2.19951e-010
subset 1		1928	3.1235e-010
subset 1		1929	3.04324e-010
subset 1		97	1930	2.18734e-010
subset 1		1931	3.11186e-010
subset 1		1932	2.74786e-010
subset 1		1933	1.76637e-010
subset 1		1934	2.28693e-010
subset 1		1935	2.08697e-010
subset 1		1936	5.94578e-011
subset 1		1937	3.16616e-011
subset 1		1938	8.09508e-011
subset 1		1939	7.23096e-011
subset 1		1940	1.9116e-010
subset 1		1941	2.48206e-010
subset 1		1942	1.96263e-010
subset 1		1943	2.95803e-010
subset 1		1944	3.68346e-010
subset 1		1945	3.00993e-010
subset 1		1946	3.90457e-010
subset 1		1947	4.05751e-010
subset 1		1948	3.79206e-010
subset 1		1949	4.53151e-010
subset 1		98	1950	4.08892e-010
subset 1		1951	3.81593e-010
subset 1		1952	4.22352e-010
subset 1		1953	3.29121e-010
subset 1		1954	2.57076e-010
subset 1		1955	3.14595e-010
subset 1		1956	2.45122e-010
subset 1		1957	2.57436e-011
subset 1		1958	5.21684e-011
subset 1		1959	6.60597e-011
subset 1		1960	-1.55507e-011
subset 1		1961	4.20168e-011
subset 1		1962	7.68942e-011
subset 1		1963	3.3017e-011
subset 1		1964	1.37906e-010
subset 1		1965	1.13334e-010
subset 1		1966	6.1536e-011
subset 1		1967	1.49225e-010
subset 1		1968	1.53978e-010
subset 1		1969	9.10494e-011
subset 1		99	1970	1.34395e-010
subset 1		1971	1.73904e-010
subset 1		1972	9.41885e-011
subset 1		1973	8.25277e-011
subset 1		1974	1.34275e-010
subset 1		1975	2.96071e-011
subset 1		1976	3.31214e-011
subset 1		1977	2.19739e-011
subset 1		1978	-8.95708e-011
subset 1		1979	3.61735e-011
subset 1		1980	4.0923e-011
subset 1		1981	1.04429e-011
subset 1		1982	8.72276e-011
subset 1		1983	8.75813e-011
subset 1		1984	9.52986e-011
subset 1		1985	1.26962e-010
subset 1		1986	1.47269e-010
subset 1		1987	7.99425e-011
subset 1		1988	1.4622e-010
subset 1		1989	1.73623e-010
subset 1		100	1990	9.76378e-011
subset 1		1991	1.5548e-010
subset 1		1992	1.73494e-010
subset 1		1993	6.35952e-011
subset 1		1994	1.20005e-010
subset 1		1995	1.03095e-010
subset 1		1996	7.62043e-012
subset 1		1997	1.74887e-011
subset 1		1998	1.78565e-011
subset 1		1999	-4.21114e-012
subset 1		2000	6.35464e-011
subset 1		2001	7.91937e-011
subset 1		2002	5.81792e-011
subset 1		2003	1.10133e-010
subset 1		2004	1.83539e-010
subset 1		2005	8.40641e-011
subset 1		2006	1.44968e-010
subset 1		2007	1.89194e-010
subset 1		2008	1.36341e-010
subset 1		2009	1.8666e-010
subset 1		101	2010	1.6287e-010
subset 1		2011	1.11605e-010
subset 1		2012	1.68301e-010
subset 1		2013	1.20394e-010
subset 1		2014	4.37793e-011
subset 1		2015	1.23478e-010
subset 1		2016	1.78649e-011
subset 1		2017	-4.5556e-011
subset 1		2018	-4.12891e-011
subset 1		2019	-2.88579e-011
subset 1		2020	-7.07619e-011
subset 1		2021	-4.4175e-011
subset 1		2022	1.44489e-013
subset 1		2023	-8.93943e-011
subset 1		2024	-2.30323e-011
subset 1		2025	4.18178e-012
subset 1		2026	-6.10471e-011
subset 1		2027	1.15072e-011
subset 1		2028	1.22082e-011
subset 1		2029	-7.81814e-011
subset 1		102	2030	-6.72117e-012
subset 1		2031	-1.75008e-011
subset 1		2032	-5.87161e-011
subset 1		2033	-1.2231e-011
subset 1		2034	-1.47353e-011
subset 1		2035	-7.82294e-011
subset 1		2036	-6.47686e-011
subset 1		2037	-3.29207e-011
subset 1		2038	-6.85189e-011
subset 1		2039	-2.54643e-011
subset 1		2040	5.19066e-012
subset 1		2041	-5.79654e-011
subset 1		2042	1.78353e-011
subset 1		2043	1.90972e-011
subset 1		2044	-5.35779e-011
subset 1		2045	4.96885e-011
subset 1		2046	1.8835e-011
subset 1		2047	-9.12328e-012
subset 1		2048	4.23713e-011
subset 1		2049	3.18944e-011
subset 1		103	2050	1.08291e-011
subset 1		2051	6.16167e-011
subset 1		2052	5.1815e-011
subset 1		2053	-7.81884e-013
subset 1		2054	3.16004e-011
subset 1		2055	5.99204e-011
subset 1		2056	-8.71948e-012
subset 1		2057	1.92757e-010
subset 1		2058	3.63469e-010
subset 1		2059	3.63062e-010
subset 1		2060	4.75803e-010
subset 1		2061	5.48677e-010
subset 1		2062	6.05731e-010
subset 1		2063	7.27583e-010
subset 1		2064	7.07911e-010
subset 1		2065	6.96469e-010
subset 1		2066	8.23088e-010
subset 1		2067	9.01726e-010
subset 1		2068	7.85015e-010
subset 1		2069	7.88171e-010
subset 1		104	2070	9.11674e-010
subset 1		2071	7.35978e-010
subset 1		2072	6.08496e-010
subset 1		2073	6.31702e-010
subset 1		2074	6.00814e-010
subset 1		2075	3.74903e-010
subset 1		2076	2.5459e-010
subset 1		2077	1.58707e-010
subset 1		2078	3.24296e-010
subset 1		2079	3.73699e-010
subset 1		2080	3.74474e-010
subset 1		2081	4.64282e-010
subset 1		2082	5.65143e-010
subset 1		2083	6.09883e-010
subset 1		2084	6.32088e-010
subset 1		2085	6.41699e-010
subset 1		2086	6.15591e-010
subset 1		2087	7.43314e-010
subset 1		2088	7.51889e-010
subset 1		2089	6.12841e-010
subset 1		105	2090	7.42697e-010
subset 1		2091	7.33942e-010
subset 1		2092	4.84997e-010
subset 1		2093	5.0672e-010
subset 1		2094	5.74647e-010
subset 1		2095	2.93868e-010
subset 1		2096	1.69876e-010
subset 1		2097	1.0749e-010
subset 1		2098	2.75737e-011
subset 1		2099	1.00348e-010
subset 1		2100	1.04476e-010
subset 1		2101	6.27259e-011
subset 1		2102	1.24265e-010
subset 1		2103	1.90491e-010
subset 1		2104	1.18013e-010
subset 1		2105	1.66859e-010
subset 1		2106	2.07549e-010
subset 1		2107	1.44833e-010
subset 1		2108	2.27334e-010
subset 1		2109	2.15621e-010
subset 1		106	2110	1.53032e-010
subset 1		2111	2.32552e-010
subset 1		2112	1.55436e-010
subset 1		2113	6.73075e-011
subset 1		2114	1.37199e-010
subset 1		2115	9.90178e-011
subset 1		2116	-3.72021e-011
subset 1		2117	-1.85108e-011
subset 1		2118	9.26894e-012
subset 1		2119	-5.39941e-011
subset 1		2120	-2.35822e-011
subset 1		2121	2.14717e-011
subset 1		2122	-2.9846e-011
subset 1		2123	5.62637e-011
subset 1		2124	6.71061e-011
subset 1		2125	-1.09503e-011
subset 1		2126	5.49884e-011
subset 1		2127	5.25061e-011
subset 1		2128	2.87961e-011
subset 1		2129	7.94402e-011
subset 1		107	2130	3.6258e-011
subset 1		2131	3.03349e-011
subset 1		2132	4.15289e-011
subset 1		2133	4.61552e-011
subset 1		2134	-2.60132e-011
subset 1		2135	2.43284e-011
subset 1		2136	5.14941e-012
subset 1		2137	-7.92706e-011
subset 1		2138	-1.17234e-011
subset 1		2139	-1.05156e-011
subset 1		2140	-7.48736e-011
subset 1		2141	7.53793e-012
subset 1		2142	1.06175e-011
subset 1		2143	-4.84772e-011
subset 1		2144	3.8431e-011
subset 1		2145	1.96022e-011
subset 1		2146	-7.67986e-012
subset 1		2147	7.00787e-011
subset 1		2148	4.72236e-011
subset 1		2149	1.07558e-011
subset 1		108	2150	3.27262e-011
subset 1		2151	6.34718e-011
subset 1		2152	-2.91211e-011
subset 1		2153	6.43582e-012
subset 1		2154	3.02311e-011
subset 1		2155	-5.48605e-011
subset 1		2156	-5.75668e-012
subset 1		2157	-2.54229e-011
subset 1		2158	-8.59805e-011
subset 1		2159	3.47511e-011
subset 1		2160	2.59565e-011
subset 1		2161	-2.39832e-011
subset 1		2162	4.09893e-011
subset 1		2163	4.8155e-011
subset 1		2164	2.69282e-011
subset 1		2165	6.09136e-011
subset 1		2166	8.17835e-011
subset 1		2167	5.78017e-011
subset 1		2168	8.92395e-011
subset 1		2169	1.23142e-010
subset 1		109	2170	2.48712e-011
subset 1		2171	8.08425e-011
subset 1		2172	1.1581e-010
subset 1		2173	-8.37354e-012
subset 1		2174	6.27355e-011
subset 1		2175	4.51856e-011
subset 1		2176	-3.1863e-011
subset 1		2177	-1.02056e-012
subset 1		2178	-2.47984e-011
subset 1		2179	-2.63283e-011
subset 1		2180	2.96916e-011
subset 1		2181	6.04054e-011
subset 1		2182	2.79182e-011
subset 1		2183	7.53971e-011
subset 1		2184	1.04444e-010
subset 1		2185	5.74301e-011
subset 1		2186	9.93597e-011
subset 1		2187	1.25705e-010
subset 1		2188	6.41701e-011
subset 1		2189	1.35894e-010
subset 1		110	2190	1.24658e-010
subset 1		2191	5.82177e-011
subset 1		2192	1.33085e-010
subset 1		2193	8.24442e-011
subset 1		2194	5.97099e-012
subset 1		2195	7.77611e-011
subset 1		2196	5.3353e-011
subset 1		2197	-5.22522e-011
subset 1		2198	-1.39289e-011
subset 1		2199	2.9117e-011
subset 1		2200	-3.4392e-011
subset 1		2201	2.12098e-011
subset 1		2202	6.32137e-011
subset 1		2203	-1.48756e-011
subset 1		2204	7.25782e-011
subset 1		2205	8.0367e-011
subset 1		2206	3.28371e-012
subset 1		2207	8.00564e-011
subset 1		2208	7.83875e-011
subset 1		2209	2.87638e-011
subset 1		111	2210	9.61801e-011
subset 1		2211	7.65537e-011
subset 1		2212	3.03256e-011
subset 1		2213	6.27427e-011
subset 1		2214	5.44606e-011
subset 1		2215	7.39975e-012
subset 1		2216	-3.89433e-012
subset 1		2217	1.93065e-011
subset 1		2218	-1.96992e-011
subset 1		2219	8.26563e-011
subset 1		2220	1.66699e-010
subset 1		2221	9.74274e-011
subset 1		2222	1.8481e-010
subset 1		2223	2.51982e-010
subset 1		2224	1.91551e-010
subset 1		2225	3.02523e-010
subset 1		2226	2.74457e-010
subset 1		2227	2.35971e-010
subset 1		2228	3.06499e-010
subset 1		2229	3.65713e-010
subset 1		112	2230	2.87263e-010
subset 1		2231	2.83597e-010
subset 1		2232	3.41824e-010
subset 1		2233	2.52962e-010
subset 1		2234	1.97076e-010
subset 1		2235	1.95581e-010
subset 1		2236	1.45534e-010
subset 1		2237	8.55892e-011
subset 1		2238	5.1505e-011
subset 1		2239	-4.09101e-011
subset 1		2240	1.72494e-011
subset 1		2241	1.11321e-012
subset 1		2242	-4.89838e-011
subset 1		2243	3.24726e-011
subset 1		2244	2.07828e-011
subset 1		2245	1.67882e-012
subset 1		2246	2.61887e-011
subset 1		2247	3.81167e-011
subset 1		2248	-7.00742e-012
subset 1		2249	4.15096e-011
subset 1		113	2250	6.96799e-011
subset 1		2251	-1.37631e-011
subset 1		2252	4.23425e-011
subset 1		2253	5.44162e-011
subset 1		2254	-4.1583e-011
subset 1		2255	2.04568e-011
subset 1		2256	2.10038e-011
subset 1		2257	-8.40096e-011
subset 1		2258	-3.11973e-011
subset 1		2259	-3.67747e-011
subset 1		2260	-7.06312e-011
subset 1		2261	-1.85432e-011
subset 1		2262	-1.99357e-011
subset 1		2263	-7.35968e-011
subset 1		2264	-1.85936e-012
subset 1		2265	2.01882e-011
subset 1		2266	-4.2101e-011
subset 1		2267	-9.36405e-012
subset 1		2268	2.52712e-011
subset 1		2269	-4.98534e-011
subset 1		114	2270	1.25537e-011
subset 1		2271	2.35803e-011
subset 1		2272	-5.33457e-011
subset 1		2273	1.85074e-011
subset 1		2274	-2.60486e-011
subset 1		2275	-6.05933e-011
subset 1		2276	-6.41744e-012
subset 1		2277	-2.9884e-011
subset 1		2278	-6.88925e-011
subset 1		2279	-1.74528e-011
subset 1		2280	-8.87794e-012
subset 1		2281	-3.58775e-011
subset 1		2282	-8.89844e-012
subset 1		2283	5.33101e-011
subset 1		2284	-2.62653e-011
subset 1		2285	3.07956e-011
subset 1		2286	3.95613e-011
subset 1		2287	-3.92725e-011
subset 1		2288	6.47239e-011
subset 1		2289	3.55441e-011
subset 1		115	2290	-1.84224e-011
subset 1		2291	5.84216e-011
subset 1		2292	7.16808e-012
subset 1		2293	-4.29573e-011
subset 1		2294	2.25385e-011
subset 1		2295	2.14291e-011
subset 1		2296	-8.08284e-011
subset 1		2297	-4.91032e-011
subset 1		2298	-1.24915e-011
subset 1		2299	-9.45362e-011
subset 1		2300	-3.49306e-011
subset 1		2301	-9.68857e-012
subset 1		2302	-9.3629e-011
subset 1		2303	-1.91867e-011
subset 1		2304	-3.39183e-012
subset 1		2305	-8.60104e-011
subset 1		2306	-1.15142e-011
subset 1		2307	1.49454e-012
subset 1		2308	-4.39312e-011
subset 1		2309	7.29758e-012
subset 1		116	2310	-1.43905e-011
subset 1		2311	-3.60576e-011
subset 1		2312	-1.04591e-011
subset 1		2313	-1.87913e-011
subset 1		2314	-6.1561e-011
subset 1		2315	-2.98935e-011
subset 1		2316	-9.03938e-012
subset 1		2317	-7.22451e-011
subset 1		2318	3.05887e-011
subset 1		2319	8.26734e-011
subset 1		2320	1.50761e-012
subset 1		2321	1.00279e-010
subset 1		2322	1.05527e-010
subset 1		2323	7.70196e-011
subset 1		2324	1.34954e-010
subset 1		2325	1.38344e-010
subset 1		2326	9.04043e-011
subset 1		2327	1.52311e-010
subset 1		2328	1.88318e-010
subset 1		2329	1.29234e-010
subset 1		117	2330	1.42005e-010
subset 1		2331	1.92205e-010
subset 1		2332	8.81959e-011
subset 1		2333	8.55516e-011
subset 1		2334	8.25722e-011
subset 1		2335	2.88938e-011
subset 1		2336	2.54587e-011
subset 1		2337	-6.31962e-012
subset 1		2338	-9.22929e-011
subset 1		2339	-2.60784e-011
subset 1		2340	-3.60683e-011
subset 1		2341	-8.34948e-011
subset 1		2342	-2.09689e-011
subset 1		2343	-4.18965e-011
subset 1		2344	-6.19075e-011
subset 1		2345	-1.77674e-011
subset 1		2346	-3.56126e-012
subset 1		2347	-4.74377e-011
subset 1		2348	-2.01208e-011
subset 1		2349	9.76478e-012
subset 1		118	2350	-1.02857e-010
subset 1		2351	6.2041e-012
subset 1		2352	1.34943e-011
subset 1		2353	-8.15265e-011
subset 1		2354	-9.13941e-012
subset 1		2355	-3.15512e-011
subset 1		2356	-1.04558e-010
subset 1		2357	-3.66665e-011
subset 1		2358	-4.85245e-011
subset 1		2359	-1.02943e-010
subset 1		2360	-3.77444e-011
subset 1		2361	-1.20181e-011
subset 1		2362	-5.19983e-011
subset 1		2363	-2.44508e-011
subset 1		2364	3.69368e-012
subset 1		2365	-7.14851e-011
subset 1		2366	1.74964e-012
subset 1		2367	1.89755e-011
subset 1		2368	-6.79794e-011
subset 1		2369	3.05606e-012
subset 1		119	2370	-3.93231e-012
subset 1		2371	-6.9952e-011
subset 1		2372	-4.62909e-012
subset 1		2373	-2.79037e-011
subset 1		2374	-8.36274e-011
subset 1		2375	-3.89897e-011
subset 1		2376	-2.94205e-011
subset 1		2377	-8.25315e-011
subset 1		2378	-5.48709e-011
subset 1		2379	-2.11427e-011
subset 1		2380	-8.81991e-011
subset 1		2381	-4.16212e-011
subset 1		2382	-7.52816e-012
subset 1		2383	-7.55883e-011
subset 1		2384	-3.72314e-011
subset 1		2385	-1.47486e-011
subset 1		2386	-7.39541e-011
subset 1		2387	7.65422e-013
subset 1		2388	-1.81932e-011
subset 1		2389	-6.49491e-011
subset 1		120	2390	2.788e-012
subset 1		2391	1.21575e-012
subset 1		2392	-7.25823e-011
subset 1		2393	-4.43212e-011
subset 1		2394	-3.84348e-011
subset 1		2395	-6.74869e-011
subset 1		2396	-6.66119e-011
subset 1		2397	-3.34945e-011
subset 1		2398	-9.81981e-011
subset 1		2399	-3.33306e-011
subset 1		2400	-6.43776e-012
subset 1		2401	-8.35669e-011
subset 1		2402	-5.31934e-012
subset 1		2403	-4.6375e-012
subset 1		2404	-6.10603e-011
subset 1		2405	2.84114e-012
subset 1		2406	-1.17556e-011
subset 1		2407	-4.50739e-011
subset 1		2408	1.12752e-011
subset 1		2409	1.16095e-011
subset 1		121	2410	-2.78529e-011
subset 1		2411	7.62851e-013
subset 1		2412	1.69339e-011
subset 1		2413	-7.44427e-011
subset 1		2414	-1.68566e-011
subset 1		2415	7.63438e-012
subset 1		2416	-1.02981e-010
subset 1		2417	2.45242e-012
subset 1		2418	1.83373e-011
subset 1		2419	-5.61841e-011
subset 1		2420	5.34335e-011
subset 1		2421	6.55495e-011
subset 1		2422	2.13395e-011
subset 1		2423	1.12887e-010
subset 1		2424	1.11141e-010
subset 1		2425	6.19075e-011
subset 1		2426	9.29256e-011
subset 1		2427	1.41772e-010
subset 1		2428	9.25503e-011
subset 1		2429	9.44463e-011
subset 1		122	2430	1.31059e-010
subset 1		2431	5.60468e-011
subset 1		2432	8.47172e-011
subset 1		2433	5.47477e-011
subset 1		2434	-1.85641e-011
subset 1		2435	5.8991e-011
subset 1		2436	-7.18014e-012
subset 1		2437	-7.2838e-011
subset 1		2438	-1.44842e-011
subset 1		2439	-2.39928e-011
subset 1		2440	-5.35697e-011
subset 1		2441	-1.77444e-011
subset 1		2442	4.87551e-012
subset 1		2443	-2.90584e-011
subset 1		2444	1.13086e-011
subset 1		2445	3.98176e-011
subset 1		2446	-4.01798e-011
subset 1		2447	1.60674e-011
subset 1		2448	4.97299e-011
subset 1		2449	-4.00338e-011
subset 1		123	2450	3.7462e-011
subset 1		2451	3.14752e-011
subset 1		2452	-4.14014e-011
subset 1		2453	3.08588e-011
subset 1		2454	-2.21313e-011
subset 1		2455	-5.78332e-011
subset 1		2456	-1.63956e-011
subset 1		2457	-3.99296e-011
subset 1		2458	-6.69037e-011
subset 1		2459	-4.10801e-011
subset 1		2460	7.31436e-013
subset 1		2461	-7.42923e-011
subset 1		2462	-1.51654e-011
subset 1		2463	7.08442e-012
subset 1		2464	-6.61474e-011
subset 1		2465	1.43603e-011
subset 1		2466	2.31941e-016
subset 1		2467	-6.99579e-011
subset 1		2468	1.79702e-011
subset 1		2469	2.57259e-011
subset 1		124	2470	-6.27051e-011
subset 1		2471	1.21651e-011
subset 1		2472	-2.54568e-012
subset 1		2473	-6.80693e-011
subset 1		2474	-3.68515e-011
subset 1		2475	-2.01037e-011
subset 1		2476	-6.57801e-011
subset 1		2477	-4.06724e-011
subset 1		2478	-1.92627e-011
subset 1		2479	-1.08654e-010
subset 1		2480	-5.65588e-011
subset 1		2481	-7.72327e-012
subset 1		2482	-1.07715e-010
subset 1		2483	-2.24607e-011
subset 1		2484	-1.65386e-011
subset 1		2485	-8.72374e-011
subset 1		2486	-2.99103e-011
subset 1		2487	-2.24707e-011
subset 1		2488	-6.38739e-011
subset 1		2489	-1.92821e-011
subset 1		125	2490	-4.03712e-011
subset 1		2491	-6.21975e-011
subset 1		2492	-4.95269e-011
subset 1		2493	-1.90329e-012
subset 1		2494	-7.99166e-011
subset 1		2495	-5.60001e-011
subset 1		2496	-2.80709e-011
subset 1		2497	-9.48314e-011
subset 1		2498	-3.68501e-011
subset 1		2499	-2.70495e-011
subset 1		2500	-8.85094e-011
subset 1		2501	1.50358e-012
subset 1		2502	-1.25346e-011
subset 1		2503	-6.18948e-011
subset 1		2504	8.84105e-012
subset 1		2505	1.17359e-011
subset 1		2506	-6.34379e-011
subset 1		2507	-4.67256e-012
subset 1		2508	1.99955e-011
subset 1		2509	-3.15797e-011
subset 1		126	2510	3.91382e-013
subset 1		2511	1.70178e-011
subset 1		2512	-4.72667e-011
subset 1		2513	5.63877e-012
subset 1		2514	1.59371e-011
subset 1		2515	-1.08128e-010
subset 1		2516	-6.51089e-012
subset 1		2517	-1.60802e-011
subset 1		2518	-1.15787e-010
subset 1		2519	-2.34355e-011
subset 1		2520	-6.06587e-011
subset 1		2521	-9.12421e-011
subset 1		2522	-3.51998e-011
subset 1		2523	-4.18616e-011
subset 1		2524	-7.2096e-011
subset 1		2525	-4.93182e-011
subset 1		2526	-1.43395e-011
subset 1		2527	-6.22909e-011
subset 1		2528	-3.03411e-011
subset 1		2529	4.63352e-012
subset 1		127	2530	-8.76029e-011
subset 1		2531	-1.48553e-011
subset 1		2532	-1.30411e-011
subset 1		2533	-7.84645e-011
subset 1		2534	-3.64124e-012
subset 1		2535	1.20866e-012
subset 1		2536	-2.80819e-011
subset 1		2537	3.19293e-011
subset 1		2538	9.48654e-012
subset 1		2539	2.60373e-012
subset 1		2540	5.17392e-011
subset 1		2541	8.50216e-011
subset 1		2542	3.78671e-011
subset 1		2543	7.53071e-011
subset 1		2544	1.35345e-010
subset 1		2545	6.35922e-011
subset 1		2546	1.19552e-010
subset 1		2547	1.39497e-010
subset 1		2548	7.62573e-011
subset 1		2549	1.54042e-010
subset 1		128	2550	1.07686e-010
subset 1		2551	4.99269e-011
subset 1		2552	1.72611e-010
subset 1		2553	2.24967e-010
subset 1		2554	3.36799e-010
subset 1		2555	5.75043e-010
subset 1		2556	6.77748e-010
subset 1		2557	7.19095e-010
subset 1		2558	8.37159e-010
subset 1		2559	9.70318e-010
subset 1		2560	1.03692e-009
subset 1		2561	1.17448e-009
subset 1		2562	1.13508e-009
subset 1		2563	1.01535e-009
subset 1		2564	1.21769e-009
subset 1		2565	1.35833e-009
subset 1		2566	1.18397e-009
subset 1		2567	1.18385e-009
subset 1		2568	1.30961e-009
subset 1		2569	1.09432e-009
subset 1		129	2570	8.59292e-010
subset 1		2571	7.20289e-010
subset 1		2572	8.82021e-010
subset 1		2573	4.65202e-010
subset 1		2574	3.49937e-010
subset 1		2575	1.60082e-010
subset 1		2576	1.37396e-010
subset 1		2577	1.23632e-010
subset 1		2578	3.18386e-011
subset 1		2579	1.03761e-010
subset 1		2580	1.39296e-010
subset 1		2581	5.92545e-011
subset 1		2582	1.4402e-010
subset 1		2583	1.18596e-010
subset 1		2584	7.42809e-011
subset 1		2585	1.87446e-010
subset 1		2586	1.40168e-010
subset 1		2587	1.16422e-010
subset 1		2588	1.70395e-010
subset 1		2589	1.48467e-010
subset 1		130	2590	6.38209e-011
subset 1		2591	7.77056e-011
subset 1		2592	1.66977e-010
subset 1		2593	1.10985e-010
subset 1		2594	2.65909e-010
subset 1		2595	4.72347e-010
subset 1		2596	4.23683e-010
subset 1		2597	5.68523e-010
subset 1		2598	6.52085e-010
subset 1		2599	6.9147e-010
subset 1		2600	8.82996e-010
subset 1		2601	9.11218e-010
subset 1		2602	8.2791e-010
subset 1		2603	8.70805e-010
subset 1		2604	9.55233e-010
subset 1		2605	1.00287e-009
subset 1		2606	1.00248e-009
subset 1		2607	9.50025e-010
subset 1		2608	1.0171e-009
subset 1		2609	8.84656e-010
subset 1		131	2610	7.1133e-010
subset 1		2611	5.29241e-010
subset 1		2612	8.04135e-010
subset 1		2613	5.36955e-010
subset 1		2614	4.53228e-010
subset 1		2615	6.88546e-010
subset 1		2616	7.28406e-010
subset 1		2617	7.05193e-010
subset 1		2618	8.34396e-010
subset 1		2619	9.38053e-010
subset 1		2620	1.0194e-009
subset 1		2621	1.14653e-009
subset 1		2622	1.09647e-009
subset 1		2623	1.01439e-009
subset 1		2624	1.16005e-009
subset 1		2625	1.35052e-009
subset 1		2626	1.17858e-009
subset 1		2627	1.12624e-009
subset 1		2628	1.31726e-009
subset 1		2629	1.00354e-009
subset 1		132	2630	8.29553e-010
subset 1		2631	6.89863e-010
subset 1		2632	8.02441e-010
subset 1		2633	4.34876e-010
subset 1		2634	2.49373e-010
subset 1		2635	7.32953e-011
subset 1		2636	2.30814e-011
subset 1		2637	-2.5275e-011
subset 1		2638	-6.02411e-011
subset 1		2639	-4.01191e-011
subset 1		2640	-4.72529e-012
subset 1		2641	-7.63673e-011
subset 1		2642	-2.20041e-011
subset 1		2643	-7.73611e-012
subset 1		2644	-6.59959e-011
subset 1		2645	-9.54797e-012
subset 1		2646	1.41882e-011
subset 1		2647	-5.10303e-011
subset 1		2648	6.87726e-012
subset 1		2649	1.35894e-011
subset 1		133	2650	-4.81741e-011
subset 1		2651	2.69994e-011
subset 1		2652	1.78162e-011
subset 1		2653	3.73132e-013
subset 1		2654	1.08525e-010
subset 1		2655	2.04338e-010
subset 1		2656	1.71358e-010
subset 1		2657	2.36606e-010
subset 1		2658	3.09309e-010
subset 1		2659	2.78175e-010
subset 1		2660	3.86499e-010
subset 1		2661	4.50594e-010
subset 1		2662	3.45753e-010
subset 1		2663	4.15616e-010
subset 1		2664	4.35075e-010
subset 1		2665	4.65438e-010
subset 1		2666	4.77853e-010
subset 1		2667	4.45447e-010
subset 1		2668	4.4897e-010
subset 1		2669	4.3028e-010
subset 1		134	2670	3.22837e-010
subset 1		2671	2.20867e-010
subset 1		2672	3.032e-010
subset 1		2673	1.69235e-010
subset 1		2674	4.52466e-011
subset 1		2675	1.55943e-011
subset 1		2676	-3.26557e-012
subset 1		2677	-1.00875e-010
subset 1		2678	-2.85478e-011
subset 1		2679	-2.0256e-011
subset 1		2680	-1.05071e-010
subset 1		2681	-4.02729e-011
subset 1		2682	-4.50113e-011
subset 1		2683	-7.21355e-011
subset 1		2684	-1.74373e-011
subset 1		2685	-1.61743e-011
subset 1		2686	-5.80756e-011
subset 1		2687	-3.72011e-011
subset 1		2688	-2.73637e-012
subset 1		2689	-6.76141e-011
subset 1		135	2690	-2.97524e-011
subset 1		2691	1.91907e-011
subset 1		2692	-6.16819e-011
subset 1		2693	3.60125e-011
subset 1		2694	8.01867e-011
subset 1		2695	7.8249e-011
subset 1		2696	1.87328e-010
subset 1		2697	1.94674e-010
subset 1		2698	1.71058e-010
subset 1		2699	2.71108e-010
subset 1		2700	2.92393e-010
subset 1		2701	2.84237e-010
subset 1		2702	3.18245e-010
subset 1		2703	3.11177e-010
subset 1		2704	2.98629e-010
subset 1		2705	3.71341e-010
subset 1		2706	3.97293e-010
subset 1		2707	2.91305e-010
subset 1		2708	3.87987e-010
subset 1		2709	3.53859e-010
subset 1		136	2710	1.98913e-010
subset 1		2711	2.12279e-010
subset 1		2712	2.56444e-010
subset 1		2713	6.96643e-011
subset 1		2714	7.26643e-011
subset 1		2715	6.69034e-012
subset 1		2716	-6.9734e-011
subset 1		2717	-4.65039e-011
subset 1		2718	-4.76727e-011
subset 1		2719	-1.12099e-010
subset 1		2720	-6.77568e-011
subset 1		2721	-4.79732e-011
subset 1		2722	-1.07433e-010
subset 1		2723	-6.61768e-011
subset 1		2724	-3.35355e-011
subset 1		2725	-1.08838e-010
subset 1		2726	-4.07194e-011
subset 1		2727	-4.9687e-011
subset 1		2728	-1.12732e-010
subset 1		2729	-1.55319e-011
subset 1		137	2730	-3.72556e-011
subset 1		2731	-1.03822e-010
subset 1		2732	-4.56879e-011
subset 1		2733	-4.95251e-011
subset 1		2734	-9.64013e-011
subset 1		2735	-5.56543e-011
subset 1		2736	-5.14904e-011
subset 1		2737	-1.1338e-010
subset 1		2738	-7.14735e-011
subset 1		2739	-4.01242e-011
subset 1		2740	-1.12447e-010
subset 1		2741	-5.57276e-011
subset 1		2742	-2.94241e-011
subset 1		2743	-1.05843e-010
subset 1		2744	-5.13663e-011
subset 1		2745	-4.05502e-011
subset 1		2746	-8.98499e-011
subset 1		2747	-3.22258e-011
subset 1		2748	-3.68815e-011
subset 1		2749	-7.85729e-011
subset 1		138	2750	-4.934e-011
subset 1		2751	-4.37237e-011
subset 1		2752	-8.15908e-011
subset 1		2753	-4.70978e-011
subset 1		2754	-3.13154e-011
subset 1		2755	-1.12796e-010
subset 1		2756	-6.75858e-011
subset 1		2757	-4.88547e-011
subset 1		2758	-1.29701e-010
subset 1		2759	-7.84927e-011
subset 1		2760	-3.73759e-011
subset 1		2761	-1.25076e-010
subset 1		2762	-3.82517e-011
subset 1		2763	-6.15963e-011
subset 1		2764	-1.14402e-010
subset 1		2765	-5.81489e-011
subset 1		2766	-4.46871e-011
subset 1		2767	-9.20534e-011
subset 1		2768	-5.41847e-011
subset 1		2769	-3.25112e-011
subset 1		139	2770	-9.27814e-011
subset 1		2771	-6.37827e-011
subset 1		2772	-2.48436e-011
subset 1		2773	-1.0096e-010
subset 1		2774	-5.36537e-011
subset 1		2775	-4.20997e-011
subset 1		2776	-1.37061e-010
subset 1		2777	-3.46396e-011
subset 1		2778	-6.00065e-011
subset 1		2779	-1.12479e-010
subset 1		2780	-3.72556e-011
subset 1		2781	-7.91111e-011
subset 1		2782	-9.69773e-011
subset 1		2783	-5.96684e-011
subset 1		2784	-4.80408e-011
subset 1		2785	-1.08054e-010
subset 1		2786	-6.96631e-011
subset 1		2787	-4.53888e-011
subset 1		2788	-9.70013e-011
subset 1		2789	-6.09885e-011
subset 1		140	2790	-4.13857e-011
subset 1		2791	-1.18823e-010
subset 1		2792	-4.74386e-011
subset 1		2793	-4.24474e-011
subset 1		2794	-1.11475e-010
subset 1		2795	-6.00659e-011
subset 1		2796	-6.07018e-011
subset 1		2797	-9.026e-011
subset 1		2798	-5.49758e-011
subset 1		2799	-6.29656e-011
subset 1		2800	-1.00025e-010
subset 1		2801	-6.88504e-011
subset 1		2802	-2.95161e-011
subset 1		2803	-9.21656e-011
subset 1		2804	-5.4238e-011
subset 1		2805	-4.00546e-011
subset 1		2806	-1.13044e-010
subset 1		2807	-4.98234e-011
subset 1		2808	-3.34419e-011
subset 1		2809	-1.2673e-010
subset 1		141	2810	-2.63672e-011
subset 1		2811	-3.89165e-011
subset 1		2812	-1.05759e-010
subset 1		2813	-4.64055e-011
subset 1		2814	-6.66546e-011
subset 1		2815	-9.27499e-011
subset 1		2816	-7.24558e-011
subset 1		2817	-4.41988e-011
subset 1		2818	-9.64918e-011
subset 1		2819	-8.37252e-011
subset 1		2820	-5.67396e-011
subset 1		2821	-9.60793e-011
subset 1		2822	-6.5526e-011
subset 1		2823	-5.01111e-011
subset 1		2824	-1.46448e-010
subset 1		2825	-2.73972e-011
subset 1		2826	-4.66376e-011
subset 1		2827	-1.22839e-010
subset 1		2828	-4.67816e-011
subset 1		2829	-5.96585e-011
subset 1		142	2830	-1.01312e-010
subset 1		2831	-4.841e-011
subset 1		2832	-6.0335e-011
subset 1		2833	-9.01726e-011
subset 1		2834	-7.25821e-011
subset 1		2835	-4.89738e-011
subset 1		2836	-1.07952e-010
subset 1		2837	-8.08757e-011
subset 1		2838	-4.51429e-011
subset 1		2839	-1.35445e-010
subset 1		2840	-6.12762e-011
subset 1		2841	-5.49481e-011
subset 1		2842	-1.3113e-010
subset 1		2843	-4.51804e-011
subset 1		2844	-4.99392e-011
subset 1		2845	-9.64687e-011
subset 1		2846	-5.1624e-011
subset 1		2847	-6.05669e-011
subset 1		2848	-9.67312e-011
subset 1		2849	-5.8675e-011
subset 1		143	2850	-4.10205e-011
subset 1		2851	-9.88739e-011
subset 1		2852	-6.24682e-011
subset 1		2853	-3.39226e-011
subset 1		2854	-1.18145e-010
subset 1		2855	-6.6701e-011
subset 1		2856	-5.20264e-011
subset 1		2857	-1.54946e-010
subset 1		2858	-6.98398e-011
subset 1		2859	-4.50443e-011
subset 1		2860	-1.30144e-010
subset 1		2861	-5.74112e-011
subset 1		2862	-9.9076e-011
subset 1		2863	-1.20423e-010
subset 1		2864	-6.22834e-011
subset 1		2865	-6.8899e-011
subset 1		2866	-1.10746e-010
subset 1		2867	-6.82629e-011
subset 1		2868	-4.83935e-011
subset 1		2869	-1.00675e-010
subset 1		144	2870	-8.20902e-011
subset 1		2871	-3.91609e-011
subset 1		2872	-1.39557e-010
subset 1		2873	-6.72651e-011
subset 1		2874	-4.75897e-011
subset 1		2875	-1.38803e-010
subset 1		2876	-3.35177e-011
subset 1		2877	-8.63855e-011
subset 1		2878	-1.25108e-010
subset 1		2879	-6.95024e-011
subset 1		2880	-7.14579e-011
subset 1		2881	-1.00749e-010
subset 1		2882	-8.17944e-011
subset 1		2883	-5.74966e-011
subset 1		2884	-1.05743e-010
subset 1		2885	-6.4009e-011
subset 1		2886	-4.32722e-011
subset 1		2887	-1.1687e-010
subset 1		2888	-6.2404e-011
subset 1		2889	-3.45635e-011
subset 1		145	2890	-1.43306e-010
subset 1		2891	-5.04118e-011
subset 1		2892	-4.98664e-011
subset 1		2893	-1.07033e-010
subset 1		2894	-3.40771e-011
subset 1		2895	-6.23707e-011
subset 1		2896	-1.14525e-010
subset 1		2897	-4.82065e-011
subset 1		2898	-6.2763e-011
subset 1		2899	-1.08516e-010
subset 1		2900	-6.75204e-011
subset 1		2901	-3.5947e-011
subset 1		2902	-1.22155e-010
subset 1		2903	-6.05301e-011
subset 1		2904	-3.45034e-011
subset 1		2905	-1.09434e-010
subset 1		2906	-5.96052e-011
subset 1		2907	-4.11584e-011
subset 1		2908	-1.27209e-010
subset 1		2909	-5.89455e-011
subset 1		146	2910	-5.80233e-011
subset 1		2911	-1.11975e-010
subset 1		2912	-4.07356e-011
subset 1		2913	-6.64217e-011
subset 1		2914	-1.14838e-010
subset 1		2915	-5.83814e-011
subset 1		2916	-5.02164e-011
subset 1		2917	-1.29604e-010
subset 1		2918	-6.93062e-011
subset 1		2919	-3.92002e-011
subset 1		2920	-1.14281e-010
subset 1		2921	-6.16487e-011
subset 1		2922	-3.61282e-011
subset 1		2923	-1.30464e-010
subset 1		2924	-4.82938e-011
subset 1		2925	-5.77043e-011
subset 1		2926	-9.55097e-011
subset 1		2927	-4.13005e-011
subset 1		2928	-5.61201e-011
subset 1		2929	-8.01788e-011
subset 1		147	2930	-2.23666e-011
subset 1		2931	-2.61479e-011
subset 1		2932	-7.45565e-011
subset 1		2933	-6.05285e-011
subset 1		2934	-1.44673e-011
subset 1		2935	-9.11798e-011
subset 1		2936	-8.5976e-012
subset 1		2937	4.15852e-011
subset 1		2938	-3.00423e-012
subset 1		2939	9.35627e-011
subset 1		2940	8.81139e-011
subset 1		2941	5.18806e-011
subset 1		2942	1.39735e-010
subset 1		2943	1.4119e-010
subset 1		2944	1.03157e-010
subset 1		2945	1.56109e-010
subset 1		2946	1.5639e-010
subset 1		2947	1.21168e-010
subset 1		2948	1.69292e-010
subset 1		2949	1.76779e-010
subset 1		148	2950	1.31067e-010
subset 1		2951	1.50682e-010
subset 1		2952	1.24065e-010
subset 1		2953	3.91956e-011
subset 1		2954	9.62356e-011
subset 1		2955	9.09135e-011
subset 1		2956	-1.17207e-012
subset 1		2957	1.12383e-010
subset 1		2958	1.01699e-010
subset 1		2959	5.287e-011
subset 1		2960	1.22741e-010
subset 1		2961	1.33123e-010
subset 1		2962	9.30815e-011
subset 1		2963	1.65894e-010
subset 1		2964	1.88558e-010
subset 1		2965	1.09375e-010
subset 1		2966	1.55978e-010
subset 1		2967	1.99534e-010
subset 1		2968	1.47503e-010
subset 1		2969	1.75893e-010
subset 1		149	2970	2.02537e-010
subset 1		2971	1.20018e-010
subset 1		2972	1.64702e-010
subset 1		2973	1.18421e-010
subset 1		2974	2.52895e-011
subset 1		2975	1.028e-010
subset 1		2976	1.63793e-011
subset 1		2977	-4.76681e-011
subset 1		2978	-6.59242e-012
subset 1		2979	-3.62327e-011
subset 1		2980	-8.6055e-011
subset 1		2981	-6.16797e-011
subset 1		2982	-5.25112e-012
subset 1		2983	-9.85552e-011
subset 1		2984	-4.70359e-011
subset 1		2985	-5.41983e-012
subset 1		2986	-9.25783e-011
subset 1		2987	-2.42344e-011
subset 1		2988	-1.04956e-011
subset 1		2989	-9.21175e-011
subset 1		150	2990	-2.10949e-011
subset 1		2991	-2.03338e-011
subset 1		2992	-9.29368e-011
subset 1		2993	-1.93031e-011
subset 1		2994	-7.88387e-011
subset 1		2995	-8.52887e-011
subset 1		2996	-6.54169e-011
subset 1		2997	-3.4867e-011
subset 1		2998	-1.0477e-010
subset 1		2999	-8.65926e-011
subset 1		3000	-3.25974e-011
