6.12679e-007
subset 1		1	1.00151e-007
subset 1		2	8.61389e-008
subset 1		3	4.85556e-008
subset 1		4	2.55375e-008
subset 1		5	1.52865e-008
subset 1		6	1.13469e-008
subset 1		7	9.68517e-009
subset 1		8	8.64819e-009
subset 1		9	7.87066e-009
subset 1		1	10	7.54237e-009
subset 1		11	7.12801e-009
subset 1		12	6.25431e-009
subset 1		13	5.00081e-009
subset 1		14	4.06364e-009
subset 1		15	2.36818e-009
subset 1		16	1.07577e-009
subset 1		17	1.20697e-009
subset 1		18	1.52901e-009
subset 1		19	2.10727e-009
subset 1		20	2.86241e-009
subset 1		21	3.1707e-009
subset 1		22	3.86524e-009
subset 1		23	4.54777e-009
subset 1		24	5.11525e-009
subset 1		25	5.67611e-009
subset 1		26	6.07279e-009
subset 1		27	6.40694e-009
subset 1		28	6.33832e-009
subset 1		29	6.25012e-009
subset 1		2	30	6.00216e-009
subset 1		31	5.49542e-009
subset 1		32	4.70767e-009
subset 1		33	3.91614e-009
subset 1		34	3.29669e-009
subset 1		35	1.7446e-009
subset 1		36	1.6262e-010
subset 1		37	1.60411e-011
subset 1		38	8.03296e-012
subset 1		39	2.02777e-012
subset 1		40	2.34402e-013
subset 1		41	1.55772e-011
subset 1		42	8.63281e-013
subset 1		43	0
subset 1		44	2.18058e-011
subset 1		45	7.04227e-012
subset 1		46	0
subset 1		47	2.54134e-012
subset 1		48	4.43252e-012
subset 1		49	0
subset 1		3	50	0
subset 1		51	0
subset 1		52	0
subset 1		53	4.00568e-012
subset 1		54	0
subset 1		55	0
subset 1		56	0
subset 1		57	8.11609e-012
subset 1		58	0
subset 1		59	3.18209e-012
subset 1		60	8.96209e-012
subset 1		61	0
subset 1		62	1.40946e-011
subset 1		63	5.2261e-012
subset 1		64	0
subset 1		65	1.5462e-011
subset 1		66	0
subset 1		67	0
subset 1		68	1.81468e-011
subset 1		69	0
subset 1		4	70	0
subset 1		71	5.15265e-012
subset 1		72	0
subset 1		73	0
subset 1		74	9.29011e-012
subset 1		75	0
subset 1		76	0
subset 1		77	0
subset 1		78	0
subset 1		79	0
subset 1		80	7.08141e-012
subset 1		81	8.64302e-013
subset 1		82	0
subset 1		83	1.6926e-011
subset 1		84	7.20526e-012
subset 1		85	1.63604e-013
subset 1		86	5.16915e-012
subset 1		87	0
subset 1		88	0
subset 1		89	1.12202e-011
subset 1		5	90	0
subset 1		91	1.70513e-014
subset 1		92	1.90885e-011
subset 1		93	9.52848e-012
subset 1		94	0
subset 1		95	2.34274e-011
subset 1		96	0
subset 1		97	0
subset 1		98	1.30259e-011
subset 1		99	8.52026e-012
subset 1		100	4.80668e-012
subset 1		101	0
subset 1		102	1.41315e-011
subset 1		103	0
subset 1		104	1.33603e-011
subset 1		105	9.1214e-012
subset 1		106	0
subset 1		107	1.27964e-012
subset 1		108	6.582e-012
subset 1		109	0
subset 1		6	110	7.66628e-013
subset 1		111	1.18393e-012
subset 1		112	0
subset 1		113	0
subset 1		114	0
subset 1		115	0
subset 1		116	0
subset 1		117	0
subset 1		118	0
subset 1		119	1.63461e-011
subset 1		120	9.90275e-013
subset 1		121	0
subset 1		122	3.24855e-012
subset 1		123	0
subset 1		124	0
subset 1		125	1.96731e-011
subset 1		126	8.7416e-012
subset 1		127	3.86732e-012
subset 1		128	0
subset 1		129	6.99124e-012
subset 1		7	130	0
subset 1		131	2.40076e-011
subset 1		132	0
subset 1		133	0
subset 1		134	1.78166e-011
subset 1		135	0
subset 1		136	0
subset 1		137	1.71837e-011
subset 1		138	0
subset 1		139	0
subset 1		140	1.5673e-011
subset 1		141	0
subset 1		142	0
subset 1		143	1.92015e-011
subset 1		144	7.89548e-012
subset 1		145	0
subset 1		146	3.62768e-012
subset 1		147	0
subset 1		148	0
subset 1		149	6.57448e-012
subset 1		8	150	6.93312e-012
subset 1		151	4.90744e-012
subset 1		152	6.91873e-012
subset 1		153	3.27628e-012
subset 1		154	0
subset 1		155	7.86364e-012
subset 1		156	3.96592e-012
subset 1		157	0
subset 1		158	8.4044e-013
subset 1		159	0
subset 1		160	0
subset 1		161	1.91495e-011
subset 1		162	0
subset 1		163	0
subset 1		164	1.23437e-011
subset 1		165	0
subset 1		166	0
subset 1		167	5.77153e-012
subset 1		168	0
subset 1		169	0
subset 1		9	170	2.43059e-012
subset 1		171	0
subset 1		172	0
subset 1		173	1.09934e-012
subset 1		174	0
subset 1		175	0
subset 1		176	1.14043e-011
subset 1		177	8.64956e-012
subset 1		178	0
subset 1		179	1.40181e-011
subset 1		180	0
subset 1		181	0
subset 1		182	3.08908e-012
subset 1		183	1.01318e-012
subset 1		184	8.01852e-012
subset 1		185	0
subset 1		186	0
subset 1		187	0
subset 1		188	1.37915e-011
subset 1		189	0
subset 1		10	190	0
subset 1		191	5.08075e-012
subset 1		192	0
subset 1		193	0
subset 1		194	0
subset 1		195	0
subset 1		196	0
subset 1		197	3.50928e-012
subset 1		198	0
subset 1		199	0
subset 1		200	1.64966e-011
subset 1		201	0
subset 1		202	8.63166e-013
subset 1		203	7.26626e-013
subset 1		204	0
subset 1		205	0
subset 1		206	4.31477e-012
subset 1		207	1.11627e-011
subset 1		208	0
subset 1		209	1.77729e-011
subset 1		11	210	1.43749e-012
subset 1		211	0
subset 1		212	1.29037e-012
subset 1		213	0
subset 1		214	6.98812e-012
subset 1		215	1.02232e-012
subset 1		216	0
subset 1		217	0
subset 1		218	0
subset 1		219	5.61298e-012
subset 1		220	0
subset 1		221	2.09438e-011
subset 1		222	1.14833e-010
subset 1		223	2.0252e-010
subset 1		224	2.87005e-010
subset 1		225	3.09578e-010
subset 1		226	3.4733e-010
subset 1		227	3.84077e-010
subset 1		228	3.8242e-010
subset 1		229	3.70924e-010
subset 1		12	230	3.60343e-010
subset 1		231	3.21136e-010
subset 1		232	2.8551e-010
subset 1		233	2.70871e-010
subset 1		234	1.81104e-010
subset 1		235	2.28e-011
subset 1		236	2.10651e-011
subset 1		237	0
subset 1		238	0
subset 1		239	4.76299e-012
subset 1		240	0
subset 1		241	8.26378e-012
subset 1		242	4.54406e-011
subset 1		243	4.79169e-011
subset 1		244	8.74894e-011
subset 1		245	1.09771e-010
subset 1		246	1.11744e-010
subset 1		247	1.12001e-010
subset 1		248	1.33427e-010
subset 1		249	1.41276e-010
subset 1		13	250	1.21686e-010
subset 1		251	1.11485e-010
subset 1		252	9.38191e-011
subset 1		253	1.01291e-010
subset 1		254	9.33066e-011
subset 1		255	3.90425e-011
subset 1		256	2.82201e-011
subset 1		257	5.43492e-011
subset 1		258	7.61e-011
subset 1		259	1.23856e-010
subset 1		260	2.17848e-010
subset 1		261	5.79605e-010
subset 1		262	1.48487e-009
subset 1		263	3.69863e-009
subset 1		264	5.47415e-009
subset 1		265	6.77617e-009
subset 1		266	7.60637e-009
subset 1		267	7.9197e-009
subset 1		268	8.29356e-009
subset 1		269	8.20968e-009
subset 1		14	270	7.47837e-009
subset 1		271	6.85348e-009
subset 1		272	6.0187e-009
subset 1		273	5.58175e-009
subset 1		274	3.79631e-009
subset 1		275	8.54251e-010
subset 1		276	1.01202e-010
subset 1		277	2.39766e-011
subset 1		278	2.78465e-011
subset 1		279	1.35548e-011
subset 1		280	1.80296e-011
subset 1		281	4.71756e-011
subset 1		282	1.19068e-010
subset 1		283	3.58933e-010
subset 1		284	5.88406e-010
subset 1		285	7.64301e-010
subset 1		286	8.47432e-010
subset 1		287	9.03206e-010
subset 1		288	9.34745e-010
subset 1		289	9.47197e-010
subset 1		15	290	8.85188e-010
subset 1		291	7.97515e-010
subset 1		292	7.22064e-010
subset 1		293	6.65309e-010
subset 1		294	4.84085e-010
subset 1		295	1.95431e-010
subset 1		296	4.90327e-011
subset 1		297	2.80546e-011
subset 1		298	4.43991e-011
subset 1		299	8.82088e-011
subset 1		300	1.28522e-010
subset 1		301	3.01297e-010
subset 1		302	1.15851e-009
subset 1		303	2.67417e-009
subset 1		304	3.87455e-009
subset 1		305	4.76798e-009
subset 1		306	5.31256e-009
subset 1		307	5.49287e-009
subset 1		308	5.63566e-009
subset 1		309	5.73368e-009
subset 1		16	310	5.1801e-009
subset 1		311	4.78289e-009
subset 1		312	4.25224e-009
subset 1		313	3.80507e-009
subset 1		314	2.62876e-009
subset 1		315	6.20966e-010
subset 1		316	7.5628e-011
subset 1		317	6.37807e-011
subset 1		318	5.12365e-011
subset 1		319	8.3085e-011
subset 1		320	1.67443e-010
subset 1		321	4.2749e-010
subset 1		322	1.79372e-009
subset 1		323	4.27531e-009
subset 1		324	6.04477e-009
subset 1		325	7.47667e-009
subset 1		326	8.28046e-009
subset 1		327	8.30058e-009
subset 1		328	8.71977e-009
subset 1		329	8.92472e-009
subset 1		17	330	8.03178e-009
subset 1		331	7.51042e-009
subset 1		332	6.44293e-009
subset 1		333	6.04963e-009
subset 1		334	4.16364e-009
subset 1		335	1.11914e-009
subset 1		336	1.51309e-010
subset 1		337	1.13825e-010
subset 1		338	1.61381e-010
subset 1		339	2.29827e-010
subset 1		340	4.20883e-010
subset 1		341	1.0678e-009
subset 1		342	4.30888e-009
subset 1		343	1.1857e-008
subset 1		344	1.62413e-008
subset 1		345	1.87156e-008
subset 1		346	2.09355e-008
subset 1		347	2.14962e-008
subset 1		348	2.26899e-008
subset 1		349	2.32363e-008
subset 1		18	350	2.07273e-008
subset 1		351	1.93676e-008
subset 1		352	1.70474e-008
subset 1		353	1.58665e-008
subset 1		354	1.04058e-008
subset 1		355	2.62809e-009
subset 1		356	1.7653e-010
subset 1		357	2.06371e-011
subset 1		358	1.98427e-011
subset 1		359	1.09939e-011
subset 1		360	0
subset 1		361	4.05138e-012
subset 1		362	5.35466e-011
subset 1		363	3.97903e-011
subset 1		364	3.73864e-011
subset 1		365	7.07908e-011
subset 1		366	9.15128e-011
subset 1		367	7.49638e-011
subset 1		368	1.01134e-010
subset 1		369	9.60847e-011
subset 1		19	370	7.02036e-011
subset 1		371	8.92801e-011
subset 1		372	6.74145e-011
subset 1		373	3.97442e-011
subset 1		374	5.46514e-011
subset 1		375	1.82981e-011
subset 1		376	8.00355e-012
subset 1		377	2.42335e-011
subset 1		378	4.49963e-012
subset 1		379	0
subset 1		380	3.66476e-011
subset 1		381	4.55235e-011
subset 1		382	9.17794e-011
subset 1		383	1.60736e-010
subset 1		384	2.18339e-010
subset 1		385	2.38875e-010
subset 1		386	2.81241e-010
subset 1		387	2.75769e-010
subset 1		388	2.6937e-010
subset 1		389	2.77146e-010
subset 1		20	390	2.41957e-010
subset 1		391	2.31964e-010
subset 1		392	1.92598e-010
subset 1		393	1.61873e-010
subset 1		394	1.10122e-010
subset 1		395	3.91812e-011
subset 1		396	8.93675e-012
subset 1		397	0
subset 1		398	3.3908e-012
subset 1		399	9.88931e-013
subset 1		400	0
subset 1		401	1.79214e-011
subset 1		402	2.33792e-013
subset 1		403	0
subset 1		404	1.28789e-011
subset 1		405	0
subset 1		406	1.10015e-011
subset 1		407	1.36157e-011
subset 1		408	3.43871e-012
subset 1		409	0
subset 1		21	410	1.76018e-011
subset 1		411	1.11932e-012
subset 1		412	0
subset 1		413	1.91219e-011
subset 1		414	0
subset 1		415	0
subset 1		416	1.66209e-011
subset 1		417	5.61047e-014
subset 1		418	0
subset 1		419	1.84386e-011
subset 1		420	0
subset 1		421	0
subset 1		422	2.26238e-011
subset 1		423	1.60404e-011
subset 1		424	1.27112e-011
subset 1		425	3.49395e-011
subset 1		426	6.14307e-012
subset 1		427	2.60776e-011
subset 1		428	2.48041e-011
subset 1		429	1.56505e-011
subset 1		22	430	5.93997e-012
subset 1		431	2.687e-011
subset 1		432	1.13152e-011
subset 1		433	1.58221e-011
subset 1		434	2.21025e-011
subset 1		435	0
subset 1		436	0
subset 1		437	1.89171e-011
subset 1		438	0
subset 1		439	1.42094e-011
subset 1		440	1.50167e-012
subset 1		441	0
subset 1		442	0
subset 1		443	5.63207e-012
subset 1		444	0
subset 1		445	9.03387e-013
subset 1		446	4.59415e-012
subset 1		447	0
subset 1		448	0
subset 1		449	1.34638e-011
subset 1		23	450	0
subset 1		451	0
subset 1		452	6.55051e-012
subset 1		453	2.8599e-013
subset 1		454	0
subset 1		455	3.20935e-012
subset 1		456	9.91646e-012
subset 1		457	0
subset 1		458	2.24274e-011
subset 1		459	0
subset 1		460	0
subset 1		461	9.96056e-012
subset 1		462	1.40751e-011
subset 1		463	2.84772e-011
subset 1		464	5.11939e-011
subset 1		465	1.24369e-011
subset 1		466	1.87686e-011
subset 1		467	2.70984e-011
subset 1		468	2.71286e-011
subset 1		469	3.94755e-011
subset 1		24	470	3.74226e-011
subset 1		471	1.62472e-011
subset 1		472	3.01598e-011
subset 1		473	2.86045e-011
subset 1		474	2.42585e-011
subset 1		475	1.26906e-012
subset 1		476	4.60453e-012
subset 1		477	0
subset 1		478	3.63847e-012
subset 1		479	2.27677e-011
subset 1		480	0
subset 1		481	0
subset 1		482	4.49496e-011
subset 1		483	4.95949e-011
subset 1		484	7.80228e-011
subset 1		485	1.20561e-010
subset 1		486	1.07274e-010
subset 1		487	1.16323e-010
subset 1		488	1.27465e-010
subset 1		489	1.22485e-010
subset 1		25	490	1.04297e-010
subset 1		491	1.25156e-010
subset 1		492	1.0645e-010
subset 1		493	8.21573e-011
subset 1		494	7.57982e-011
subset 1		495	4.05336e-011
subset 1		496	4.00572e-012
subset 1		497	1.67565e-011
subset 1		498	3.06334e-012
subset 1		499	2.97576e-011
subset 1		500	2.98599e-011
subset 1		501	5.46671e-011
subset 1		502	1.87206e-010
subset 1		503	3.06864e-010
subset 1		504	4.20068e-010
subset 1		505	5.14311e-010
subset 1		506	6.1815e-010
subset 1		507	6.1689e-010
subset 1		508	6.40431e-010
subset 1		509	6.73341e-010
subset 1		26	510	6.06138e-010
subset 1		511	5.72365e-010
subset 1		512	5.27588e-010
subset 1		513	4.45658e-010
subset 1		514	3.37907e-010
subset 1		515	1.51323e-010
subset 1		516	3.70371e-011
subset 1		517	2.05303e-011
subset 1		518	4.26569e-011
subset 1		519	4.00794e-011
subset 1		520	5.55862e-011
subset 1		521	9.61705e-011
subset 1		522	2.75921e-010
subset 1		523	5.66057e-010
subset 1		524	8.01935e-010
subset 1		525	9.61027e-010
subset 1		526	1.08272e-009
subset 1		527	1.1109e-009
subset 1		528	1.18591e-009
subset 1		529	1.21405e-009
subset 1		27	530	1.15151e-009
subset 1		531	1.12143e-009
subset 1		532	1.09593e-009
subset 1		533	1.00613e-009
subset 1		534	8.71393e-010
subset 1		535	6.0997e-010
subset 1		536	5.49238e-010
subset 1		537	7.86262e-010
subset 1		538	1.18331e-009
subset 1		539	1.91485e-009
subset 1		540	3.24729e-009
subset 1		541	8.22179e-009
subset 1		542	2.96691e-008
subset 1		543	5.33706e-008
subset 1		544	6.88513e-008
subset 1		545	8.30111e-008
subset 1		546	8.92804e-008
subset 1		547	8.9636e-008
subset 1		548	9.59663e-008
subset 1		549	9.66079e-008
subset 1		28	550	8.55764e-008
subset 1		551	8.29599e-008
subset 1		552	7.21359e-008
subset 1		553	6.82878e-008
subset 1		554	4.63839e-008
subset 1		555	1.0092e-008
subset 1		556	4.51355e-010
subset 1		557	1.06084e-010
subset 1		558	4.73637e-011
subset 1		559	4.21059e-011
subset 1		560	6.97207e-011
subset 1		561	1.15529e-010
subset 1		562	5.3557e-010
subset 1		563	9.19458e-010
subset 1		564	1.20126e-009
subset 1		565	1.44485e-009
subset 1		566	1.58418e-009
subset 1		567	1.61993e-009
subset 1		568	1.65816e-009
subset 1		569	1.71015e-009
subset 1		29	570	1.54672e-009
subset 1		571	1.48106e-009
subset 1		572	1.35438e-009
subset 1		573	1.21525e-009
subset 1		574	8.83248e-010
subset 1		575	2.58137e-010
subset 1		576	4.37872e-011
subset 1		577	4.18992e-011
subset 1		578	5.60051e-011
subset 1		579	9.22683e-011
subset 1		580	1.86452e-010
subset 1		581	5.41563e-010
subset 1		582	1.73601e-009
subset 1		583	2.6757e-009
subset 1		584	3.48509e-009
subset 1		585	4.05987e-009
subset 1		586	4.13858e-009
subset 1		587	4.1614e-009
subset 1		588	4.5151e-009
subset 1		589	4.42886e-009
subset 1		30	590	3.92509e-009
subset 1		591	3.976e-009
subset 1		592	3.26247e-009
subset 1		593	3.22066e-009
subset 1		594	2.1832e-009
subset 1		595	1.96792e-010
subset 1		596	3.34694e-011
subset 1		597	1.11536e-011
subset 1		598	9.26573e-012
subset 1		599	2.25073e-011
subset 1		600	4.36552e-011
subset 1		601	4.47143e-011
subset 1		602	2.12569e-010
subset 1		603	3.7405e-010
subset 1		604	4.68911e-010
subset 1		605	5.58407e-010
subset 1		606	6.35913e-010
subset 1		607	6.39282e-010
subset 1		608	7.161e-010
subset 1		609	7.28185e-010
subset 1		31	610	6.40586e-010
subset 1		611	6.43369e-010
subset 1		612	5.97452e-010
subset 1		613	5.38684e-010
subset 1		614	4.46666e-010
subset 1		615	2.94525e-010
subset 1		616	1.32995e-010
subset 1		617	2.28769e-010
subset 1		618	3.32392e-010
subset 1		619	5.2124e-010
subset 1		620	1.05564e-009
subset 1		621	3.68363e-009
subset 1		622	9.21237e-009
subset 1		623	1.13461e-008
subset 1		624	1.42392e-008
subset 1		625	1.66969e-008
subset 1		626	1.73669e-008
subset 1		627	1.76656e-008
subset 1		628	1.91451e-008
subset 1		629	1.801e-008
subset 1		32	630	1.59239e-008
subset 1		631	1.67416e-008
subset 1		632	1.28919e-008
subset 1		633	1.28459e-008
subset 1		634	8.4943e-009
subset 1		635	6.24052e-010
subset 1		636	6.43232e-011
subset 1		637	6.38173e-012
subset 1		638	1.28785e-011
subset 1		639	0
subset 1		640	0
subset 1		641	1.41838e-011
subset 1		642	1.39258e-011
subset 1		643	2.10901e-012
subset 1		644	2.76573e-011
subset 1		645	2.74794e-011
subset 1		646	3.1471e-011
subset 1		647	3.34626e-011
subset 1		648	3.81356e-011
subset 1		649	1.7597e-011
subset 1		33	650	3.8745e-011
subset 1		651	2.681e-011
subset 1		652	2.56754e-011
subset 1		653	4.14771e-011
subset 1		654	3.08421e-011
subset 1		655	0
subset 1		656	1.30681e-011
subset 1		657	0
subset 1		658	8.78685e-012
subset 1		659	1.77178e-011
subset 1		660	2.02134e-011
subset 1		661	1.35948e-011
subset 1		662	5.45598e-011
subset 1		663	3.96383e-011
subset 1		664	5.92274e-011
subset 1		665	1.02077e-010
subset 1		666	7.73413e-011
subset 1		667	7.98054e-011
subset 1		668	9.77387e-011
subset 1		669	8.79704e-011
subset 1		34	670	6.04405e-011
subset 1		671	8.88138e-011
subset 1		672	6.81657e-011
subset 1		673	5.11197e-011
subset 1		674	6.62385e-011
subset 1		675	1.72682e-011
subset 1		676	0
subset 1		677	0
subset 1		678	0
subset 1		679	0
subset 1		680	7.71696e-012
subset 1		681	0
subset 1		682	3.51059e-012
subset 1		683	2.59054e-011
subset 1		684	1.42528e-011
subset 1		685	4.10957e-012
subset 1		686	1.43715e-011
subset 1		687	1.4619e-011
subset 1		688	2.3606e-011
subset 1		689	6.97349e-012
subset 1		35	690	1.54597e-011
subset 1		691	1.45203e-011
subset 1		692	1.94607e-011
subset 1		693	1.01879e-011
subset 1		694	0
subset 1		695	1.46152e-011
subset 1		696	0
subset 1		697	1.02934e-012
subset 1		698	8.13601e-012
subset 1		699	1.58459e-011
subset 1		700	6.16094e-012
subset 1		701	3.80235e-011
subset 1		702	6.16811e-011
subset 1		703	6.18152e-011
subset 1		704	8.877e-011
subset 1		705	9.81265e-011
subset 1		706	7.97023e-011
subset 1		707	8.76606e-011
subset 1		708	9.98416e-011
subset 1		709	8.75727e-011
subset 1		36	710	8.76703e-011
subset 1		711	6.12377e-011
subset 1		712	6.19408e-011
subset 1		713	6.64592e-011
subset 1		714	3.35219e-011
subset 1		715	0
subset 1		716	1.47922e-011
subset 1		717	7.02819e-012
subset 1		718	0
subset 1		719	1.25316e-011
subset 1		720	0
subset 1		721	0
subset 1		722	3.09449e-011
subset 1		723	2.56945e-011
subset 1		724	4.37644e-011
subset 1		725	5.63991e-011
subset 1		726	6.44351e-011
subset 1		727	5.07988e-011
subset 1		728	8.59609e-011
subset 1		729	5.35727e-011
subset 1		37	730	4.91451e-011
subset 1		731	6.54331e-011
subset 1		732	6.49237e-011
subset 1		733	4.85536e-011
subset 1		734	3.23804e-011
subset 1		735	2.48134e-011
subset 1		736	0
subset 1		737	2.33239e-011
subset 1		738	2.89085e-012
subset 1		739	0
subset 1		740	1.82801e-012
subset 1		741	1.41195e-011
subset 1		742	4.85586e-011
subset 1		743	1.03243e-010
subset 1		744	9.05082e-011
subset 1		745	1.12104e-010
subset 1		746	1.35378e-010
subset 1		747	1.14326e-010
subset 1		748	1.12564e-010
subset 1		749	1.39357e-010
subset 1		38	750	1.0093e-010
subset 1		751	1.00817e-010
subset 1		752	1.19686e-010
subset 1		753	7.99384e-011
subset 1		754	5.53219e-011
subset 1		755	5.39739e-011
subset 1		756	1.84656e-011
subset 1		757	0
subset 1		758	2.18493e-011
subset 1		759	6.50677e-013
subset 1		760	6.54866e-012
subset 1		761	4.67729e-011
subset 1		762	1.48046e-010
subset 1		763	1.9293e-010
subset 1		764	2.79467e-010
subset 1		765	3.61335e-010
subset 1		766	3.96663e-010
subset 1		767	4.26506e-010
subset 1		768	4.15948e-010
subset 1		769	4.71944e-010
subset 1		39	770	4.34867e-010
subset 1		771	4.09625e-010
subset 1		772	4.18903e-010
subset 1		773	3.32082e-010
subset 1		774	3.14293e-010
subset 1		775	1.73878e-010
subset 1		776	4.27458e-011
subset 1		777	5.14233e-011
subset 1		778	4.9019e-011
subset 1		779	1.00853e-010
subset 1		780	2.01366e-010
subset 1		781	5.76844e-010
subset 1		782	1.06901e-009
subset 1		783	1.39754e-009
subset 1		784	1.70073e-009
subset 1		785	1.92612e-009
subset 1		786	1.86667e-009
subset 1		787	1.96219e-009
subset 1		788	2.1309e-009
subset 1		789	1.89844e-009
subset 1		40	790	1.75132e-009
subset 1		791	1.819e-009
subset 1		792	1.47835e-009
subset 1		793	1.17124e-009
subset 1		794	6.43661e-010
subset 1		795	1.06342e-010
subset 1		796	0
subset 1		797	6.49196e-012
subset 1		798	4.67506e-012
subset 1		799	1.93346e-011
subset 1		800	2.25279e-011
subset 1		801	5.09675e-011
subset 1		802	1.08476e-010
subset 1		803	3.51627e-010
subset 1		804	4.50631e-010
subset 1		805	5.72202e-010
subset 1		806	6.84223e-010
subset 1		807	6.97593e-010
subset 1		808	7.01383e-010
subset 1		809	7.53466e-010
subset 1		41	810	7.25519e-010
subset 1		811	6.53203e-010
subset 1		812	6.92076e-010
subset 1		813	5.62133e-010
subset 1		814	5.30697e-010
subset 1		815	3.6635e-010
subset 1		816	7.17321e-011
subset 1		817	0
subset 1		818	2.09607e-011
subset 1		819	0
subset 1		820	1.44478e-011
subset 1		821	3.54788e-011
subset 1		822	8.50966e-011
subset 1		823	1.94909e-010
subset 1		824	2.83173e-010
subset 1		825	3.45752e-010
subset 1		826	4.09384e-010
subset 1		827	3.98122e-010
subset 1		828	4.0132e-010
subset 1		829	4.5354e-010
subset 1		42	830	4.46807e-010
subset 1		831	3.85596e-010
subset 1		832	3.7945e-010
subset 1		833	3.31564e-010
subset 1		834	3.017e-010
subset 1		835	1.90229e-010
subset 1		836	4.77529e-011
subset 1		837	4.49157e-012
subset 1		838	1.75549e-011
subset 1		839	2.31963e-011
subset 1		840	2.57204e-011
subset 1		841	6.06648e-011
subset 1		842	2.1903e-010
subset 1		843	3.88394e-010
subset 1		844	5.0817e-010
subset 1		845	6.6377e-010
subset 1		846	7.19634e-010
subset 1		847	7.43447e-010
subset 1		848	7.90842e-010
subset 1		849	8.38021e-010
subset 1		43	850	8.14903e-010
subset 1		851	7.54241e-010
subset 1		852	7.48328e-010
subset 1		853	6.2685e-010
subset 1		854	5.5316e-010
subset 1		855	4.067e-010
subset 1		856	1.49864e-010
subset 1		857	7.60206e-011
subset 1		858	6.68177e-011
subset 1		859	8.27824e-011
subset 1		860	1.61353e-010
subset 1		861	4.58089e-010
subset 1		862	1.11024e-009
subset 1		863	1.53592e-009
subset 1		864	1.86714e-009
subset 1		865	2.13241e-009
subset 1		866	2.2927e-009
subset 1		867	2.20921e-009
subset 1		868	2.41474e-009
subset 1		869	2.44414e-009
subset 1		44	870	2.09174e-009
subset 1		871	2.24333e-009
subset 1		872	1.86404e-009
subset 1		873	1.81272e-009
subset 1		874	1.26224e-009
subset 1		875	3.93361e-010
subset 1		876	4.66355e-011
subset 1		877	1.70305e-011
subset 1		878	2.48464e-011
subset 1		879	2.21088e-011
subset 1		880	2.58764e-011
subset 1		881	4.00274e-011
subset 1		882	1.19066e-010
subset 1		883	1.63362e-010
subset 1		884	2.41168e-010
subset 1		885	2.9069e-010
subset 1		886	3.25978e-010
subset 1		887	3.35548e-010
subset 1		888	3.26488e-010
subset 1		889	3.62677e-010
subset 1		45	890	3.58816e-010
subset 1		891	3.03169e-010
subset 1		892	3.0768e-010
subset 1		893	2.80692e-010
subset 1		894	2.40868e-010
subset 1		895	1.66187e-010
subset 1		896	4.34035e-011
subset 1		897	0
subset 1		898	0
subset 1		899	2.03253e-012
subset 1		900	0
subset 1		901	2.78755e-011
subset 1		902	5.24035e-011
subset 1		903	8.60986e-011
subset 1		904	9.50525e-011
subset 1		905	1.20089e-010
subset 1		906	1.48457e-010
subset 1		907	1.33622e-010
subset 1		908	1.46679e-010
subset 1		909	1.59368e-010
subset 1		46	910	1.54487e-010
subset 1		911	1.24964e-010
subset 1		912	1.3713e-010
subset 1		913	1.07639e-010
subset 1		914	1.06799e-010
subset 1		915	7.36829e-011
subset 1		916	0
subset 1		917	5.52798e-012
subset 1		918	6.78318e-012
subset 1		919	0
subset 1		920	1.19137e-011
subset 1		921	0
subset 1		922	1.17423e-011
subset 1		923	1.85434e-011
subset 1		924	2.19288e-011
subset 1		925	1.6981e-011
subset 1		926	1.49472e-011
subset 1		927	2.94467e-011
subset 1		928	0
subset 1		929	3.86052e-011
subset 1		47	930	8.50513e-012
subset 1		931	1.44721e-011
subset 1		932	1.73204e-011
subset 1		933	9.97968e-012
subset 1		934	7.42145e-012
subset 1		935	0
subset 1		936	1.73326e-011
subset 1		937	0
subset 1		938	0
subset 1		939	1.52018e-011
subset 1		940	0
subset 1		941	1.70806e-011
subset 1		942	3.57066e-011
subset 1		943	2.88958e-011
subset 1		944	4.71263e-011
subset 1		945	4.64931e-011
subset 1		946	4.02514e-011
subset 1		947	6.54837e-011
subset 1		948	5.00017e-011
subset 1		949	3.50106e-011
subset 1		48	950	7.45305e-011
subset 1		951	4.98086e-011
subset 1		952	3.70439e-011
subset 1		953	4.35738e-011
subset 1		954	3.21905e-011
subset 1		955	2.62286e-012
subset 1		956	4.21514e-012
subset 1		957	0
subset 1		958	0
subset 1		959	9.05498e-012
subset 1		960	0
subset 1		961	0
subset 1		962	1.30098e-011
subset 1		963	9.0738e-012
subset 1		964	6.98477e-012
subset 1		965	3.90995e-011
subset 1		966	1.28583e-011
subset 1		967	4.337e-012
subset 1		968	2.22772e-011
subset 1		969	2.3906e-011
subset 1		49	970	9.93499e-012
subset 1		971	1.66767e-011
subset 1		972	1.75287e-011
subset 1		973	1.56274e-012
subset 1		974	3.70513e-012
subset 1		975	1.27542e-011
subset 1		976	0
subset 1		977	4.17713e-012
subset 1		978	1.63538e-011
subset 1		979	1.86859e-011
subset 1		980	8.81568e-012
subset 1		981	1.13718e-011
subset 1		982	9.70334e-012
subset 1		983	4.60616e-011
subset 1		984	4.97035e-011
subset 1		985	5.61045e-011
subset 1		986	9.07343e-011
subset 1		987	8.38917e-011
subset 1		988	7.44228e-011
subset 1		989	1.07069e-010
subset 1		50	990	7.55054e-011
subset 1		991	5.1796e-011
subset 1		992	8.70139e-011
subset 1		993	5.17499e-011
subset 1		994	4.4e-011
subset 1		995	3.64108e-011
subset 1		996	4.32337e-012
subset 1		997	0
subset 1		998	0
subset 1		999	5.7613e-012
subset 1		1000	0
subset 1		1001	1.31495e-012
subset 1		1002	2.78293e-011
subset 1		1003	5.32398e-011
subset 1		1004	7.23235e-011
subset 1		1005	9.59961e-011
subset 1		1006	9.77949e-011
subset 1		1007	1.23335e-010
subset 1		1008	1.26421e-010
subset 1		1009	1.077e-010
subset 1		51	1010	1.27625e-010
subset 1		1011	1.15142e-010
subset 1		1012	1.11651e-010
subset 1		1013	8.87737e-011
subset 1		1014	1.01522e-010
subset 1		1015	4.35058e-011
subset 1		1016	2.75484e-011
subset 1		1017	0
subset 1		1018	0
subset 1		1019	1.42696e-011
subset 1		1020	6.81895e-012
subset 1		1021	1.4227e-012
subset 1		1022	2.48364e-011
subset 1		1023	5.08135e-011
subset 1		1024	2.32744e-011
subset 1		1025	7.98053e-011
subset 1		1026	5.75365e-011
subset 1		1027	6.53067e-011
subset 1		1028	7.95713e-011
subset 1		1029	7.68645e-011
subset 1		52	1030	7.52666e-011
subset 1		1031	6.47633e-011
subset 1		1032	5.50855e-011
subset 1		1033	5.42316e-011
subset 1		1034	8.20817e-011
subset 1		1035	2.15754e-011
subset 1		1036	0
subset 1		1037	1.27188e-011
subset 1		1038	2.76099e-012
subset 1		1039	0
subset 1		1040	9.52185e-012
subset 1		1041	0
subset 1		1042	1.21187e-011
subset 1		1043	7.10522e-011
subset 1		1044	6.44827e-011
subset 1		1045	8.83444e-011
subset 1		1046	1.10186e-010
subset 1		1047	1.2242e-010
subset 1		1048	1.07815e-010
subset 1		1049	1.34437e-010
subset 1		53	1050	1.27947e-010
subset 1		1051	9.08209e-011
subset 1		1052	1.15597e-010
subset 1		1053	9.03878e-011
subset 1		1054	6.59562e-011
subset 1		1055	8.50022e-011
subset 1		1056	9.3149e-012
subset 1		1057	0
subset 1		1058	0
subset 1		1059	0
subset 1		1060	9.75274e-013
subset 1		1061	3.05522e-012
subset 1		1062	2.9707e-011
subset 1		1063	2.08279e-011
subset 1		1064	5.94782e-011
subset 1		1065	7.10808e-011
subset 1		1066	6.59425e-011
subset 1		1067	8.54026e-011
subset 1		1068	7.8963e-011
subset 1		1069	9.11549e-011
subset 1		54	1070	1.06712e-010
subset 1		1071	7.55419e-011
subset 1		1072	6.65697e-011
subset 1		1073	1.00496e-010
subset 1		1074	4.82592e-011
subset 1		1075	3.64436e-011
subset 1		1076	2.65867e-011
subset 1		1077	1.37646e-011
subset 1		1078	0
subset 1		1079	1.87812e-011
subset 1		1080	6.4423e-013
subset 1		1081	1.06816e-011
subset 1		1082	5.60102e-011
subset 1		1083	1.25446e-010
subset 1		1084	1.882e-010
subset 1		1085	2.53562e-010
subset 1		1086	2.98268e-010
subset 1		1087	3.15327e-010
subset 1		1088	3.22719e-010
subset 1		1089	3.08507e-010
subset 1		55	1090	3.36376e-010
subset 1		1091	3.45351e-010
subset 1		1092	2.97184e-010
subset 1		1093	2.99567e-010
subset 1		1094	2.56285e-010
subset 1		1095	2.19229e-010
subset 1		1096	1.15224e-010
subset 1		1097	1.03666e-011
subset 1		1098	4.38832e-012
subset 1		1099	0
subset 1		1100	1.98295e-011
subset 1		1101	0
subset 1		1102	2.33631e-011
subset 1		1103	8.93368e-011
subset 1		1104	1.25685e-010
subset 1		1105	1.36644e-010
subset 1		1106	1.69005e-010
subset 1		1107	1.76222e-010
subset 1		1108	1.70903e-010
subset 1		1109	1.96166e-010
subset 1		56	1110	1.88839e-010
subset 1		1111	1.80098e-010
subset 1		1112	1.63548e-010
subset 1		1113	1.87154e-010
subset 1		1114	1.48203e-010
subset 1		1115	1.5319e-010
subset 1		1116	8.47284e-011
subset 1		1117	0
subset 1		1118	2.11981e-011
subset 1		1119	1.23048e-011
subset 1		1120	0
subset 1		1121	1.08014e-011
subset 1		1122	2.90989e-011
subset 1		1123	1.01681e-010
subset 1		1124	1.69329e-010
subset 1		1125	1.82667e-010
subset 1		1126	2.24973e-010
subset 1		1127	2.91216e-010
subset 1		1128	2.90471e-010
subset 1		1129	2.77182e-010
subset 1		57	1130	3.34515e-010
subset 1		1131	3.18543e-010
subset 1		1132	2.58492e-010
subset 1		1133	3.02986e-010
subset 1		1134	2.54329e-010
subset 1		1135	2.23678e-010
subset 1		1136	1.83354e-010
subset 1		1137	3.57056e-011
subset 1		1138	6.82632e-013
subset 1		1139	2.95785e-011
subset 1		1140	0
subset 1		1141	0
subset 1		1142	3.57834e-011
subset 1		1143	5.0023e-011
subset 1		1144	8.35153e-011
subset 1		1145	9.85302e-011
subset 1		1146	1.00088e-010
subset 1		1147	1.32063e-010
subset 1		1148	1.54701e-010
subset 1		1149	1.30231e-010
subset 1		58	1150	1.45816e-010
subset 1		1151	1.51327e-010
subset 1		1152	1.24157e-010
subset 1		1153	1.32528e-010
subset 1		1154	1.30477e-010
subset 1		1155	1.0696e-010
subset 1		1156	6.66396e-011
subset 1		1157	6.35701e-012
subset 1		1158	2.61944e-013
subset 1		1159	0
subset 1		1160	1.63124e-011
subset 1		1161	0
subset 1		1162	7.14643e-013
subset 1		1163	3.67249e-011
subset 1		1164	2.6288e-011
subset 1		1165	1.9774e-011
subset 1		1166	3.41868e-011
subset 1		1167	2.72295e-011
subset 1		1168	2.34032e-011
subset 1		1169	5.06261e-011
subset 1		59	1170	3.36579e-011
subset 1		1171	2.55648e-011
subset 1		1172	4.41272e-011
subset 1		1173	2.6881e-011
subset 1		1174	2.14127e-012
subset 1		1175	2.14996e-011
subset 1		1176	2.40536e-012
subset 1		1177	0
subset 1		1178	0
subset 1		1179	5.23889e-012
subset 1		1180	0
subset 1		1181	1.73076e-011
subset 1		1182	1.18755e-011
subset 1		1183	1.81082e-011
subset 1		1184	1.31084e-011
subset 1		1185	3.37242e-011
subset 1		1186	3.53765e-012
subset 1		1187	3.90116e-011
subset 1		1188	1.80097e-011
subset 1		1189	2.52822e-011
subset 1		60	1190	4.80475e-011
subset 1		1191	1.88341e-011
subset 1		1192	9.50153e-012
subset 1		1193	3.82229e-011
subset 1		1194	1.8616e-011
subset 1		1195	1.70723e-011
subset 1		1196	3.63231e-011
subset 1		1197	9.00361e-012
subset 1		1198	4.94246e-012
subset 1		1199	1.79046e-011
subset 1		1200	2.45089e-012
subset 1		1201	0
subset 1		1202	6.07283e-012
subset 1		1203	3.21835e-013
subset 1		1204	1.077e-011
subset 1		1205	2.21819e-011
subset 1		1206	1.68832e-011
subset 1		1207	3.41152e-012
subset 1		1208	1.22941e-011
subset 1		1209	2.84162e-011
subset 1		61	1210	8.26025e-012
subset 1		1211	2.5443e-011
subset 1		1212	2.14206e-011
subset 1		1213	5.87226e-013
subset 1		1214	1.81218e-011
subset 1		1215	1.47587e-011
subset 1		1216	4.03579e-012
subset 1		1217	3.02941e-012
subset 1		1218	3.60172e-012
subset 1		1219	0
subset 1		1220	9.32184e-012
subset 1		1221	2.44119e-011
subset 1		1222	3.76324e-011
subset 1		1223	6.0635e-011
subset 1		1224	4.68114e-011
subset 1		1225	5.34562e-011
subset 1		1226	6.08106e-011
subset 1		1227	7.92517e-011
subset 1		1228	6.06233e-011
subset 1		1229	8.6332e-011
subset 1		62	1230	4.66807e-011
subset 1		1231	9.89424e-011
subset 1		1232	6.54004e-011
subset 1		1233	5.20971e-011
subset 1		1234	2.63389e-011
subset 1		1235	1.96728e-011
subset 1		1236	2.83789e-011
subset 1		1237	0
subset 1		1238	1.31056e-011
subset 1		1239	7.511e-012
subset 1		1240	1.54824e-011
subset 1		1241	3.57857e-011
subset 1		1242	4.84803e-011
subset 1		1243	5.38871e-011
subset 1		1244	9.61715e-011
subset 1		1245	9.38429e-011
subset 1		1246	1.09895e-010
subset 1		1247	1.15015e-010
subset 1		1248	1.12481e-010
subset 1		1249	1.1438e-010
subset 1		63	1250	1.38361e-010
subset 1		1251	1.23026e-010
subset 1		1252	1.11371e-010
subset 1		1253	1.4001e-010
subset 1		1254	1.22465e-010
subset 1		1255	1.06376e-010
subset 1		1256	1.00621e-010
subset 1		1257	1.07648e-010
subset 1		1258	1.00399e-010
subset 1		1259	1.52633e-010
subset 1		1260	2.49325e-010
subset 1		1261	5.88365e-010
subset 1		1262	8.74655e-010
subset 1		1263	9.56695e-010
subset 1		1264	1.11095e-009
subset 1		1265	1.32485e-009
subset 1		1266	1.3072e-009
subset 1		1267	1.26693e-009
subset 1		1268	1.54988e-009
subset 1		1269	1.67156e-009
subset 1		64	1270	2.58347e-009
subset 1		1271	7.3113e-009
subset 1		1272	1.00498e-008
subset 1		1273	1.08959e-008
subset 1		1274	1.27529e-008
subset 1		1275	1.43472e-008
subset 1		1276	1.38201e-008
subset 1		1277	1.30334e-008
subset 1		1278	1.50166e-008
subset 1		1279	1.39058e-008
subset 1		1280	1.18242e-008
subset 1		1281	1.49326e-008
subset 1		1282	1.16069e-008
subset 1		1283	1.25885e-008
subset 1		1284	9.46711e-009
subset 1		1285	3.81375e-009
subset 1		1286	2.62772e-009
subset 1		1287	2.35696e-009
subset 1		1288	2.72759e-009
subset 1		1289	2.78705e-009
subset 1		65	1290	3.41819e-009
subset 1		1291	6.29593e-009
subset 1		1292	8.76113e-009
subset 1		1293	1.00512e-008
subset 1		1294	1.0888e-008
subset 1		1295	1.17572e-008
subset 1		1296	1.1345e-008
subset 1		1297	1.06636e-008
subset 1		1298	1.23864e-008
subset 1		1299	1.19173e-008
subset 1		1300	1.03841e-008
subset 1		1301	1.63537e-008
subset 1		1302	1.70404e-008
subset 1		1303	1.90926e-008
subset 1		1304	1.81254e-008
subset 1		1305	1.56441e-008
subset 1		1306	1.45194e-008
subset 1		1307	1.32709e-008
subset 1		1308	1.53531e-008
subset 1		1309	1.43389e-008
subset 1		66	1310	1.17826e-008
subset 1		1311	1.42142e-008
subset 1		1312	1.03719e-008
subset 1		1313	1.11206e-008
subset 1		1314	7.61663e-009
subset 1		1315	1.72097e-009
subset 1		1316	4.79135e-010
subset 1		1317	1.30633e-010
subset 1		1318	1.72866e-010
subset 1		1319	2.32194e-010
subset 1		1320	4.81991e-010
subset 1		1321	2.05765e-009
subset 1		1322	3.5136e-009
subset 1		1323	4.11177e-009
subset 1		1324	4.80913e-009
subset 1		1325	5.74057e-009
subset 1		1326	5.69125e-009
subset 1		1327	5.26926e-009
subset 1		1328	5.93233e-009
subset 1		1329	5.85068e-009
subset 1		67	1330	4.7521e-009
subset 1		1331	5.71728e-009
subset 1		1332	4.29281e-009
subset 1		1333	4.57385e-009
subset 1		1334	3.11131e-009
subset 1		1335	8.08395e-010
subset 1		1336	2.94435e-010
subset 1		1337	1.44775e-010
subset 1		1338	1.10814e-010
subset 1		1339	1.80012e-010
subset 1		1340	4.21603e-010
subset 1		1341	1.80823e-009
subset 1		1342	3.03462e-009
subset 1		1343	3.50254e-009
subset 1		1344	4.03437e-009
subset 1		1345	4.77521e-009
subset 1		1346	4.80599e-009
subset 1		1347	4.38462e-009
subset 1		1348	4.8634e-009
subset 1		1349	5.00963e-009
subset 1		68	1350	3.93307e-009
subset 1		1351	4.76703e-009
subset 1		1352	3.56144e-009
subset 1		1353	3.77834e-009
subset 1		1354	2.66995e-009
subset 1		1355	6.38196e-010
subset 1		1356	2.24575e-010
subset 1		1357	9.04355e-012
subset 1		1358	1.58776e-011
subset 1		1359	0
subset 1		1360	0
subset 1		1361	1.60665e-011
subset 1		1362	5.92834e-012
subset 1		1363	5.05024e-011
subset 1		1364	9.04218e-011
subset 1		1365	9.19803e-011
subset 1		1366	1.18216e-010
subset 1		1367	1.74676e-010
subset 1		1368	1.58852e-010
subset 1		1369	1.56406e-010
subset 1		69	1370	1.63292e-010
subset 1		1371	1.82148e-010
subset 1		1372	1.49226e-010
subset 1		1373	1.70274e-010
subset 1		1374	1.45743e-010
subset 1		1375	1.26058e-010
subset 1		1376	9.6928e-011
subset 1		1377	3.43794e-011
subset 1		1378	5.1131e-012
subset 1		1379	1.87969e-011
subset 1		1380	9.62122e-012
subset 1		1381	0
subset 1		1382	1.5353e-011
subset 1		1383	1.98668e-011
subset 1		1384	4.62666e-011
subset 1		1385	8.97289e-011
subset 1		1386	8.27479e-011
subset 1		1387	1.02917e-010
subset 1		1388	9.30036e-011
subset 1		1389	1.11709e-010
subset 1		70	1390	1.00909e-010
subset 1		1391	1.26685e-010
subset 1		1392	1.06454e-010
subset 1		1393	1.03736e-010
subset 1		1394	1.01026e-010
subset 1		1395	7.81076e-011
subset 1		1396	6.19644e-011
subset 1		1397	3.63772e-011
subset 1		1398	4.87427e-012
subset 1		1399	1.9834e-012
subset 1		1400	1.49301e-011
subset 1		1401	0
subset 1		1402	1.94079e-012
subset 1		1403	2.31088e-011
subset 1		1404	5.2237e-011
subset 1		1405	6.98162e-011
subset 1		1406	1.02137e-010
subset 1		1407	1.20025e-010
subset 1		1408	1.38076e-010
subset 1		1409	1.43828e-010
subset 1		71	1410	1.37559e-010
subset 1		1411	1.37716e-010
subset 1		1412	1.31837e-010
subset 1		1413	1.09202e-010
subset 1		1414	1.25078e-010
subset 1		1415	9.27567e-011
subset 1		1416	7.77878e-011
subset 1		1417	2.68742e-011
subset 1		1418	8.31193e-012
subset 1		1419	0
subset 1		1420	1.69102e-011
subset 1		1421	0
subset 1		1422	0
subset 1		1423	5.49289e-012
subset 1		1424	2.97126e-011
subset 1		1425	3.04218e-011
subset 1		1426	1.91566e-011
subset 1		1427	5.18857e-011
subset 1		1428	4.14007e-011
subset 1		1429	3.51387e-011
subset 1		72	1430	5.29524e-011
subset 1		1431	4.97708e-011
subset 1		1432	1.31526e-011
subset 1		1433	5.53306e-011
subset 1		1434	3.65901e-011
subset 1		1435	2.30767e-012
subset 1		1436	3.76936e-011
subset 1		1437	1.38488e-011
subset 1		1438	0
subset 1		1439	2.39341e-011
subset 1		1440	0
subset 1		1441	0
subset 1		1442	2.13517e-011
subset 1		1443	1.35743e-011
subset 1		1444	7.51866e-012
subset 1		1445	2.7288e-011
subset 1		1446	4.15588e-011
subset 1		1447	6.13065e-012
subset 1		1448	5.01049e-011
subset 1		1449	1.76562e-011
subset 1		73	1450	1.52254e-011
subset 1		1451	4.23548e-011
subset 1		1452	4.12769e-011
subset 1		1453	7.93215e-012
subset 1		1454	2.01764e-011
subset 1		1455	5.73912e-012
subset 1		1456	4.95395e-012
subset 1		1457	2.06773e-011
subset 1		1458	4.53389e-012
subset 1		1459	0
subset 1		1460	0
subset 1		1461	6.71141e-012
subset 1		1462	0
subset 1		1463	2.07183e-011
subset 1		1464	1.10669e-011
subset 1		1465	2.05054e-011
subset 1		1466	2.52898e-011
subset 1		1467	1.38409e-011
subset 1		1468	4.46358e-012
subset 1		1469	2.05836e-011
subset 1		74	1470	2.31824e-011
subset 1		1471	1.49334e-011
subset 1		1472	2.12219e-011
subset 1		1473	1.46674e-011
subset 1		1474	1.08066e-011
subset 1		1475	9.78693e-012
subset 1		1476	0
subset 1		1477	3.27151e-012
subset 1		1478	1.46471e-011
subset 1		1479	6.36774e-012
subset 1		1480	0
subset 1		1481	1.04694e-011
subset 1		1482	1.07246e-011
subset 1		1483	0
subset 1		1484	2.34225e-012
subset 1		1485	1.22304e-011
subset 1		1486	7.21916e-012
subset 1		1487	4.76988e-011
subset 1		1488	1.52131e-011
subset 1		1489	8.18044e-012
subset 1		75	1490	2.03189e-011
subset 1		1491	2.28877e-011
subset 1		1492	0
subset 1		1493	1.95472e-011
subset 1		1494	5.4673e-012
subset 1		1495	9.88481e-012
subset 1		1496	1.62687e-011
subset 1		1497	4.57677e-013
subset 1		1498	0
subset 1		1499	2.07202e-011
subset 1		1500	9.96739e-012
subset 1		1501	0
subset 1		1502	3.99258e-012
subset 1		1503	0
subset 1		1504	1.99877e-011
subset 1		1505	2.13602e-011
subset 1		1506	6.17136e-012
subset 1		1507	1.11299e-013
subset 1		1508	1.95101e-011
subset 1		1509	2.8162e-011
subset 1		76	1510	3.07653e-011
subset 1		1511	2.94178e-011
subset 1		1512	1.82976e-011
subset 1		1513	0
subset 1		1514	2.32016e-011
subset 1		1515	2.17333e-011
subset 1		1516	9.23107e-012
subset 1		1517	3.84037e-012
subset 1		1518	0
subset 1		1519	1.58302e-012
subset 1		1520	4.10564e-013
subset 1		1521	7.27385e-012
subset 1		1522	4.2375e-012
subset 1		1523	1.17766e-011
subset 1		1524	4.54393e-011
subset 1		1525	5.39965e-011
subset 1		1526	1.07762e-010
subset 1		1527	7.82146e-011
subset 1		1528	8.27546e-011
subset 1		1529	1.03614e-010
subset 1		77	1530	1.14356e-010
subset 1		1531	1.05578e-010
subset 1		1532	9.52912e-011
subset 1		1533	9.30916e-011
subset 1		1534	8.03062e-011
subset 1		1535	9.72769e-011
subset 1		1536	5.87369e-011
subset 1		1537	6.27864e-012
subset 1		1538	2.1695e-011
subset 1		1539	0
subset 1		1540	0
subset 1		1541	1.24356e-011
subset 1		1542	8.36056e-012
subset 1		1543	1.25282e-011
subset 1		1544	2.94982e-011
subset 1		1545	3.97779e-011
subset 1		1546	4.69902e-011
subset 1		1547	6.14575e-011
subset 1		1548	6.35612e-011
subset 1		1549	4.84916e-011
subset 1		78	1550	6.21065e-011
subset 1		1551	5.35448e-011
subset 1		1552	3.71833e-011
subset 1		1553	7.97179e-011
subset 1		1554	2.72369e-011
subset 1		1555	3.99199e-011
subset 1		1556	5.74627e-011
subset 1		1557	2.20102e-011
subset 1		1558	0
subset 1		1559	1.13694e-011
subset 1		1560	0
subset 1		1561	2.54927e-012
subset 1		1562	8.32298e-012
subset 1		1563	1.95336e-011
subset 1		1564	2.64421e-011
subset 1		1565	6.00099e-011
subset 1		1566	6.65796e-011
subset 1		1567	7.72087e-011
subset 1		1568	7.92243e-011
subset 1		1569	7.28687e-011
subset 1		79	1570	8.22159e-011
subset 1		1571	1.05277e-010
subset 1		1572	8.2655e-011
subset 1		1573	6.87789e-011
subset 1		1574	9.62847e-011
subset 1		1575	6.73706e-011
subset 1		1576	3.47605e-011
subset 1		1577	3.36092e-011
subset 1		1578	2.78415e-012
subset 1		1579	0
subset 1		1580	4.96836e-012
subset 1		1581	0
subset 1		1582	0
subset 1		1583	8.84594e-012
subset 1		1584	8.7466e-012
subset 1		1585	4.76947e-012
subset 1		1586	2.75035e-011
subset 1		1587	3.58457e-011
subset 1		1588	1.69317e-011
subset 1		1589	2.2198e-011
subset 1		80	1590	2.91804e-011
subset 1		1591	2.75396e-011
subset 1		1592	4.24295e-011
subset 1		1593	3.04285e-011
subset 1		1594	2.07774e-011
subset 1		1595	2.39689e-011
subset 1		1596	1.41949e-011
subset 1		1597	0
subset 1		1598	1.59455e-011
subset 1		1599	8.4128e-012
subset 1		1600	0
subset 1		1601	0
subset 1		1602	1.4458e-011
subset 1		1603	1.18955e-011
subset 1		1604	5.45263e-011
subset 1		1605	5.92768e-011
subset 1		1606	6.1315e-011
subset 1		1607	1.02181e-010
subset 1		1608	9.24058e-011
subset 1		1609	8.4847e-011
subset 1		81	1610	9.37916e-011
subset 1		1611	9.90527e-011
subset 1		1612	8.3117e-011
subset 1		1613	8.27354e-011
subset 1		1614	9.18861e-011
subset 1		1615	6.24497e-011
subset 1		1616	7.1059e-011
subset 1		1617	4.08347e-011
subset 1		1618	1.04634e-011
subset 1		1619	0
subset 1		1620	0
subset 1		1621	0
subset 1		1622	1.73323e-011
subset 1		1623	2.33343e-011
subset 1		1624	2.36712e-011
subset 1		1625	4.17655e-011
subset 1		1626	4.61725e-011
subset 1		1627	4.70905e-011
subset 1		1628	7.91658e-011
subset 1		1629	6.28718e-011
subset 1		82	1630	5.27817e-011
subset 1		1631	7.34111e-011
subset 1		1632	7.11101e-011
subset 1		1633	5.07397e-011
subset 1		1634	7.04767e-011
subset 1		1635	5.19568e-011
subset 1		1636	3.97139e-011
subset 1		1637	4.37177e-011
subset 1		1638	5.3087e-012
subset 1		1639	0
subset 1		1640	1.07705e-011
subset 1		1641	0
subset 1		1642	5.33424e-012
subset 1		1643	5.85455e-012
subset 1		1644	2.7135e-011
subset 1		1645	4.01876e-011
subset 1		1646	6.54518e-011
subset 1		1647	6.623e-011
subset 1		1648	5.96725e-011
subset 1		1649	9.21871e-011
subset 1		83	1650	7.25475e-011
subset 1		1651	8.43935e-011
subset 1		1652	9.55936e-011
subset 1		1653	6.03628e-011
subset 1		1654	7.95002e-011
subset 1		1655	8.20549e-011
subset 1		1656	5.59804e-011
subset 1		1657	3.71796e-011
subset 1		1658	2.51513e-011
subset 1		1659	0
subset 1		1660	0
subset 1		1661	1.112e-011
subset 1		1662	6.81582e-012
subset 1		1663	1.03603e-012
subset 1		1664	8.97078e-012
subset 1		1665	2.51593e-011
subset 1		1666	2.4877e-011
subset 1		1667	5.38371e-011
subset 1		1668	4.13579e-011
subset 1		1669	4.63636e-011
subset 1		84	1670	5.33223e-011
subset 1		1671	4.38139e-011
subset 1		1672	3.80886e-011
subset 1		1673	3.71449e-011
subset 1		1674	2.56911e-011
subset 1		1675	3.36603e-011
subset 1		1676	3.57053e-011
subset 1		1677	1.37749e-011
subset 1		1678	0
subset 1		1679	1.52461e-011
subset 1		1680	0
subset 1		1681	0
subset 1		1682	2.16709e-011
subset 1		1683	1.11311e-011
subset 1		1684	2.57066e-011
subset 1		1685	6.38384e-011
subset 1		1686	4.66955e-011
subset 1		1687	6.30499e-011
subset 1		1688	9.40407e-011
subset 1		1689	8.57051e-011
subset 1		85	1690	6.42532e-011
subset 1		1691	9.20871e-011
subset 1		1692	8.48383e-011
subset 1		1693	6.4416e-011
subset 1		1694	6.59889e-011
subset 1		1695	7.86249e-011
subset 1		1696	5.8227e-011
subset 1		1697	5.01826e-011
subset 1		1698	1.15887e-011
subset 1		1699	1.05829e-011
subset 1		1700	5.9266e-013
subset 1		1701	1.4103e-012
subset 1		1702	0
subset 1		1703	1.56116e-012
subset 1		1704	1.46459e-011
subset 1		1705	3.72498e-012
subset 1		1706	2.98726e-011
subset 1		1707	1.75037e-011
subset 1		1708	8.38236e-012
subset 1		1709	3.32982e-011
subset 1		86	1710	1.79245e-011
subset 1		1711	8.1531e-012
subset 1		1712	8.36856e-012
subset 1		1713	3.47372e-011
subset 1		1714	5.19689e-012
subset 1		1715	2.14941e-011
subset 1		1716	1.55553e-011
subset 1		1717	2.42975e-012
subset 1		1718	1.82679e-011
subset 1		1719	1.51243e-011
subset 1		1720	0
subset 1		1721	1.0377e-011
subset 1		1722	0
subset 1		1723	7.36979e-013
subset 1		1724	2.46196e-011
subset 1		1725	7.06533e-012
subset 1		1726	6.86574e-012
subset 1		1727	1.35451e-011
subset 1		1728	1.37196e-011
subset 1		1729	0
subset 1		87	1730	1.45285e-011
subset 1		1731	2.5678e-012
subset 1		1732	9.51936e-012
subset 1		1733	2.38011e-011
subset 1		1734	0
subset 1		1735	4.47902e-012
subset 1		1736	2.78835e-011
subset 1		1737	1.38022e-011
subset 1		1738	0
subset 1		1739	1.38093e-011
subset 1		1740	3.25026e-012
subset 1		1741	0
subset 1		1742	1.20772e-011
subset 1		1743	1.89976e-011
subset 1		1744	1.39764e-011
subset 1		1745	3.6204e-011
subset 1		1746	1.11573e-011
subset 1		1747	1.6762e-011
subset 1		1748	4.55211e-011
subset 1		1749	3.77922e-011
subset 1		88	1750	2.05241e-011
subset 1		1751	4.09889e-011
subset 1		1752	2.33035e-011
subset 1		1753	1.71404e-011
subset 1		1754	2.32675e-011
subset 1		1755	2.27123e-011
subset 1		1756	0
subset 1		1757	1.21966e-011
subset 1		1758	1.34742e-011
subset 1		1759	0
subset 1		1760	8.90686e-012
subset 1		1761	0
subset 1		1762	0
subset 1		1763	2.12055e-011
subset 1		1764	3.01749e-012
subset 1		1765	1.72563e-013
subset 1		1766	1.77039e-011
subset 1		1767	1.97283e-011
subset 1		1768	1.46173e-012
subset 1		1769	2.10752e-011
subset 1		89	1770	2.34331e-011
subset 1		1771	0
subset 1		1772	1.82391e-011
subset 1		1773	1.4512e-011
subset 1		1774	0
subset 1		1775	1.37093e-011
subset 1		1776	1.63213e-011
subset 1		1777	0
subset 1		1778	1.11307e-011
subset 1		1779	1.57342e-011
subset 1		1780	0
subset 1		1781	6.14147e-013
subset 1		1782	6.90845e-012
subset 1		1783	0
subset 1		1784	3.64599e-011
subset 1		1785	1.55077e-012
subset 1		1786	8.45451e-012
subset 1		1787	1.95633e-011
subset 1		1788	1.68564e-011
subset 1		1789	1.00016e-011
subset 1		90	1790	2.34499e-011
subset 1		1791	8.25752e-012
subset 1		1792	1.35981e-011
subset 1		1793	2.07843e-011
subset 1		1794	1.32034e-011
subset 1		1795	0
subset 1		1796	0
subset 1		1797	6.80702e-012
subset 1		1798	0
subset 1		1799	3.89291e-012
subset 1		1800	0
subset 1		1801	0
subset 1		1802	7.71259e-012
subset 1		1803	1.02079e-011
subset 1		1804	2.77665e-011
subset 1		1805	6.26875e-011
subset 1		1806	5.80764e-011
subset 1		1807	7.10066e-011
subset 1		1808	1.00998e-010
subset 1		1809	8.46303e-011
subset 1		91	1810	8.97266e-011
subset 1		1811	1.03062e-010
subset 1		1812	8.64702e-011
subset 1		1813	6.04982e-011
subset 1		1814	9.05803e-011
subset 1		1815	5.66439e-011
subset 1		1816	4.66348e-011
subset 1		1817	3.29563e-011
subset 1		1818	2.18984e-011
subset 1		1819	0
subset 1		1820	8.52481e-012
subset 1		1821	0
subset 1		1822	0
subset 1		1823	1.43484e-011
subset 1		1824	8.91408e-012
subset 1		1825	0
subset 1		1826	1.96803e-011
subset 1		1827	2.87401e-011
subset 1		1828	2.65303e-011
subset 1		1829	3.03782e-011
subset 1		92	1830	2.96885e-011
subset 1		1831	1.54052e-011
subset 1		1832	3.58244e-011
subset 1		1833	1.42304e-011
subset 1		1834	3.87436e-012
subset 1		1835	3.4256e-012
subset 1		1836	1.85684e-011
subset 1		1837	6.83446e-013
subset 1		1838	4.71013e-012
subset 1		1839	1.69915e-011
subset 1		1840	0
subset 1		1841	2.07024e-011
subset 1		1842	0
subset 1		1843	0
subset 1		1844	2.98478e-011
subset 1		1845	2.09006e-011
subset 1		1846	3.0192e-011
subset 1		1847	4.14592e-011
subset 1		1848	4.52338e-011
subset 1		1849	3.55316e-011
subset 1		93	1850	4.33959e-011
subset 1		1851	5.14337e-011
subset 1		1852	2.63973e-011
subset 1		1853	3.41338e-011
subset 1		1854	4.79892e-011
subset 1		1855	1.05811e-011
subset 1		1856	4.0661e-011
subset 1		1857	1.88736e-011
subset 1		1858	3.81031e-012
subset 1		1859	9.68928e-012
subset 1		1860	2.41929e-012
subset 1		1861	0
subset 1		1862	6.0068e-012
subset 1		1863	7.70078e-012
subset 1		1864	8.86549e-012
subset 1		1865	2.46866e-011
subset 1		1866	2.16155e-011
subset 1		1867	1.77318e-011
subset 1		1868	4.83327e-011
subset 1		1869	3.07292e-011
subset 1		94	1870	3.54836e-011
subset 1		1871	5.04275e-011
subset 1		1872	4.18947e-011
subset 1		1873	2.12227e-011
subset 1		1874	4.82459e-011
subset 1		1875	2.45416e-011
subset 1		1876	2.60627e-012
subset 1		1877	2.19873e-011
subset 1		1878	9.32381e-012
subset 1		1879	1.18429e-011
subset 1		1880	1.74986e-011
subset 1		1881	1.69382e-012
subset 1		1882	0
subset 1		1883	3.18722e-011
subset 1		1884	3.8531e-012
subset 1		1885	3.53157e-011
subset 1		1886	5.34411e-011
subset 1		1887	5.07882e-011
subset 1		1888	5.82306e-011
subset 1		1889	8.2819e-011
subset 1		95	1890	8.37398e-011
subset 1		1891	5.2442e-011
subset 1		1892	7.75756e-011
subset 1		1893	5.56609e-011
subset 1		1894	4.38122e-011
subset 1		1895	7.79264e-011
subset 1		1896	4.95387e-011
subset 1		1897	3.15818e-011
subset 1		1898	2.49243e-011
subset 1		1899	4.60898e-012
subset 1		1900	0
subset 1		1901	1.37033e-011
subset 1		1902	0
subset 1		1903	0
subset 1		1904	1.5083e-011
subset 1		1905	1.00159e-011
subset 1		1906	2.64026e-011
subset 1		1907	5.05405e-011
subset 1		1908	4.78252e-011
subset 1		1909	2.99882e-011
subset 1		96	1910	4.04211e-011
subset 1		1911	3.86671e-011
subset 1		1912	2.98708e-011
subset 1		1913	4.83035e-011
subset 1		1914	4.45533e-011
subset 1		1915	1.46022e-011
subset 1		1916	3.16585e-011
subset 1		1917	2.22833e-011
subset 1		1918	9.49689e-012
subset 1		1919	0
subset 1		1920	2.46419e-011
subset 1		1921	0
subset 1		1922	2.28689e-011
subset 1		1923	7.28351e-012
subset 1		1924	1.62604e-011
subset 1		1925	3.06392e-011
subset 1		1926	4.10107e-011
subset 1		1927	4.96623e-011
subset 1		1928	6.38222e-011
subset 1		1929	4.6568e-011
subset 1		97	1930	6.88213e-011
subset 1		1931	6.38898e-011
subset 1		1932	6.7973e-011
subset 1		1933	4.37315e-011
subset 1		1934	5.17902e-011
subset 1		1935	5.40716e-011
subset 1		1936	3.76678e-011
subset 1		1937	3.12746e-011
subset 1		1938	2.46813e-011
subset 1		1939	0
subset 1		1940	1.74393e-011
subset 1		1941	0
subset 1		1942	7.02417e-012
subset 1		1943	5.38718e-012
subset 1		1944	0
subset 1		1945	9.57463e-012
subset 1		1946	2.48971e-011
subset 1		1947	2.31938e-011
subset 1		1948	1.12512e-011
subset 1		1949	2.28987e-011
subset 1		98	1950	2.64801e-011
subset 1		1951	8.02427e-012
subset 1		1952	2.41579e-011
subset 1		1953	1.46868e-011
subset 1		1954	2.37891e-011
subset 1		1955	2.90404e-011
subset 1		1956	2.0371e-011
subset 1		1957	1.50909e-011
subset 1		1958	2.53951e-011
subset 1		1959	3.66396e-012
subset 1		1960	0
subset 1		1961	3.05368e-011
subset 1		1962	1.03556e-011
subset 1		1963	7.89456e-012
subset 1		1964	1.11109e-011
subset 1		1965	2.07522e-011
subset 1		1966	0
subset 1		1967	3.25165e-011
subset 1		1968	4.30582e-011
subset 1		1969	1.79588e-011
subset 1		99	1970	3.62915e-011
subset 1		1971	3.03807e-011
subset 1		1972	1.69209e-011
subset 1		1973	3.62163e-011
subset 1		1974	2.75357e-011
subset 1		1975	9.86486e-012
subset 1		1976	3.29481e-011
subset 1		1977	2.15779e-011
subset 1		1978	2.03039e-011
subset 1		1979	1.02499e-011
subset 1		1980	2.81152e-012
subset 1		1981	0
subset 1		1982	2.54247e-011
subset 1		1983	1.4361e-011
subset 1		1984	0
subset 1		1985	1.21637e-011
subset 1		1986	1.69333e-011
subset 1		1987	7.64701e-012
subset 1		1988	3.02683e-011
subset 1		1989	1.59813e-011
subset 1		100	1990	5.88709e-012
subset 1		1991	2.59599e-011
subset 1		1992	0
subset 1		1993	1.78463e-011
subset 1		1994	2.09221e-011
subset 1		1995	1.02486e-011
subset 1		1996	1.31784e-011
subset 1		1997	9.27532e-012
subset 1		1998	2.32337e-011
subset 1		1999	0
subset 1		2000	8.11878e-012
subset 1		2001	4.19317e-013
subset 1		2002	2.20509e-012
subset 1		2003	2.05705e-011
subset 1		2004	1.50686e-011
subset 1		2005	0
subset 1		2006	1.93911e-011
subset 1		2007	2.71687e-011
subset 1		2008	0
subset 1		2009	2.95158e-011
subset 1		101	2010	5.75434e-014
subset 1		2011	6.75248e-012
subset 1		2012	1.92437e-011
subset 1		2013	6.66157e-012
subset 1		2014	5.95469e-012
subset 1		2015	1.2723e-011
subset 1		2016	2.14413e-011
subset 1		2017	0
subset 1		2018	2.31241e-012
subset 1		2019	1.58598e-011
subset 1		2020	0
subset 1		2021	1.37569e-011
subset 1		2022	0
subset 1		2023	0
subset 1		2024	4.6824e-012
subset 1		2025	2.10187e-011
subset 1		2026	0
subset 1		2027	3.1639e-011
subset 1		2028	5.82256e-012
subset 1		2029	8.03793e-012
subset 1		102	2030	1.55461e-011
subset 1		2031	1.93025e-011
subset 1		2032	9.34185e-012
subset 1		2033	1.45996e-012
subset 1		2034	9.1378e-012
subset 1		2035	0
subset 1		2036	3.08186e-011
subset 1		2037	0
subset 1		2038	6.94854e-012
subset 1		2039	1.75414e-011
subset 1		2040	0
subset 1		2041	0
subset 1		2042	1.50991e-011
subset 1		2043	5.86704e-012
subset 1		2044	1.70459e-011
subset 1		2045	2.39983e-011
subset 1		2046	1.53491e-011
subset 1		2047	5.62966e-012
subset 1		2048	3.14368e-011
subset 1		2049	3.32586e-011
subset 1		103	2050	9.01817e-012
subset 1		2051	4.48008e-011
subset 1		2052	3.73325e-011
subset 1		2053	8.49689e-012
subset 1		2054	3.83799e-011
subset 1		2055	1.36161e-011
subset 1		2056	9.44781e-012
subset 1		2057	1.54792e-011
subset 1		2058	1.74081e-011
subset 1		2059	0
subset 1		2060	0
subset 1		2061	1.59483e-011
subset 1		2062	0
subset 1		2063	1.13026e-011
subset 1		2064	1.47186e-011
subset 1		2065	5.2402e-012
subset 1		2066	3.92618e-011
subset 1		2067	0
subset 1		2068	3.56754e-012
subset 1		2069	1.44856e-011
subset 1		104	2070	1.77631e-011
subset 1		2071	1.95664e-011
subset 1		2072	1.62414e-011
subset 1		2073	2.826e-011
subset 1		2074	2.6135e-012
subset 1		2075	1.41646e-011
subset 1		2076	8.7569e-012
subset 1		2077	0
subset 1		2078	2.60756e-011
subset 1		2079	2.41599e-012
subset 1		2080	3.43514e-012
subset 1		2081	1.38852e-011
subset 1		2082	1.24768e-011
subset 1		2083	0
subset 1		2084	4.60823e-011
subset 1		2085	3.75739e-011
subset 1		2086	3.58795e-011
subset 1		2087	5.70295e-011
subset 1		2088	6.43465e-011
subset 1		2089	5.2704e-011
subset 1		105	2090	6.34977e-011
subset 1		2091	5.53196e-011
subset 1		2092	4.76027e-011
subset 1		2093	7.19469e-011
subset 1		2094	6.49345e-011
subset 1		2095	5.82672e-011
subset 1		2096	7.12708e-011
subset 1		2097	3.34857e-011
subset 1		2098	2.74551e-012
subset 1		2099	2.7123e-011
subset 1		2100	8.1879e-013
subset 1		2101	0
subset 1		2102	1.02877e-011
subset 1		2103	4.6241e-012
subset 1		2104	2.48208e-012
subset 1		2105	1.07454e-011
subset 1		2106	2.50968e-011
subset 1		2107	2.15059e-012
subset 1		2108	3.39735e-011
subset 1		2109	2.90855e-011
subset 1		106	2110	2.41938e-011
subset 1		2111	4.72675e-011
subset 1		2112	1.40811e-011
subset 1		2113	1.34754e-011
subset 1		2114	3.62849e-011
subset 1		2115	1.84027e-011
subset 1		2116	2.26551e-012
subset 1		2117	2.84066e-011
subset 1		2118	7.66887e-014
subset 1		2119	0
subset 1		2120	6.00261e-012
subset 1		2121	0
subset 1		2122	0
subset 1		2123	0
subset 1		2124	1.57661e-011
subset 1		2125	1.33838e-011
subset 1		2126	2.60916e-011
subset 1		2127	0
subset 1		2128	1.24447e-011
subset 1		2129	3.88315e-011
subset 1		107	2130	1.27537e-011
subset 1		2131	2.3881e-011
subset 1		2132	4.13697e-011
subset 1		2133	2.65419e-011
subset 1		2134	3.10489e-011
subset 1		2135	4.56515e-011
subset 1		2136	3.70837e-011
subset 1		2137	5.98733e-012
subset 1		2138	2.89158e-011
subset 1		2139	2.55494e-012
subset 1		2140	0
subset 1		2141	5.6305e-012
subset 1		2142	0
subset 1		2143	1.08333e-011
subset 1		2144	3.10153e-011
subset 1		2145	1.07456e-011
subset 1		2146	4.10062e-012
subset 1		2147	5.8296e-011
subset 1		2148	2.82843e-011
subset 1		2149	3.53043e-011
subset 1		108	2150	2.69397e-011
subset 1		2151	2.42101e-011
subset 1		2152	1.66734e-011
subset 1		2153	4.40854e-011
subset 1		2154	3.28057e-011
subset 1		2155	3.42745e-011
subset 1		2156	2.6504e-011
subset 1		2157	2.00211e-011
subset 1		2158	0
subset 1		2159	4.90272e-012
subset 1		2160	0
subset 1		2161	0
subset 1		2162	1.80703e-012
subset 1		2163	0
subset 1		2164	0
subset 1		2165	1.81744e-011
subset 1		2166	1.66095e-011
subset 1		2167	1.92121e-011
subset 1		2168	2.56399e-011
subset 1		2169	4.31753e-011
subset 1		109	2170	1.19907e-011
subset 1		2171	3.90377e-011
subset 1		2172	2.93032e-011
subset 1		2173	3.32161e-011
subset 1		2174	5.49257e-011
subset 1		2175	1.85638e-011
subset 1		2176	2.7968e-011
subset 1		2177	2.5534e-011
subset 1		2178	3.9923e-011
subset 1		2179	0
subset 1		2180	1.097e-011
subset 1		2181	0
subset 1		2182	1.08784e-011
subset 1		2183	1.3721e-012
subset 1		2184	0
subset 1		2185	0
subset 1		2186	2.04167e-011
subset 1		2187	1.45925e-011
subset 1		2188	1.21738e-011
subset 1		2189	3.16521e-011
subset 1		110	2190	2.53113e-011
subset 1		2191	2.36129e-011
subset 1		2192	3.05832e-011
subset 1		2193	2.93541e-011
subset 1		2194	1.03101e-011
subset 1		2195	2.61653e-011
subset 1		2196	2.09637e-011
subset 1		2197	1.79019e-011
subset 1		2198	2.75832e-011
subset 1		2199	0
subset 1		2200	0
subset 1		2201	4.32724e-012
subset 1		2202	0
subset 1		2203	0
subset 1		2204	1.47833e-011
subset 1		2205	2.96796e-011
subset 1		2206	1.39971e-011
subset 1		2207	2.51749e-011
subset 1		2208	3.71501e-011
subset 1		2209	1.22458e-011
subset 1		111	2210	3.78936e-011
subset 1		2211	4.67959e-011
subset 1		2212	1.94079e-011
subset 1		2213	4.95791e-011
subset 1		2214	4.29715e-011
subset 1		2215	2.2561e-011
subset 1		2216	5.01084e-011
subset 1		2217	3.05987e-011
subset 1		2218	1.50548e-011
subset 1		2219	6.97153e-012
subset 1		2220	0
subset 1		2221	8.18123e-012
subset 1		2222	0
subset 1		2223	0
subset 1		2224	0
subset 1		2225	1.88081e-011
subset 1		2226	5.77864e-012
subset 1		2227	0
subset 1		2228	3.80892e-011
subset 1		2229	2.40094e-011
subset 1		112	2230	1.17653e-011
subset 1		2231	4.69452e-011
subset 1		2232	1.90223e-011
subset 1		2233	1.59014e-011
subset 1		2234	2.34244e-011
subset 1		2235	1.26331e-011
subset 1		2236	2.27793e-011
subset 1		2237	2.68748e-011
subset 1		2238	1.77161e-011
subset 1		2239	0
subset 1		2240	2.67128e-011
subset 1		2241	6.67589e-013
subset 1		2242	0
subset 1		2243	9.13955e-012
subset 1		2244	1.81567e-011
subset 1		2245	9.47984e-012
subset 1		2246	2.5489e-011
subset 1		2247	1.949e-012
subset 1		2248	1.08583e-011
subset 1		2249	5.63113e-012
subset 1		113	2250	1.14291e-011
subset 1		2251	2.82312e-011
subset 1		2252	3.55157e-011
subset 1		2253	2.24514e-011
subset 1		2254	2.61106e-011
subset 1		2255	3.3915e-011
subset 1		2256	2.73402e-011
subset 1		2257	4.032e-012
subset 1		2258	3.00549e-011
subset 1		2259	1.09361e-011
subset 1		2260	0
subset 1		2261	1.4339e-012
subset 1		2262	5.70377e-012
subset 1		2263	0
subset 1		2264	1.33007e-011
subset 1		2265	0
subset 1		2266	0
subset 1		2267	2.72264e-011
subset 1		2268	0
subset 1		2269	1.75883e-012
subset 1		114	2270	1.95273e-011
subset 1		2271	3.07552e-012
subset 1		2272	1.48683e-012
subset 1		2273	2.8169e-011
subset 1		2274	1.23093e-012
subset 1		2275	1.9691e-011
subset 1		2276	2.38591e-011
subset 1		2277	0
subset 1		2278	0
subset 1		2279	6.04816e-012
subset 1		2280	1.06061e-012
subset 1		2281	8.17012e-012
subset 1		2282	1.87338e-011
subset 1		2283	5.77892e-012
subset 1		2284	7.6055e-012
subset 1		2285	3.25383e-011
subset 1		2286	2.72464e-011
subset 1		2287	2.41378e-012
subset 1		2288	3.04355e-011
subset 1		2289	1.65185e-011
subset 1		115	2290	2.63718e-011
subset 1		2291	2.77509e-011
subset 1		2292	2.51963e-011
subset 1		2293	1.41468e-011
subset 1		2294	3.29729e-011
subset 1		2295	3.20613e-011
subset 1		2296	3.63473e-011
subset 1		2297	2.15191e-011
subset 1		2298	1.22462e-011
subset 1		2299	0
subset 1		2300	9.84108e-012
subset 1		2301	2.3063e-012
subset 1		2302	0
subset 1		2303	1.575e-011
subset 1		2304	1.68274e-011
subset 1		2305	1.54998e-012
subset 1		2306	2.14134e-011
subset 1		2307	1.19853e-011
subset 1		2308	9.16279e-013
subset 1		2309	2.43896e-011
subset 1		116	2310	7.2587e-012
subset 1		2311	0
subset 1		2312	2.69104e-011
subset 1		2313	1.2001e-011
subset 1		2314	1.20598e-012
subset 1		2315	8.85995e-012
subset 1		2316	1.18712e-011
subset 1		2317	1.56449e-012
subset 1		2318	2.10309e-011
subset 1		2319	0
subset 1		2320	0
subset 1		2321	0
subset 1		2322	0
subset 1		2323	0
subset 1		2324	7.69766e-012
subset 1		2325	0
subset 1		2326	4.69201e-012
subset 1		2327	2.54785e-011
subset 1		2328	7.80442e-012
subset 1		2329	0
subset 1		117	2330	2.40666e-011
subset 1		2331	2.19448e-011
subset 1		2332	1.55467e-011
subset 1		2333	7.98336e-012
subset 1		2334	2.05019e-011
subset 1		2335	9.71059e-012
subset 1		2336	2.53324e-011
subset 1		2337	1.40216e-011
subset 1		2338	2.04698e-011
subset 1		2339	0
subset 1		2340	2.38609e-013
subset 1		2341	0
subset 1		2342	2.20424e-011
subset 1		2343	0
subset 1		2344	0
subset 1		2345	7.12885e-012
subset 1		2346	7.49113e-012
subset 1		2347	0
subset 1		2348	2.65491e-011
subset 1		2349	2.56142e-012
subset 1		118	2350	2.75805e-012
subset 1		2351	1.80514e-011
subset 1		2352	1.3167e-011
subset 1		2353	8.83954e-012
subset 1		2354	2.58471e-011
subset 1		2355	1.61967e-011
subset 1		2356	1.12162e-012
subset 1		2357	1.91021e-011
subset 1		2358	1.30842e-011
subset 1		2359	0
subset 1		2360	1.43241e-011
subset 1		2361	0
subset 1		2362	0
subset 1		2363	1.14016e-011
subset 1		2364	0
subset 1		2365	2.07945e-012
subset 1		2366	1.86099e-011
subset 1		2367	3.68303e-011
subset 1		2368	1.88824e-011
subset 1		2369	3.19223e-011
subset 1		119	2370	2.56319e-011
subset 1		2371	1.81338e-011
subset 1		2372	2.6609e-011
subset 1		2373	2.84683e-011
subset 1		2374	0
subset 1		2375	3.49567e-011
subset 1		2376	1.68926e-011
subset 1		2377	0
subset 1		2378	2.32528e-011
subset 1		2379	2.07602e-011
subset 1		2380	8.22729e-012
subset 1		2381	1.68605e-011
subset 1		2382	0
subset 1		2383	0
subset 1		2384	1.42987e-011
subset 1		2385	3.12992e-011
subset 1		2386	8.49215e-013
subset 1		2387	2.95116e-011
subset 1		2388	1.94012e-011
subset 1		2389	5.76395e-012
subset 1		120	2390	1.50987e-011
subset 1		2391	1.94908e-011
subset 1		2392	4.04479e-012
subset 1		2393	2.88729e-011
subset 1		2394	2.83395e-011
subset 1		2395	1.11218e-011
subset 1		2396	1.85182e-011
subset 1		2397	1.82821e-011
subset 1		2398	7.25057e-012
subset 1		2399	1.97383e-011
subset 1		2400	1.51368e-012
subset 1		2401	0
subset 1		2402	5.83483e-012
subset 1		2403	1.72992e-011
subset 1		2404	1.24829e-011
subset 1		2405	1.60344e-011
subset 1		2406	1.76929e-011
subset 1		2407	1.74798e-011
subset 1		2408	4.03802e-011
subset 1		2409	2.57406e-011
subset 1		121	2410	9.72673e-012
subset 1		2411	2.05546e-011
subset 1		2412	2.37312e-011
subset 1		2413	1.11205e-011
subset 1		2414	1.22974e-011
subset 1		2415	1.8797e-011
subset 1		2416	9.5403e-012
subset 1		2417	1.84532e-011
subset 1		2418	7.65595e-012
subset 1		2419	0
subset 1		2420	1.43041e-011
subset 1		2421	1.65979e-011
subset 1		2422	0
subset 1		2423	4.98953e-011
subset 1		2424	0
subset 1		2425	6.38263e-012
subset 1		2426	7.26609e-012
subset 1		2427	6.43779e-012
subset 1		2428	6.21054e-012
subset 1		2429	2.54656e-011
subset 1		122	2430	5.97247e-012
subset 1		2431	7.6918e-012
subset 1		2432	1.23264e-011
subset 1		2433	2.33052e-011
subset 1		2434	1.88472e-011
subset 1		2435	1.58785e-011
subset 1		2436	1.24115e-011
subset 1		2437	0
subset 1		2438	2.04981e-011
subset 1		2439	2.21225e-012
subset 1		2440	0
subset 1		2441	1.46347e-011
subset 1		2442	9.43969e-012
subset 1		2443	1.27617e-011
subset 1		2444	1.39001e-011
subset 1		2445	0
subset 1		2446	0
subset 1		2447	3.28486e-011
subset 1		2448	3.33112e-011
subset 1		2449	1.86824e-011
subset 1		123	2450	3.34092e-011
subset 1		2451	1.25705e-011
subset 1		2452	2.46576e-011
subset 1		2453	4.82818e-011
subset 1		2454	2.58901e-011
subset 1		2455	2.87496e-011
subset 1		2456	4.34263e-011
subset 1		2457	3.12133e-011
subset 1		2458	2.39826e-011
subset 1		2459	4.24557e-011
subset 1		2460	3.13279e-011
subset 1		2461	8.61118e-011
subset 1		2462	2.05868e-010
subset 1		2463	2.37393e-010
subset 1		2464	2.51569e-010
subset 1		2465	3.15524e-010
subset 1		2466	3.46263e-010
subset 1		2467	3.41917e-010
subset 1		2468	3.1468e-010
subset 1		2469	3.57686e-010
subset 1		124	2470	3.70094e-010
subset 1		2471	3.00223e-010
subset 1		2472	3.57285e-010
subset 1		2473	2.33175e-010
subset 1		2474	2.62912e-010
subset 1		2475	1.59161e-010
subset 1		2476	7.9351e-011
subset 1		2477	7.21415e-011
subset 1		2478	3.82521e-011
subset 1		2479	1.05852e-011
subset 1		2480	2.33036e-011
subset 1		2481	2.24637e-011
subset 1		2482	1.61047e-011
subset 1		2483	1.91381e-011
subset 1		2484	2.55575e-011
subset 1		2485	1.87614e-012
subset 1		2486	3.22551e-011
subset 1		2487	1.11418e-011
subset 1		2488	1.17172e-011
subset 1		2489	4.53631e-011
subset 1		125	2490	5.48618e-011
subset 1		2491	1.27009e-011
subset 1		2492	4.62848e-011
subset 1		2493	3.57583e-011
subset 1		2494	2.45324e-011
subset 1		2495	3.67167e-011
subset 1		2496	2.75734e-011
subset 1		2497	2.94097e-011
subset 1		2498	4.70416e-011
subset 1		2499	2.75064e-011
subset 1		2500	3.23764e-011
subset 1		2501	1.28775e-010
subset 1		2502	2.03739e-010
subset 1		2503	2.31728e-010
subset 1		2504	2.72316e-010
subset 1		2505	2.86858e-010
subset 1		2506	3.35991e-010
subset 1		2507	3.64554e-010
subset 1		2508	2.90518e-010
subset 1		2509	3.55855e-010
subset 1		126	2510	3.70724e-010
subset 1		2511	2.7246e-010
subset 1		2512	3.53138e-010
subset 1		2513	2.67442e-010
subset 1		2514	2.61905e-010
subset 1		2515	1.77323e-010
subset 1		2516	8.66525e-011
subset 1		2517	6.70087e-011
subset 1		2518	4.72736e-011
subset 1		2519	5.18797e-011
subset 1		2520	1.77229e-011
subset 1		2521	3.25343e-011
subset 1		2522	4.36922e-011
subset 1		2523	3.80922e-011
subset 1		2524	1.12087e-011
subset 1		2525	2.96118e-011
subset 1		2526	3.08408e-011
subset 1		2527	2.39062e-011
subset 1		2528	5.06507e-011
subset 1		2529	2.30764e-011
subset 1		127	2530	2.12906e-011
subset 1		2531	5.67931e-011
subset 1		2532	4.56732e-011
subset 1		2533	3.75775e-011
subset 1		2534	7.20011e-011
subset 1		2535	5.88844e-011
subset 1		2536	5.33481e-011
subset 1		2537	7.74577e-011
subset 1		2538	7.58131e-011
subset 1		2539	1.51924e-010
subset 1		2540	4.24948e-010
subset 1		2541	1.98951e-009
subset 1		2542	3.84466e-009
subset 1		2543	4.5568e-009
subset 1		2544	5.08159e-009
subset 1		2545	5.64331e-009
subset 1		2546	6.80626e-009
subset 1		2547	6.92544e-009
subset 1		2548	5.96065e-009
subset 1		2549	6.91009e-009
subset 1		128	2550	7.0393e-009
subset 1		2551	5.59862e-009
subset 1		2552	7.31701e-009
subset 1		2553	5.18849e-009
subset 1		2554	5.49709e-009
subset 1		2555	3.54766e-009
subset 1		2556	1.66904e-009
subset 1		2557	1.44021e-009
subset 1		2558	1.38628e-009
subset 1		2559	1.77378e-009
subset 1		2560	5.0557e-009
subset 1		2561	1.77295e-008
subset 1		2562	4.56031e-008
subset 1		2563	6.19023e-008
subset 1		2564	6.86682e-008
subset 1		2565	7.54099e-008
subset 1		2566	9.24612e-008
subset 1		2567	9.50854e-008
subset 1		2568	8.14935e-008
subset 1		2569	9.35727e-008
subset 1		129	2570	9.9058e-008
subset 1		2571	7.68319e-008
subset 1		2572	9.86821e-008
subset 1		2573	6.90694e-008
subset 1		2574	7.22765e-008
subset 1		2575	5.10387e-008
subset 1		2576	1.85031e-008
subset 1		2577	1.2748e-008
subset 1		2578	7.85274e-009
subset 1		2579	2.51809e-009
subset 1		2580	6.26983e-010
subset 1		2581	3.1948e-009
subset 1		2582	7.39038e-009
subset 1		2583	9.87608e-009
subset 1		2584	1.0816e-008
subset 1		2585	1.19253e-008
subset 1		2586	1.43087e-008
subset 1		2587	1.49638e-008
subset 1		2588	1.26893e-008
subset 1		2589	1.43251e-008
subset 1		130	2590	1.54239e-008
subset 1		2591	1.19459e-008
subset 1		2592	1.53949e-008
subset 1		2593	1.08975e-008
subset 1		2594	1.12541e-008
subset 1		2595	7.7222e-009
subset 1		2596	3.08862e-009
subset 1		2597	2.43525e-009
subset 1		2598	1.90137e-009
subset 1		2599	1.49951e-009
subset 1		2600	3.20227e-009
subset 1		2601	1.61858e-008
subset 1		2602	3.80157e-008
subset 1		2603	5.10435e-008
subset 1		2604	5.64516e-008
subset 1		2605	6.1655e-008
subset 1		2606	7.35862e-008
subset 1		2607	7.79932e-008
subset 1		2608	6.64046e-008
subset 1		2609	7.12901e-008
subset 1		131	2610	8.06938e-008
subset 1		2611	6.18967e-008
subset 1		2612	7.93774e-008
subset 1		2613	5.66993e-008
subset 1		2614	5.84306e-008
subset 1		2615	4.2107e-008
subset 1		2616	1.50744e-008
subset 1		2617	1.13367e-008
subset 1		2618	7.89117e-009
subset 1		2619	4.03508e-009
subset 1		2620	3.60948e-009
subset 1		2621	2.28102e-008
subset 1		2622	4.91897e-008
subset 1		2623	6.5212e-008
subset 1		2624	7.16087e-008
subset 1		2625	7.85094e-008
subset 1		2626	9.04997e-008
subset 1		2627	9.84263e-008
subset 1		2628	8.37214e-008
subset 1		2629	9.17407e-008
subset 1		132	2630	1.03648e-007
subset 1		2631	7.9006e-008
subset 1		2632	1.01671e-007
subset 1		2633	6.97149e-008
subset 1		2634	7.31472e-008
subset 1		2635	5.17361e-008
subset 1		2636	1.99659e-008
subset 1		2637	1.37335e-008
subset 1		2638	9.02498e-009
subset 1		2639	3.51043e-009
subset 1		2640	3.02381e-011
subset 1		2641	3.3088e-012
subset 1		2642	1.55118e-011
subset 1		2643	0
subset 1		2644	0
subset 1		2645	2.02866e-011
subset 1		2646	1.23883e-011
subset 1		2647	3.1387e-012
subset 1		2648	3.46837e-011
subset 1		2649	1.70934e-011
subset 1		133	2650	3.5237e-012
subset 1		2651	5.22303e-011
subset 1		2652	3.83798e-011
subset 1		2653	5.37005e-011
subset 1		2654	9.19508e-011
subset 1		2655	1.09871e-010
subset 1		2656	1.4553e-010
subset 1		2657	2.02926e-010
subset 1		2658	2.8868e-010
subset 1		2659	5.5608e-010
subset 1		2660	1.7311e-009
subset 1		2661	8.59267e-009
subset 1		2662	1.89565e-008
subset 1		2663	2.36113e-008
subset 1		2664	2.68776e-008
subset 1		2665	2.99377e-008
subset 1		2666	3.55417e-008
subset 1		2667	3.85665e-008
subset 1		2668	3.27807e-008
subset 1		2669	3.56181e-008
subset 1		134	2670	3.98452e-008
subset 1		2671	3.05522e-008
subset 1		2672	3.88025e-008
subset 1		2673	2.94764e-008
subset 1		2674	2.80515e-008
subset 1		2675	2.28349e-008
subset 1		2676	7.58915e-009
subset 1		2677	5.36645e-009
subset 1		2678	3.65888e-009
subset 1		2679	1.48932e-009
subset 1		2680	2.23522e-011
subset 1		2681	1.14396e-011
subset 1		2682	1.43231e-011
subset 1		2683	2.03183e-012
subset 1		2684	1.12223e-011
subset 1		2685	1.87216e-011
subset 1		2686	2.37822e-011
subset 1		2687	3.77417e-011
subset 1		2688	4.32873e-011
subset 1		2689	3.64149e-011
subset 1		135	2690	5.36291e-011
subset 1		2691	6.28326e-011
subset 1		2692	3.81979e-011
subset 1		2693	7.12235e-011
subset 1		2694	8.17866e-011
subset 1		2695	1.04675e-010
subset 1		2696	1.35626e-010
subset 1		2697	1.73008e-010
subset 1		2698	2.62381e-010
subset 1		2699	5.04931e-010
subset 1		2700	1.00664e-009
subset 1		2701	4.89469e-009
subset 1		2702	1.40277e-008
subset 1		2703	2.03281e-008
subset 1		2704	2.30592e-008
subset 1		2705	2.49981e-008
subset 1		2706	2.94174e-008
subset 1		2707	3.29642e-008
subset 1		2708	2.80874e-008
subset 1		2709	3.00681e-008
subset 1		136	2710	3.4701e-008
subset 1		2711	2.64616e-008
subset 1		2712	3.02057e-008
subset 1		2713	2.5735e-008
subset 1		2714	2.36334e-008
subset 1		2715	1.91959e-008
subset 1		2716	6.88041e-009
subset 1		2717	4.77062e-009
subset 1		2718	3.30742e-009
subset 1		2719	1.69782e-009
subset 1		2720	8.7743e-011
subset 1		2721	4.19737e-012
subset 1		2722	0
subset 1		2723	1.32442e-011
subset 1		2724	0
subset 1		2725	0
subset 1		2726	1.56874e-011
subset 1		2727	3.3261e-012
subset 1		2728	0
subset 1		2729	1.05371e-011
subset 1		137	2730	2.07024e-011
subset 1		2731	0
subset 1		2732	2.54929e-011
subset 1		2733	4.80126e-012
subset 1		2734	2.58923e-012
subset 1		2735	3.47717e-011
subset 1		2736	1.40799e-011
subset 1		2737	1.56614e-011
subset 1		2738	1.96868e-011
subset 1		2739	2.88711e-011
subset 1		2740	0
subset 1		2741	1.50799e-011
subset 1		2742	6.83761e-012
subset 1		2743	0
subset 1		2744	1.1242e-013
subset 1		2745	7.66207e-012
subset 1		2746	0
subset 1		2747	2.49736e-011
subset 1		2748	2.24014e-011
subset 1		2749	0
subset 1		138	2750	5.8633e-012
subset 1		2751	1.47936e-011
subset 1		2752	0
subset 1		2753	3.39351e-012
subset 1		2754	1.76936e-011
subset 1		2755	0
subset 1		2756	1.94077e-011
subset 1		2757	1.99893e-011
subset 1		2758	4.24733e-012
subset 1		2759	6.65133e-012
subset 1		2760	0
subset 1		2761	0
subset 1		2762	5.58008e-012
subset 1		2763	9.49015e-015
subset 1		2764	0
subset 1		2765	2.1073e-011
subset 1		2766	5.21496e-012
subset 1		2767	0
subset 1		2768	2.35226e-011
subset 1		2769	8.5947e-012
subset 1		139	2770	0
subset 1		2771	2.78357e-011
subset 1		2772	9.21517e-012
subset 1		2773	0
subset 1		2774	1.77135e-011
subset 1		2775	1.58607e-011
subset 1		2776	6.71011e-012
subset 1		2777	0
subset 1		2778	1.09217e-011
subset 1		2779	0
subset 1		2780	7.14484e-012
subset 1		2781	0
subset 1		2782	2.88463e-012
subset 1		2783	7.08502e-012
subset 1		2784	5.04331e-012
subset 1		2785	0
subset 1		2786	0
subset 1		2787	1.25695e-011
subset 1		2788	0
subset 1		2789	1.82312e-011
subset 1		140	2790	1.11138e-011
subset 1		2791	5.16295e-013
subset 1		2792	1.48956e-011
subset 1		2793	0
subset 1		2794	2.72788e-012
subset 1		2795	1.60844e-011
subset 1		2796	1.37487e-011
subset 1		2797	2.16318e-013
subset 1		2798	1.56637e-011
subset 1		2799	5.2367e-012
subset 1		2800	0
subset 1		2801	7.96062e-012
subset 1		2802	3.42722e-013
subset 1		2803	0
subset 1		2804	1.21525e-011
subset 1		2805	6.9629e-012
subset 1		2806	1.77523e-011
subset 1		2807	1.3709e-011
subset 1		2808	4.61558e-012
subset 1		2809	4.78717e-012
subset 1		141	2810	3.87435e-011
subset 1		2811	1.05911e-011
subset 1		2812	1.53136e-011
subset 1		2813	2.77602e-011
subset 1		2814	2.41196e-011
subset 1		2815	2.01423e-011
subset 1		2816	1.88721e-011
subset 1		2817	6.6088e-012
subset 1		2818	1.30541e-011
subset 1		2819	1.64266e-011
subset 1		2820	8.9501e-012
subset 1		2821	0
subset 1		2822	4.13421e-012
subset 1		2823	4.44933e-012
subset 1		2824	0
subset 1		2825	1.4351e-011
subset 1		2826	0
subset 1		2827	0
subset 1		2828	8.90542e-012
subset 1		2829	0
subset 1		142	2830	4.32041e-012
subset 1		2831	2.12408e-011
subset 1		2832	0
subset 1		2833	0
subset 1		2834	1.95392e-011
subset 1		2835	9.47185e-012
subset 1		2836	1.0175e-011
subset 1		2837	3.08887e-011
subset 1		2838	5.33676e-012
subset 1		2839	0
subset 1		2840	5.94205e-012
subset 1		2841	2.45995e-012
subset 1		2842	1.17994e-011
subset 1		2843	5.69348e-012
subset 1		2844	0
subset 1		2845	5.10374e-012
subset 1		2846	1.18012e-011
subset 1		2847	1.53182e-011
subset 1		2848	4.43172e-012
subset 1		2849	0
subset 1		143	2850	2.67911e-011
subset 1		2851	1.43905e-011
subset 1		2852	8.9376e-012
subset 1		2853	6.88446e-012
subset 1		2854	1.2608e-011
subset 1		2855	1.34048e-011
subset 1		2856	1.7835e-011
subset 1		2857	0
subset 1		2858	1.84343e-011
subset 1		2859	1.63696e-011
subset 1		2860	0
subset 1		2861	2.06934e-011
subset 1		2862	4.43223e-013
subset 1		2863	0
subset 1		2864	0
subset 1		2865	0
subset 1		2866	9.53071e-013
subset 1		2867	2.64882e-012
subset 1		2868	1.83644e-012
subset 1		2869	0
subset 1		144	2870	1.06935e-011
subset 1		2871	5.49475e-012
subset 1		2872	0
subset 1		2873	1.43729e-011
subset 1		2874	6.24961e-012
subset 1		2875	0
subset 1		2876	1.75004e-011
subset 1		2877	0
subset 1		2878	2.13338e-012
subset 1		2879	1.84701e-011
subset 1		2880	0
subset 1		2881	0
subset 1		2882	1.19855e-011
subset 1		2883	0
subset 1		2884	0
subset 1		2885	0
subset 1		2886	1.15359e-011
subset 1		2887	0
subset 1		2888	3.16201e-012
subset 1		2889	1.38235e-011
subset 1		145	2890	0
subset 1		2891	3.68051e-011
subset 1		2892	1.83977e-011
subset 1		2893	1.20338e-011
subset 1		2894	1.10468e-011
subset 1		2895	2.65585e-011
subset 1		2896	8.6642e-012
subset 1		2897	1.84314e-011
subset 1		2898	1.27671e-011
subset 1		2899	0
subset 1		2900	1.33711e-011
subset 1		2901	0
subset 1		2902	1.32875e-011
subset 1		2903	1.49907e-011
subset 1		2904	1.43779e-011
subset 1		2905	0
subset 1		2906	1.73782e-011
subset 1		2907	0
subset 1		2908	2.98604e-012
subset 1		2909	0
subset 1		146	2910	1.61761e-012
subset 1		2911	0
subset 1		2912	1.48422e-011
subset 1		2913	1.74052e-012
subset 1		2914	7.45434e-012
subset 1		2915	9.41813e-012
subset 1		2916	0
subset 1		2917	0
subset 1		2918	0
subset 1		2919	1.96903e-011
subset 1		2920	0
subset 1		2921	1.64222e-011
subset 1		2922	1.36883e-012
subset 1		2923	0
subset 1		2924	4.98985e-012
subset 1		2925	1.58426e-012
subset 1		2926	0
subset 1		2927	0
subset 1		2928	8.20371e-012
subset 1		2929	0
subset 1		147	2930	1.99889e-011
subset 1		2931	0
subset 1		2932	0
subset 1		2933	1.63862e-011
subset 1		2934	1.43975e-011
subset 1		2935	0
subset 1		2936	2.24889e-011
subset 1		2937	4.28187e-012
subset 1		2938	0
subset 1		2939	1.74168e-012
subset 1		2940	1.80317e-012
subset 1		2941	0
subset 1		2942	9.24794e-012
subset 1		2943	0
subset 1		2944	0
subset 1		2945	1.30718e-011
subset 1		2946	0
subset 1		2947	0
subset 1		2948	5.33872e-012
subset 1		2949	0
subset 1		148	2950	0
subset 1		2951	2.62804e-011
subset 1		2952	1.00906e-012
subset 1		2953	0
subset 1		2954	1.53008e-011
subset 1		2955	5.54768e-012
subset 1		2956	0
subset 1		2957	1.91811e-011
subset 1		2958	7.63314e-012
subset 1		2959	2.09719e-013
subset 1		2960	9.82331e-012
subset 1		2961	0
subset 1		2962	0
subset 1		2963	0
subset 1		2964	5.23702e-012
subset 1		2965	0
subset 1		2966	1.00662e-011
subset 1		2967	1.52326e-011
subset 1		2968	0
subset 1		2969	1.39039e-011
subset 1		149	2970	0
subset 1		2971	7.55913e-012
subset 1		2972	1.83042e-011
subset 1		2973	0
subset 1		2974	0
subset 1		2975	2.58212e-011
subset 1		2976	1.35793e-011
subset 1		2977	0
subset 1		2978	1.19125e-011
subset 1		2979	6.39575e-012
subset 1		2980	0
subset 1		2981	1.98269e-011
subset 1		2982	1.16257e-011
subset 1		2983	0
subset 1		2984	1.43158e-011
subset 1		2985	0
subset 1		2986	0
subset 1		2987	1.0009e-011
subset 1		2988	9.98633e-012
subset 1		2989	0
subset 1		150	2990	6.71046e-012
subset 1		2991	3.89548e-011
subset 1		2992	0
subset 1		2993	1.84344e-011
subset 1		2994	1.00124e-011
subset 1		2995	0
subset 1		2996	2.50769e-011
subset 1		2997	0
subset 1		2998	1.24279e-011
subset 1		2999	2.12463e-011
subset 1		3000	1.10373e-011
